0.00000000e+00 1.99639554e+07 1.94015383e+07 1.96658827e+07 1.85829610e+07 1.78037083e+07 1.83059510e+07 1.75956257e+07 1.81601266e+07 1.94207172e+07 1.81688978e+07 1.85364286e+07 2.01245401e+07 2.84494769e+07 2.69382713e+07 1.78742221e+07 2.62443728e+07 2.05751958e+07 1.87927605e+07 3.03917719e+07 3.40061473e+07 3.55641280e+07 2.99194019e+07 2.67375753e+07 2.88432321e+07 2.95410671e+07 3.01729820e+07 2.90229987e+07 3.45610834e+07
1.99639554e+07 0.00000000e+00 5.89236676e+06 9.70134690e+06 7.01616870e+06 5.45328364e+06 7.53530842e+06 5.52849677e+06 4.01438751e+06 1.82182214e+06 5.59395893e+06 6.50554728e+06 3.12360366e+06 1.60613946e+07 1.94694600e+07 7.23064817e+06 1.85639764e+07 3.56534500e+06 6.85552203e+06 2.16080105e+07 2.45642939e+07 2.60461049e+07 2.30329971e+07 1.97637559e+07 1.90559787e+07 2.09455512e+07 2.12061321e+07 2.08941403e+07 2.49990624e+07
1.94015383e+07 5.89236676e+06 0.00000000e+00 7.69932150e+06 6.22346454e+06 4.32324190e+06 6.74471884e+06 4.27085090e+06 4.65924722e+06 5.10249197e+06 4.79674318e+06 5.17128069e+06 5.84752869e+06 1.79315552e+07 1.71868266e+07 6.26986761e+06 1.63632103e+07 6.56084969e+06 5.51639314e+06 2.20988918e+07 2.50045324e+07 2.60761624e+07 2.24143788e+07 1.93135644e+07 2.02283474e+07 2.14273109e+07 2.23784968e+07 2.08729466e+07 2.54429386e+07
1.96658827e+07 9.70134690e+06 7.69932150e+06 0.00000000e+00 5.77062341e+06 5.93282065e+06 4.63572942e+06 5.40726995e+06 6.61246453e+06 9.34348377e+06 5.96422540e+06 6.84448043e+06 1.02069110e+07 1.39670390e+07 1.11075836e+07 4.35236102e+06 9.42155732e+06 1.04107510e+07 7.26743203e+06 2.15496890e+07 2.41461619e+07 2.57764442e+07 2.11296844e+07 1.93811512e+07 2.23958766e+07 2.09594502e+07 2.34548528e+07 2.16006716e+07 2.45943163e+07
1.85829610e+07 7.01616870e+06 6.22346454e+06 5.77062341e+06 0.00000000e+00 3.36330002e+06 3.41897821e+06 2.92073829e+06 4.22033332e+06 6.85709121e+06 3.20585659e+06 4.12542715e+06 7.59042319e+06 1.85255144e+07 1.56743850e+07 3.04821835e+06 1.45379277e+07 7.70555776e+06 4.56131345e+06 2.15616019e+07 2.47365896e+07 2.61522580e+07 2.17940861e+07 1.92247735e+07 2.08581326e+07 2.13581078e+07 2.24709419e+07 2.11448526e+07 2.52007078e+07
1.78037083e+07 5.45328364e+06 4.32324190e+06 5.93282065e+06 3.36330002e+06 0.00000000e+00 3.67497730e+06 1.35706604e+06 2.39408031e+06 3.96359912e+06 1.88373729e+06 2.22066868e+06 5.50784104e+06 1.86804684e+07 1.54813573e+07 3.54905833e+06 1.47729380e+07 6.23299516e+06 2.77362075e+06 2.04497603e+07 2.33239715e+07 2.50035220e+07 2.09058987e+07 1.87441233e+07 1.94361524e+07 2.02294419e+07 2.16031846e+07 1.97151200e+07 2.37882702e+07
1.83059510e+07 7.53530842e+06 6.74471884e+06 4.63572942e+06 3.41897821e+06 3.67497730e+06 0.00000000e+00 3.22909121e+06 4.53472889e+06 7.17839371e+06 3.78694125e+06 4.63829351e+06 8.05491528e+06 1.75213854e+07 1.47136464e+07 2.16514333e+06 1.34324361e+07 8.15746271e+06 5.08960951e+06 2.16220329e+07 2.46608487e+07 2.63545976e+07 2.12768388e+07 1.89464502e+07 2.10457527e+07 2.08022622e+07 2.21119637e+07 2.11281119e+07 2.51279724e+07
1.75956257e+07 5.52849677e+06 4.27085090e+06 5.40726995e+06 2.92073829e+06 1.35706604e+06 3.22909121e+06 0.00000000e+00 2.32101925e+06 4.52643364e+06 7.03136618e+05 2.36475249e+06 5.48679989e+06 1.82787322e+07 1.50857227e+07 2.90520071e+06 1.42540430e+07 6.07081301e+06 2.61149324e+06 2.01506446e+07 2.33255118e+07 2.45835336e+07 2.05981594e+07 1.83232667e+07 1.93254098e+07 2.02433375e+07 2.14313305e+07 1.96786628e+07 2.37702534e+07
1.81601266e+07 4.01438751e+06 4.65924722e+06 6.61246453e+06 4.22033332e+06 2.39408031e+06 4.53472889e+06 2.32101925e+06 0.00000000e+00 2.99062001e+06 2.84538495e+06 3.92295792e+06 4.66402188e+06 1.71763345e+07 1.64875861e+07 4.22679669e+06 1.54428789e+07 5.08326949e+06 4.26900173e+06 2.01333787e+07 2.33539020e+07 2.52087201e+07 2.14464367e+07 1.89414969e+07 1.91306130e+07 2.10761331e+07 2.12997430e+07 1.97104551e+07 2.37840550e+07
1.94207172e+07 1.82182214e+06 5.10249197e+06 9.34348377e+06 6.85709121e+06 3.96359912e+06 7.17839371e+06 4.52643364e+06 2.99062001e+06 0.00000000e+00 5.04680412e+06 5.52292968e+06 2.18222867e+06 1.57473319e+07 1.86220274e+07 6.89599220e+06 1.81839915e+07 3.11091325e+06 5.86468429e+06 2.10051175e+07 2.39454158e+07 2.54699246e+07 2.24663828e+07 1.92091946e+07 1.84383077e+07 2.03976360e+07 2.06563197e+07 2.02700464e+07 2.43889311e+07
1.81688978e+07 5.59395893e+06 4.79674318e+06 5.96422540e+06 3.20585659e+06 1.88373729e+06 3.78694125e+06 7.03136618e+05 2.84538495e+06 5.04680412e+06 0.00000000e+00 2.89984680e+06 6.01285496e+06 1.88332893e+07 1.56492064e+07 3.45956650e+06 1.48373302e+07 6.59577154e+06 3.14259378e+06 2.07064346e+07 2.39087997e+07 2.51405251e+07 2.11983253e+07 1.89032196e+07 1.96684298e+07 2.08206154e+07 2.20153854e+07 2.02734098e+07 2.43569942e+07
1.85364286e+07 6.50554728e+06 5.17128069e+06 6.84448043e+06 4.12542715e+06 2.22066868e+06 4.63829351e+06 2.36475249e+06 3.92295792e+06 5.52292968e+06 2.89984680e+06 0.00000000e+00 4.90751956e+06 1.94368960e+07 1.61322643e+07 4.24311029e+06 1.55536172e+07 7.02339156e+06 3.50567929e+06 2.11066705e+07 2.40327198e+07 2.57018845e+07 2.16021171e+07 1.94516529e+07 2.01860730e+07 2.09832233e+07 2.23267136e+07 2.04483410e+07 2.44884596e+07
2.01245401e+07 3.12360366e+06 5.84752869e+06 1.02069110e+07 7.59042319e+06 5.50784104e+06 8.05491528e+06 5.48679989e+06 4.66402188e+06 2.18222867e+06 6.01285496e+06 4.90751956e+06 0.00000000e+00 1.64955457e+07 1.93258781e+07 7.60100372e+06 1.89035542e+07 3.92684588e+06 6.61138375e+06 2.17141262e+07 2.46550048e+07 2.62024393e+07 2.32059208e+07 1.99548171e+07 1.92023224e+07 2.11206216e+07 2.13824559e+07 2.10165118e+07 2.50984646e+07
2.84494769e+07 1.60613946e+07 1.79315552e+07 1.39670390e+07 1.85255144e+07 1.86804684e+07 1.75213854e+07 1.82787322e+07 1.71763345e+07 1.57473319e+07 1.88332893e+07 1.94368960e+07 1.64955457e+07 0.00000000e+00 5.78825872e+06 1.72039796e+07 5.98451907e+06 1.65055463e+07 1.97466501e+07 2.42923310e+07 2.45237257e+07 2.58073516e+07 2.96121386e+07 2.73075554e+07 2.89808770e+07 2.56930781e+07 2.58352924e+07 2.96787666e+07 2.50377414e+07
2.69382713e+07 1.94694600e+07 1.71868266e+07 1.11075836e+07 1.56743850e+07 1.54813573e+07 1.47136464e+07 1.50857227e+07 1.64875861e+07 1.86220274e+07 1.56492064e+07 1.61322643e+07 1.93258781e+07 5.78825872e+06 0.00000000e+00 1.43231780e+07 3.17763652e+06 2.00004671e+07 1.59746754e+07 2.37407304e+07 2.39514242e+07 2.54696972e+07 2.82278647e+07 2.69619876e+07 2.99824059e+07 2.57249100e+07 2.68592570e+07 2.91536241e+07 2.44760083e+07
1.78742221e+07 7.23064817e+06 6.26986761e+06 4.35236102e+06 3.04821835e+06 3.54905833e+06 2.16514333e+06 2.90520071e+06 4.22679669e+06 6.89599220e+06 3.45956650e+06 4.24311029e+06 7.60100372e+06 1.72039796e+07 1.43231780e+07 0.00000000e+00 1.31529167e+07 7.73104522e+06 4.59078946e+06 2.12742562e+07 2.43115179e+07 2.59798353e+07 2.08871040e+07 1.85398272e+07 2.06507303e+07 2.04295171e+07 2.17417380e+07 2.07196322e+07 2.47772396e+07
2.62443728e+07 1.85639764e+07 1.63632103e+07 9.42155732e+06 1.45379277e+07 1.47729380e+07 1.34324361e+07 1.42540430e+07 1.54428789e+07 1.81839915e+07 1.48373302e+07 1.55536172e+07 1.89035542e+07 5.98451907e+06 3.17763652e+06 1.31529167e+07 0.00000000e+00 1.90962531e+07 1.59289397e+07 2.29260561e+07 2.30468819e+07 2.44892290e+07 2.74083674e+07 2.61667761e+07 2.93166550e+07 2.48969402e+07 2.60848150e+07 2.84448532e+07 2.35875538e+07
2.05751958e+07 3.56534500e+06 6.56084969e+06 1.04107510e+07 7.70555776e+06 6.23299516e+06 8.15746271e+06 6.07081301e+06 5.08326949e+06 3.11091325e+06 6.59577154e+06 7.02339156e+06 3.92684588e+06 1.65055463e+07 2.00004671e+07 7.73104522e+06 1.90962531e+07 0.00000000e+00 6.64233451e+06 2.21674007e+07 2.51155018e+07 2.66660562e+07 2.36683162e+07 2.04242878e+07 1.97105130e+07 2.15966780e+07 2.18632536e+07 2.14964706e+07 2.55633774e+07
1.87927605e+07 6.85552203e+06 5.51639314e+06 7.26743203e+06 4.56131345e+06 2.77362075e+06 5.08960951e+06 2.61149324e+06 4.26900173e+06 5.86468429e+06 3.14259378e+06 3.50567929e+06 6.61138375e+06 1.97466501e+07 1.59746754e+07 4.59078946e+06 1.59289397e+07 6.64233451e+06 0.00000000e+00 2.13991893e+07 2.43153025e+07 2.60145273e+07 2.19728228e+07 1.97673003e+07 2.04687976e+07 2.13261271e+07 2.25885674e+07 2.07183466e+07 2.47677192e+07
3.03917719e+07 2.16080105e+07 2.20988918e+07 2.15496890e+07 2.15616019e+07 2.04497603e+07 2.16220329e+07 2.01506446e+07 2.01333787e+07 2.10051175e+07 2.07064346e+07 2.11066705e+07 2.17141262e+07 2.42923310e+07 2.37407304e+07 2.12742562e+07 2.29260561e+07 2.21674007e+07 2.13991893e+07 0.00000000e+00 2.63940164e+07 3.12923701e+07 3.19942276e+07 2.74924150e+07 3.05752459e+07 3.07517575e+07 3.14319536e+07 3.07138263e+07 2.67257069e+07
3.40061473e+07 2.45642939e+07 2.50045324e+07 2.41461619e+07 2.47365896e+07 2.33239715e+07 2.46608487e+07 2.33255118e+07 2.33539020e+07 2.39454158e+07 2.39087997e+07 2.40327198e+07 2.46550048e+07 2.45237257e+07 2.39514242e+07 2.43115179e+07 2.30468819e+07 2.51155018e+07 2.43153025e+07 2.63940164e+07 0.00000000e+00 3.12886879e+07 3.58509353e+07 3.59623444e+07 3.42075334e+07 3.15377525e+07 3.32492586e+07 3.41515413e+07 2.41237688e+07
3.55641280e+07 2.60461049e+07 2.60761624e+07 2.57764442e+07 2.61522580e+07 2.50035220e+07 2.63545976e+07 2.45835336e+07 2.52087201e+07 2.54699246e+07 2.51405251e+07 2.57018845e+07 2.62024393e+07 2.58073516e+07 2.54696972e+07 2.59798353e+07 2.44892290e+07 2.66660562e+07 2.60145273e+07 3.12923701e+07 3.12886879e+07 0.00000000e+00 3.78501841e+07 3.50612178e+07 3.65856636e+07 3.34858342e+07 3.43130342e+07 3.86773423e+07 3.18838060e+07
2.99194019e+07 2.30329971e+07 2.24143788e+07 2.11296844e+07 2.17940861e+07 2.09058987e+07 2.12768388e+07 2.05981594e+07 2.14464367e+07 2.24663828e+07 2.11983253e+07 2.16021171e+07 2.32059208e+07 2.96121386e+07 2.82278647e+07 2.08871040e+07 2.74083674e+07 2.36683162e+07 2.19728228e+07 3.19942276e+07 3.58509353e+07 3.78501841e+07 0.00000000e+00 2.76573764e+07 3.14412382e+07 2.89178404e+07 3.42517390e+07 3.15395487e+07 3.60507595e+07
2.67375753e+07 1.97637559e+07 1.93135644e+07 1.93811512e+07 1.92247735e+07 1.87441233e+07 1.89464502e+07 1.83232667e+07 1.89414969e+07 1.92091946e+07 1.89032196e+07 1.94516529e+07 1.99548171e+07 2.73075554e+07 2.69619876e+07 1.85398272e+07 2.61667761e+07 2.04242878e+07 1.97673003e+07 2.74924150e+07 3.59623444e+07 3.50612178e+07 2.76573764e+07 0.00000000e+00 2.74430895e+07 2.74107962e+07 3.01592250e+07 2.97069165e+07 3.64267303e+07
2.88432321e+07 1.90559787e+07 2.02283474e+07 2.23958766e+07 2.08581326e+07 1.94361524e+07 2.10457527e+07 1.93254098e+07 1.91306130e+07 1.84383077e+07 1.96684298e+07 2.01860730e+07 1.92023224e+07 2.89808770e+07 2.99824059e+07 2.06507303e+07 2.93166550e+07 1.97105130e+07 2.04687976e+07 3.05752459e+07 3.42075334e+07 3.65856636e+07 3.14412382e+07 2.74430895e+07 0.00000000e+00 2.88929975e+07 3.07539523e+07 2.99447307e+07 3.47920459e+07
2.95410671e+07 2.09455512e+07 2.14273109e+07 2.09594502e+07 2.13581078e+07 2.02294419e+07 2.08022622e+07 2.02433375e+07 2.10761331e+07 2.03976360e+07 2.08206154e+07 2.09832233e+07 2.11206216e+07 2.56930781e+07 2.57249100e+07 2.04295171e+07 2.48969402e+07 2.15966780e+07 2.13261271e+07 3.07517575e+07 3.15377525e+07 3.34858342e+07 2.89178404e+07 2.74107962e+07 2.88929975e+07 0.00000000e+00 3.06783210e+07 3.13011199e+07 3.19623806e+07
3.01729820e+07 2.12061321e+07 2.23784968e+07 2.34548528e+07 2.24709419e+07 2.16031846e+07 2.21119637e+07 2.14313305e+07 2.12997430e+07 2.06563197e+07 2.20153854e+07 2.23267136e+07 2.13824559e+07 2.58352924e+07 2.68592570e+07 2.17417380e+07 2.60848150e+07 2.18632536e+07 2.25885674e+07 3.14319536e+07 3.32492586e+07 3.43130342e+07 3.42517390e+07 3.01592250e+07 3.07539523e+07 3.06783210e+07 0.00000000e+00 3.29703878e+07 3.37037540e+07
2.90229987e+07 2.08941403e+07 2.08729466e+07 2.16006716e+07 2.11448526e+07 1.97151200e+07 2.11281119e+07 1.96786628e+07 1.97104551e+07 2.02700464e+07 2.02734098e+07 2.04483410e+07 2.10165118e+07 2.96787666e+07 2.91536241e+07 2.07196322e+07 2.84448532e+07 2.14964706e+07 2.07183466e+07 3.07138263e+07 3.41515413e+07 3.86773423e+07 3.15395487e+07 2.97069165e+07 2.99447307e+07 3.13011199e+07 3.29703878e+07 0.00000000e+00 3.45866535e+07
3.45610834e+07 2.49990624e+07 2.54429386e+07 2.45943163e+07 2.52007078e+07 2.37882702e+07 2.51279724e+07 2.37702534e+07 2.37840550e+07 2.43889311e+07 2.43569942e+07 2.44884596e+07 2.50984646e+07 2.50377414e+07 2.44760083e+07 2.47772396e+07 2.35875538e+07 2.55633774e+07 2.47677192e+07 2.67257069e+07 2.41237688e+07 3.18838060e+07 3.60507595e+07 3.64267303e+07 3.47920459e+07 3.19623806e+07 3.37037540e+07 3.45866535e+07 0.00000000e+00
