0.00000000e+00 1.34850460e+06 1.30951357e+06 1.33144295e+06 1.25840116e+06 1.20243065e+06 1.24066500e+06 1.18814686e+06 1.22927350e+06 1.31282320e+06 1.23082244e+06 1.25257501e+06 1.36137326e+06 1.93154865e+06 1.82740183e+06 1.20815641e+06 1.78518128e+06 1.39257344e+06 1.26909913e+06 2.04431088e+06 2.35102694e+06 2.48993961e+06 2.09557453e+06 1.83081711e+06 2.01193168e+06 2.00961965e+06 2.06025495e+06 2.02615671e+06 2.38836822e+06
1.34850460e+06 0.00000000e+00 4.05552887e+05 6.70284399e+05 4.85396987e+05 3.76350059e+05 5.22627762e+05 3.81519135e+05 2.78622972e+05 1.26028635e+05 3.87643345e+05 4.48800764e+05 2.15773075e+05 1.10754704e+06 1.34108895e+06 4.99210456e+05 1.28416115e+06 2.46436292e+05 4.72329027e+05 1.46807294e+06 1.72939012e+06 1.86053503e+06 1.64797441e+06 1.37536155e+06 1.36115780e+06 1.44445876e+06 1.46956044e+06 1.49102963e+06 1.75797708e+06
1.30951357e+06 4.05552887e+05 0.00000000e+00 5.31531004e+05 4.30304269e+05 2.98242383e+05 4.67372047e+05 2.94607463e+05 3.22638041e+05 3.51926066e+05 3.32258356e+05 3.56665093e+05 4.03312291e+05 1.23530342e+06 1.18307022e+06 4.32428328e+05 1.13102280e+06 4.52658097e+05 3.79975431e+05 1.50039614e+06 1.75929269e+06 1.86165787e+06 1.60380574e+06 1.34350035e+06 1.44252206e+06 1.47671247e+06 1.54901643e+06 1.48890842e+06 1.78779954e+06
1.33144295e+06 6.70284399e+05 5.31531004e+05 0.00000000e+00 4.00888782e+05 4.10679333e+05 3.21885907e+05 3.74444142e+05 4.58230965e+05 6.46110145e+05 4.14526357e+05 4.73785889e+05 7.05994130e+05 9.65056975e+05 7.67020767e+05 3.01759720e+05 6.53140859e+05 7.20189872e+05 5.02274910e+05 1.46652266e+06 1.70382377e+06 1.84483679e+06 1.51668163e+06 1.35148029e+06 1.59725283e+06 1.44810635e+06 1.62648871e+06 1.54309798e+06 1.73264715e+06
1.25840116e+06 4.85396987e+05 4.30304269e+05 4.00888782e+05 0.00000000e+00 2.33621820e+05 2.38992078e+05 2.02981234e+05 2.94205295e+05 4.75312535e+05 2.23432426e+05 2.86262938e+05 5.26011080e+05 1.28162369e+06 1.08370795e+06 2.11852235e+05 1.00968057e+06 5.34076920e+05 3.15890964e+05 1.46913756e+06 1.74676826e+06 1.87385500e+06 1.56526357e+06 1.34188536e+06 1.49140608e+06 1.47727856e+06 1.56083559e+06 1.51280426e+06 1.77717949e+06
1.20243065e+06 3.76350059e+05 2.98242383e+05 4.10679333e+05 2.33621820e+05 0.00000000e+00 2.55820894e+05 9.39631537e+04 1.66312502e+05 2.73680728e+05 1.31002991e+05 1.53796887e+05 3.80679132e+05 1.28987579e+06 1.06844326e+06 2.45834459e+05 1.02401667e+06 4.30906579e+05 1.91648356e+05 1.38989872e+06 1.64592147e+06 1.79145605e+06 1.50162805e+06 1.30669286e+06 1.39017592e+06 1.39701021e+06 1.49840752e+06 1.41103751e+06 1.67656870e+06
1.24066500e+06 5.22627762e+05 4.67372047e+05 3.21885907e+05 2.38992078e+05 2.55820894e+05 0.00000000e+00 2.25085530e+05 3.15418460e+05 4.98181155e+05 2.64625394e+05 3.22672152e+05 5.58989962e+05 1.21262692e+06 1.01779772e+06 1.51406566e+05 9.32443477e+05 5.66164560e+05 3.53339478e+05 1.47368295e+06 1.74234789e+06 1.88876537e+06 1.52984645e+06 1.32356924e+06 1.50530153e+06 1.43970427e+06 1.53641936e+06 1.51266177e+06 1.77296981e+06
1.18814686e+06 3.81519135e+05 2.94607463e+05 3.74444142e+05 2.02981234e+05 9.39631537e+04 2.25085530e+05 0.00000000e+00 1.61499097e+05 3.12697124e+05 4.90944700e+04 1.63697941e+05 3.79215293e+05 1.26220861e+06 1.04115839e+06 2.01368977e+05 9.88322953e+05 4.19714362e+05 1.80421956e+05 1.36941646e+06 1.64645984e+06 1.76218179e+06 1.48020371e+06 1.27758517e+06 1.38268932e+06 1.39800407e+06 1.48660919e+06 1.40869120e+06 1.67548310e+06
1.22927350e+06 2.78622972e+05 3.22638041e+05 4.58230965e+05 2.94205295e+05 1.66312502e+05 3.15418460e+05 1.61499097e+05 0.00000000e+00 2.07517744e+05 1.98635470e+05 2.72511923e+05 3.23553745e+05 1.18854509e+06 1.14016719e+06 2.93603130e+05 1.07180724e+06 3.52645616e+05 2.95825993e+05 1.37076203e+06 1.65085010e+06 1.80811222e+06 1.54182429e+06 1.32263415e+06 1.37039689e+06 1.45804531e+06 1.47934322e+06 1.41258826e+06 1.67883404e+06
1.31282320e+06 1.26028635e+05 3.51926066e+05 6.46110145e+05 4.75312535e+05 2.73680728e+05 4.98181155e+05 3.12697124e+05 2.07517744e+05 0.00000000e+00 3.50130502e+05 3.81644607e+05 1.51012563e+05 1.08745104e+06 1.28468515e+06 4.76935811e+05 1.25959557e+06 2.15267199e+05 4.04615036e+05 1.42804613e+06 1.68845581e+06 1.82237224e+06 1.61026799e+06 1.33846632e+06 1.31932830e+06 1.40837690e+06 1.43313202e+06 1.44894420e+06 1.71765811e+06
1.23082244e+06 3.87643345e+05 3.32258356e+05 4.14526357e+05 2.23432426e+05 1.31002991e+05 2.64625394e+05 4.90944700e+04 1.98635470e+05 3.50130502e+05 0.00000000e+00 2.01503309e+05 4.17156740e+05 1.30465488e+06 1.08340841e+06 2.40719405e+05 1.03178938e+06 4.57646173e+05 2.17976617e+05 1.41155794e+06 1.69089461e+06 1.80475683e+06 1.52506894e+06 1.32087913e+06 1.40937325e+06 1.44157113e+06 1.53079161e+06 1.45304432e+06 1.72021104e+06
1.25257501e+06 4.48800764e+05 3.56665093e+05 4.73785889e+05 2.86262938e+05 1.53796887e+05 3.22672152e+05 1.63697941e+05 2.72511923e+05 3.81644607e+05 2.01503309e+05 0.00000000e+00 3.39012259e+05 1.34179826e+06 1.11309459e+06 2.93763796e+05 1.07797341e+06 4.85399756e+05 2.42148372e+05 1.43488805e+06 1.69463446e+06 1.83960309e+06 1.54962425e+06 1.35537120e+06 1.44208350e+06 1.44871919e+06 1.54817353e+06 1.46165458e+06 1.72466967e+06
1.36137326e+06 2.15773075e+05 4.03312291e+05 7.05994130e+05 5.26011080e+05 3.80679132e+05 5.58989962e+05 3.79215293e+05 3.23553745e+05 1.51012563e+05 4.17156740e+05 3.39012259e+05 0.00000000e+00 1.13916767e+06 1.33339149e+06 5.25620908e+05 1.30952014e+06 2.71528050e+05 4.56120761e+05 1.47699900e+06 1.73764391e+06 1.87328224e+06 1.66164086e+06 1.39007642e+06 1.37240202e+06 1.45837339e+06 1.48334538e+06 1.50076943e+06 1.76684642e+06
1.93154865e+06 1.10754704e+06 1.23530342e+06 9.65056975e+05 1.28162369e+06 1.28987579e+06 1.21262692e+06 1.26220861e+06 1.18854509e+06 1.08745104e+06 1.30465488e+06 1.34179826e+06 1.13916767e+06 0.00000000e+00 3.99122167e+05 1.18817968e+06 4.14354084e+05 1.14004177e+06 1.36153788e+06 1.65595237e+06 1.72478416e+06 1.83747350e+06 2.10494255e+06 1.89773919e+06 2.05192185e+06 1.77248326e+06 1.78935261e+06 2.10307954e+06 1.75747626e+06
1.82740183e+06 1.34108895e+06 1.18307022e+06 7.67020767e+05 1.08370795e+06 1.06844326e+06 1.01779772e+06 1.04115839e+06 1.14016719e+06 1.28468515e+06 1.08340841e+06 1.11309459e+06 1.33339149e+06 3.99122167e+05 0.00000000e+00 9.88631562e+05 2.20362398e+05 1.38010550e+06 1.10109301e+06 1.61695052e+06 1.68449053e+06 1.81442345e+06 2.00762368e+06 1.87309042e+06 2.12177005e+06 1.77376236e+06 1.85908970e+06 2.06606235e+06 1.71789367e+06
1.20815641e+06 4.99210456e+05 4.32428328e+05 3.01759720e+05 2.11852235e+05 2.45834459e+05 1.51406566e+05 2.01368977e+05 2.93603130e+05 4.76935811e+05 2.40719405e+05 2.93763796e+05 5.25620908e+05 1.18817968e+06 9.88631562e+05 0.00000000e+00 9.11891940e+05 5.34726469e+05 3.17155151e+05 1.44712835e+06 1.71514375e+06 1.85989431e+06 1.50015212e+06 1.29281456e+06 1.47534579e+06 1.41122515e+06 1.50833527e+06 1.48166524e+06 1.74565581e+06
1.78518128e+06 1.28416115e+06 1.13102280e+06 6.53140859e+05 1.00968057e+06 1.02401667e+06 9.32443477e+05 9.88322953e+05 1.07180724e+06 1.25959557e+06 1.03178938e+06 1.07797341e+06 1.30952014e+06 4.14354084e+05 2.20362398e+05 9.11891940e+05 0.00000000e+00 1.32295354e+06 1.10262223e+06 1.56566827e+06 1.62595594e+06 1.74990756e+06 1.95590118e+06 1.82346019e+06 2.08126492e+06 1.72166202e+06 1.81020308e+06 2.02251453e+06 1.66054481e+06
1.39257344e+06 2.46436292e+05 4.52658097e+05 7.20189872e+05 5.34076920e+05 4.30906579e+05 5.66164560e+05 4.19714362e+05 3.52645616e+05 2.15267199e+05 4.57646173e+05 4.85399756e+05 2.71528050e+05 1.14004177e+06 1.38010550e+06 5.34726469e+05 1.32295354e+06 0.00000000e+00 4.58366607e+05 1.50840205e+06 1.76970165e+06 1.90561561e+06 1.69393258e+06 1.42271370e+06 1.40783582e+06 1.49141438e+06 1.51665685e+06 1.53426699e+06 1.79921614e+06
1.26909913e+06 4.72329027e+05 3.79975431e+05 5.02274910e+05 3.15890964e+05 1.91648356e+05 3.53339478e+05 1.80421956e+05 2.95825993e+05 4.04615036e+05 2.17976617e+05 2.42148372e+05 4.56120761e+05 1.36153788e+06 1.10109301e+06 3.17155151e+05 1.10262223e+06 4.58366607e+05 0.00000000e+00 1.45361661e+06 1.71274426e+06 1.85975866e+06 1.57425989e+06 1.37590487e+06 1.46038424e+06 1.47109860e+06 1.56470883e+06 1.47916870e+06 1.74255015e+06
2.04431088e+06 1.46807294e+06 1.50039614e+06 1.46652266e+06 1.46913756e+06 1.38989872e+06 1.47368295e+06 1.36941646e+06 1.37076203e+06 1.42804613e+06 1.41155794e+06 1.43488805e+06 1.47699900e+06 1.65595237e+06 1.61695052e+06 1.44712835e+06 1.56566827e+06 1.50840205e+06 1.45361661e+06 0.00000000e+00 1.83472794e+06 2.19992350e+06 2.24628380e+06 1.88835077e+06 2.13817082e+06 2.09914416e+06 2.15245134e+06 2.15028764e+06 1.85532020e+06
2.35102694e+06 1.72939012e+06 1.75929269e+06 1.70382377e+06 1.74676826e+06 1.64592147e+06 1.74234789e+06 1.64645984e+06 1.65085010e+06 1.68845581e+06 1.69089461e+06 1.69463446e+06 1.73764391e+06 1.72478416e+06 1.68449053e+06 1.71514375e+06 1.62595594e+06 1.76970165e+06 1.71274426e+06 1.83472794e+06 0.00000000e+00 2.24828477e+06 2.57382022e+06 2.53373999e+06 2.44792143e+06 2.21060567e+06 2.33493003e+06 2.44617337e+06 1.71660099e+06
2.48993961e+06 1.86053503e+06 1.86165787e+06 1.84483679e+06 1.87385500e+06 1.79145605e+06 1.88876537e+06 1.76218179e+06 1.80811222e+06 1.82237224e+06 1.80475683e+06 1.83960309e+06 1.87328224e+06 1.83747350e+06 1.81442345e+06 1.85989431e+06 1.74990756e+06 1.90561561e+06 1.85975866e+06 2.19992350e+06 2.24828477e+06 0.00000000e+00 2.74421032e+06 2.49939030e+06 2.64459109e+06 2.37351563e+06 2.43700037e+06 2.79391917e+06 2.28816675e+06
2.09557453e+06 1.64797441e+06 1.60380574e+06 1.51668163e+06 1.56526357e+06 1.50162805e+06 1.52984645e+06 1.48020371e+06 1.54182429e+06 1.61026799e+06 1.52506894e+06 1.54962425e+06 1.66164086e+06 2.10494255e+06 2.00762368e+06 1.50015212e+06 1.95590118e+06 1.69393258e+06 1.57425989e+06 2.24628380e+06 2.57382022e+06 2.74421032e+06 0.00000000e+00 1.97513011e+06 2.27533315e+06 2.05124312e+06 2.43025719e+06 2.28584418e+06 2.58242213e+06
1.83081711e+06 1.37536155e+06 1.34350035e+06 1.35148029e+06 1.34188536e+06 1.30669286e+06 1.32356924e+06 1.27758517e+06 1.32263415e+06 1.33846632e+06 1.32087913e+06 1.35537120e+06 1.39007642e+06 1.89773919e+06 1.87309042e+06 1.29281456e+06 1.82346019e+06 1.42271370e+06 1.37590487e+06 1.88835077e+06 2.53373999e+06 2.49939030e+06 1.97513011e+06 0.00000000e+00 1.95227680e+06 1.90387013e+06 2.09997401e+06 2.11353458e+06 2.56502620e+06
2.01193168e+06 1.36115780e+06 1.44252206e+06 1.59725283e+06 1.49140608e+06 1.39017592e+06 1.50530153e+06 1.38268932e+06 1.37039689e+06 1.31932830e+06 1.40937325e+06 1.44208350e+06 1.37240202e+06 2.05192185e+06 2.12177005e+06 1.47534579e+06 2.08126492e+06 1.40783582e+06 1.46038424e+06 2.13817082e+06 2.44792143e+06 2.64459109e+06 2.27533315e+06 1.95227680e+06 0.00000000e+00 2.04263489e+06 2.17660713e+06 2.16478869e+06 2.48826529e+06
2.00961965e+06 1.44445876e+06 1.47671247e+06 1.44810635e+06 1.47727856e+06 1.39701021e+06 1.43970427e+06 1.39800407e+06 1.45804531e+06 1.40837690e+06 1.44157113e+06 1.44871919e+06 1.45837339e+06 1.77248326e+06 1.77376236e+06 1.41122515e+06 1.72166202e+06 1.49141438e+06 1.47109860e+06 2.09914416e+06 2.21060567e+06 2.37351563e+06 2.05124312e+06 1.90387013e+06 2.04263489e+06 0.00000000e+00 2.12382469e+06 2.21280468e+06 2.23829237e+06
2.06025495e+06 1.46956044e+06 1.54901643e+06 1.62648871e+06 1.56083559e+06 1.49840752e+06 1.53641936e+06 1.48660919e+06 1.47934322e+06 1.43313202e+06 1.53079161e+06 1.54817353e+06 1.48334538e+06 1.78935261e+06 1.85908970e+06 1.50833527e+06 1.81020308e+06 1.51665685e+06 1.56470883e+06 2.15245134e+06 2.33493003e+06 2.43700037e+06 2.43025719e+06 2.09997401e+06 2.17660713e+06 2.12382469e+06 0.00000000e+00 2.33558888e+06 2.36535800e+06
2.02615671e+06 1.49102963e+06 1.48890842e+06 1.54309798e+06 1.51280426e+06 1.41103751e+06 1.51266177e+06 1.40869120e+06 1.41258826e+06 1.44894420e+06 1.45304432e+06 1.46165458e+06 1.50076943e+06 2.10307954e+06 2.06606235e+06 1.48166524e+06 2.02251453e+06 1.53426699e+06 1.47916870e+06 2.15028764e+06 2.44617337e+06 2.79391917e+06 2.28584418e+06 2.11353458e+06 2.16478869e+06 2.21280468e+06 2.33558888e+06 0.00000000e+00 2.47487179e+06
2.38836822e+06 1.75797708e+06 1.78779954e+06 1.73264715e+06 1.77717949e+06 1.67656870e+06 1.77296981e+06 1.67548310e+06 1.67883404e+06 1.71765811e+06 1.72021104e+06 1.72466967e+06 1.76684642e+06 1.75747626e+06 1.71789367e+06 1.74565581e+06 1.66054481e+06 1.79921614e+06 1.74255015e+06 1.85532020e+06 1.71660099e+06 2.28816675e+06 2.58242213e+06 2.56502620e+06 2.48826529e+06 2.23829237e+06 2.36535800e+06 2.47487179e+06 0.00000000e+00
