SIWKL Matrix:
[[0.         0.00193844 0.00190623 0.00199725 0.00202936 0.00196654
  0.00192613 0.00193226 0.00192531 0.00192226]
 [0.00193844 0.         0.0018613  0.00195335 0.00198597 0.0019071
  0.00190244 0.0018889  0.00188336 0.00189963]
 [0.00190623 0.0018613  0.         0.00191395 0.0019566  0.00189116
  0.00187076 0.00186064 0.00185208 0.00186859]
 [0.00199725 0.00195335 0.00191395 0.         0.00204666 0.00198298
  0.00196184 0.00194495 0.00194219 0.00195883]
 [0.00202936 0.00198597 0.0019566  0.00204666 0.         0.00198366
  0.00197405 0.00195167 0.00192945 0.00199337]
 [0.00196654 0.0019071  0.00189116 0.00198298 0.00198366 0.
  0.00173087 0.00181296 0.00167527 0.00176949]
 [0.00192613 0.00190244 0.00187076 0.00196184 0.00197405 0.00173087
  0.         0.0017116  0.00169086 0.00172919]
 [0.00193226 0.0018889  0.00186064 0.00194495 0.00195167 0.00181296
  0.0017116  0.         0.00165059 0.00165236]
 [0.00192531 0.00188336 0.00185208 0.00194219 0.00192945 0.00167527
  0.00169086 0.00165059 0.         0.00178036]
 [0.00192226 0.00189963 0.00186859 0.00195883 0.00199337 0.00176949
  0.00172919 0.00165236 0.00178036 0.        ]]

Silhouette Score:
0.044396251871926314

Silhouette Score per sample:
sample01.functional: -0.0169
sample02.functional: -0.0199
sample03.functional: -0.0214
sample04.functional: -0.0099
sample05.functional: -0.0191
sample06.pathological: 0.1023
sample07.pathological: 0.1097
sample08.pathological: 0.1090
sample09.pathological: 0.1087
sample10.pathological: 0.1015
