0.00000000e+00 1.10075842e+06 1.01214503e+06 1.07094520e+06 9.52931672e+05 9.19246860e+05 9.28958819e+05 9.09499311e+05 9.52998470e+05 1.05879870e+06 9.58664612e+05 9.50654577e+05 1.08721877e+06 1.75605615e+06 1.61952015e+06 9.02262234e+05 1.59100817e+06 1.10456279e+06 9.55456506e+05 1.72412920e+06 2.04548744e+06 2.17472179e+06 1.71833117e+06 1.40497938e+06 1.62790406e+06 1.64772305e+06 1.62079934e+06 1.60239696e+06 2.08216836e+06
1.10075842e+06 0.00000000e+00 3.77036942e+05 7.18875026e+05 4.79812670e+05 3.93584810e+05 5.30141543e+05 4.03176277e+05 2.82983745e+05 1.15632220e+05 4.09874477e+05 4.36302613e+05 1.68116373e+05 1.15553899e+06 1.42228324e+06 5.10901664e+05 1.37578519e+06 1.80447060e+05 4.48424456e+05 1.33397421e+06 1.61670569e+06 1.73529683e+06 1.50135824e+06 1.15702084e+06 1.09283034e+06 1.25719906e+06 1.19283732e+06 1.22859379e+06 1.64241373e+06
1.01214503e+06 3.77036942e+05 0.00000000e+00 5.23246191e+05 3.85539244e+05 2.56586433e+05 4.28588159e+05 2.61030785e+05 2.83891348e+05 3.13460175e+05 3.05712622e+05 2.94337864e+05 3.42710877e+05 1.26715659e+06 1.20549655e+06 4.01798154e+05 1.16922944e+06 3.81316066e+05 3.06364382e+05 1.35557731e+06 1.63476088e+06 1.70650056e+06 1.40153753e+06 1.07675897e+06 1.18747115e+06 1.27706937e+06 1.28764381e+06 1.19415605e+06 1.66055319e+06
1.07094520e+06 7.18875026e+05 5.23246191e+05 0.00000000e+00 3.88595221e+05 4.31995306e+05 3.07242340e+05 4.00584043e+05 4.84013844e+05 6.91771894e+05 4.48406242e+05 4.67732575e+05 7.27949598e+05 9.92099630e+05 7.66082181e+05 2.91026638e+05 6.81087788e+05 7.23891334e+05 4.85626280e+05 1.33645061e+06 1.58280498e+06 1.71405297e+06 1.29859752e+06 1.11507856e+06 1.45161132e+06 1.26202906e+06 1.43137609e+06 1.30645506e+06 1.60931680e+06
9.52931672e+05 4.79812670e+05 3.85539244e+05 3.88595221e+05 0.00000000e+00 1.99021689e+05 1.78320105e+05 1.72908943e+05 2.67668792e+05 4.70944481e+05 1.96584184e+05 2.29639933e+05 5.00455435e+05 1.33188979e+06 1.10620551e+06 1.64160530e+05 1.04412209e+06 4.86959223e+05 2.48619753e+05 1.32781865e+06 1.63583344e+06 1.74391612e+06 1.36385899e+06 1.09483777e+06 1.28305587e+06 1.29705832e+06 1.32373925e+06 1.25187451e+06 1.66550752e+06
9.19246860e+05 3.93584810e+05 2.56586433e+05 4.31995306e+05 1.99021689e+05 0.00000000e+00 2.31705040e+05 8.12449667e+04 1.79426942e+05 2.91423959e+05 1.25652608e+05 9.90093853e+04 3.54723281e+05 1.36794900e+06 1.11232328e+06 2.28347130e+05 1.08909650e+06 3.93974487e+05 1.27814850e+05 1.25812899e+06 1.53346392e+06 1.67076366e+06 1.31941710e+06 1.09340177e+06 1.18083247e+06 1.22596368e+06 1.28132628e+06 1.14903812e+06 1.56287034e+06
9.28958819e+05 5.30141543e+05 4.28588159e+05 3.07242340e+05 1.78320105e+05 2.31705040e+05 0.00000000e+00 2.05012176e+05 2.99065322e+05 5.02680343e+05 2.52233121e+05 2.71754506e+05 5.38851909e+05 1.25464748e+06 1.03201473e+06 9.49049385e+04 9.63050669e+05 5.24522244e+05 2.91404071e+05 1.33941174e+06 1.63391922e+06 1.77089227e+06 1.31336535e+06 1.06917622e+06 1.30829645e+06 1.24279537e+06 1.29031106e+06 1.25560596e+06 1.66391820e+06
9.09499311e+05 4.03176277e+05 2.61030785e+05 4.00584043e+05 1.72908943e+05 8.12449667e+04 2.05012176e+05 0.00000000e+00 1.58796263e+05 3.22633984e+05 5.26114737e+04 1.20543728e+05 3.61681516e+05 1.34168423e+06 1.08732010e+06 1.84969690e+05 1.05850329e+06 3.88457477e+05 1.23258777e+05 1.23841303e+06 1.54670533e+06 1.63825663e+06 1.29971386e+06 1.06100634e+06 1.18217213e+06 1.23951511e+06 1.27485729e+06 1.15856825e+06 1.57335423e+06
9.52998470e+05 2.82983745e+05 2.83891348e+05 4.84013844e+05 2.67668792e+05 1.79426942e+05 2.99065322e+05 1.58796263e+05 0.00000000e+00 2.21145286e+05 2.03261962e+05 2.37819584e+05 2.90322563e+05 1.24969239e+06 1.19653118e+06 2.80994084e+05 1.14156759e+06 3.02555748e+05 2.49229902e+05 1.22107575e+06 1.53339895e+06 1.68964995e+06 1.37497306e+06 1.11124488e+06 1.14226869e+06 1.31361325e+06 1.24424162e+06 1.14404775e+06 1.55817106e+06
1.05879870e+06 1.15632220e+05 3.13460175e+05 6.91771894e+05 4.70944481e+05 2.91423959e+05 5.02680343e+05 3.22633984e+05 2.21145286e+05 0.00000000e+00 3.67296607e+05 3.56352409e+05 9.00962427e+04 1.13352627e+06 1.35549309e+06 4.85897608e+05 1.34858194e+06 1.44409091e+05 3.67634720e+05 1.28565110e+06 1.56705145e+06 1.68927733e+06 1.45702135e+06 1.11389692e+06 1.04165479e+06 1.21563409e+06 1.14996409e+06 1.17653044e+06 1.59317419e+06
9.58664612e+05 4.09874477e+05 3.05712622e+05 4.48406242e+05 1.96584184e+05 1.25652608e+05 2.52233121e+05 5.26114737e+04 2.03261962e+05 3.67296607e+05 0.00000000e+00 1.65474733e+05 4.06729226e+05 1.39218303e+06 1.13766330e+06 2.31967526e+05 1.10949836e+06 4.33394367e+05 1.67780981e+05 1.28736437e+06 1.59892334e+06 1.68773140e+06 1.35298650e+06 1.11159083e+06 1.21103622e+06 1.29036105e+06 1.32598122e+06 1.21030196e+06 1.62594477e+06
9.50654577e+05 4.36302613e+05 2.94337864e+05 4.67732575e+05 2.29639933e+05 9.90093853e+04 2.71754506e+05 1.20543728e+05 2.37819584e+05 3.56352409e+05 1.65474733e+05 0.00000000e+00 3.29915950e+05 1.40126368e+06 1.13590516e+06 2.54776352e+05 1.12003338e+06 4.28165226e+05 1.55483177e+05 1.28174310e+06 1.56247348e+06 1.69870315e+06 1.34587193e+06 1.12147058e+06 1.21313878e+06 1.25957166e+06 1.31270565e+06 1.17932461e+06 1.59099874e+06
1.08721877e+06 1.68116373e+05 3.42710877e+05 7.27949598e+05 5.00455435e+05 3.54723281e+05 5.38851909e+05 3.61681516e+05 2.90322563e+05 9.00962427e+04 4.06729226e+05 3.29915950e+05 0.00000000e+00 1.16378560e+06 1.38508488e+06 5.13968592e+05 1.37919207e+06 1.77313969e+05 3.97465000e+05 1.31443694e+06 1.59568026e+06 1.71990294e+06 1.48793864e+06 1.14487069e+06 1.07365096e+06 1.24535103e+06 1.17953904e+06 1.20738296e+06 1.62184249e+06
1.75605615e+06 1.15553899e+06 1.26715659e+06 9.92099630e+05 1.33188979e+06 1.36794900e+06 1.25464748e+06 1.34168423e+06 1.24969239e+06 1.13352627e+06 1.39218303e+06 1.40126368e+06 1.16378560e+06 0.00000000e+00 3.63268331e+05 1.23673348e+06 3.63646534e+05 1.15212878e+06 1.41147222e+06 1.40379026e+06 1.39276307e+06 1.49299169e+06 1.95823497e+06 1.71209324e+06 1.90530743e+06 1.53104241e+06 1.45308754e+06 1.92068703e+06 1.41964213e+06
1.61952015e+06 1.42228324e+06 1.20549655e+06 7.66082181e+05 1.10620551e+06 1.11232328e+06 1.03201473e+06 1.08732010e+06 1.19653118e+06 1.35549309e+06 1.13766330e+06 1.13590516e+06 1.38508488e+06 3.63268331e+05 0.00000000e+00 1.01000948e+06 1.40462278e+05 1.42311581e+06 1.12591811e+06 1.36900757e+06 1.35607611e+06 1.48022526e+06 1.83140065e+06 1.69668262e+06 2.03907001e+06 1.55563147e+06 1.58662474e+06 1.88893308e+06 1.38554841e+06
9.02262234e+05 5.10901664e+05 4.01798154e+05 2.91026638e+05 1.64160530e+05 2.28347130e+05 9.49049385e+04 1.84969690e+05 2.80994084e+05 4.85897608e+05 2.31967526e+05 2.54776352e+05 5.13968592e+05 1.23673348e+06 1.01000948e+06 0.00000000e+00 9.46507143e+05 5.01278285e+05 2.63983775e+05 1.31897091e+06 1.61225323e+06 1.74699824e+06 1.29074885e+06 1.04453462e+06 1.28444442e+06 1.22091564e+06 1.26924941e+06 1.23082960e+06 1.64210610e+06
1.59100817e+06 1.37578519e+06 1.16922944e+06 6.81087788e+05 1.04412209e+06 1.08909650e+06 9.63050669e+05 1.05850329e+06 1.14156759e+06 1.34858194e+06 1.10949836e+06 1.12003338e+06 1.37919207e+06 3.63646534e+05 1.40462278e+05 9.46507143e+05 0.00000000e+00 1.37519258e+06 1.13428772e+06 1.33652127e+06 1.31828220e+06 1.43452725e+06 1.79311176e+06 1.65930225e+06 2.01235286e+06 1.51790121e+06 1.55403060e+06 1.86020882e+06 1.34864999e+06
1.10456279e+06 1.80447060e+05 3.81316066e+05 7.23891334e+05 4.86959223e+05 3.93974487e+05 5.24522244e+05 3.88457477e+05 3.02555748e+05 1.44409091e+05 4.33394367e+05 4.28165226e+05 1.77313969e+05 1.15212878e+06 1.42311581e+06 5.01278285e+05 1.37519258e+06 0.00000000e+00 4.02776267e+05 1.33253650e+06 1.61464443e+06 1.73843166e+06 1.50572508e+06 1.16318795e+06 1.09496986e+06 1.26422270e+06 1.19912221e+06 1.22649550e+06 1.64098481e+06
9.55456506e+05 4.48424456e+05 3.06364382e+05 4.85626280e+05 2.48619753e+05 1.27814850e+05 2.91404071e+05 1.23258777e+05 2.49229902e+05 3.67634720e+05 1.67780981e+05 1.55483177e+05 3.97465000e+05 1.41147222e+06 1.12591811e+06 2.63983775e+05 1.13428772e+06 4.02776267e+05 0.00000000e+00 1.29149848e+06 1.57076863e+06 1.70911681e+06 1.36278464e+06 1.13234381e+06 1.22074442e+06 1.27420038e+06 1.31875238e+06 1.18487662e+06 1.59928798e+06
1.72412920e+06 1.33397421e+06 1.35557731e+06 1.33645061e+06 1.32781865e+06 1.25812899e+06 1.33941174e+06 1.23841303e+06 1.22107575e+06 1.28565110e+06 1.28736437e+06 1.28174310e+06 1.31443694e+06 1.40379026e+06 1.36900757e+06 1.31897091e+06 1.33652127e+06 1.33253650e+06 1.29149848e+06 0.00000000e+00 1.42683256e+06 1.82235382e+06 1.99059186e+06 1.68000049e+06 1.86530611e+06 1.82724543e+06 1.78397672e+06 1.79149209e+06 1.43905871e+06
2.04548744e+06 1.61670569e+06 1.63476088e+06 1.58280498e+06 1.63583344e+06 1.53346392e+06 1.63391922e+06 1.54670533e+06 1.53339895e+06 1.56705145e+06 1.59892334e+06 1.56247348e+06 1.59568026e+06 1.39276307e+06 1.35607611e+06 1.61225323e+06 1.31828220e+06 1.61464443e+06 1.57076863e+06 1.42683256e+06 0.00000000e+00 1.79487129e+06 2.33654340e+06 2.30594842e+06 2.18866542e+06 1.88665037e+06 1.93144690e+06 2.09614072e+06 1.24978151e+06
2.17472179e+06 1.73529683e+06 1.70650056e+06 1.71405297e+06 1.74391612e+06 1.67076366e+06 1.77089227e+06 1.63825663e+06 1.68964995e+06 1.68927733e+06 1.68773140e+06 1.69870315e+06 1.71990294e+06 1.49299169e+06 1.48022526e+06 1.74699824e+06 1.43452725e+06 1.73843166e+06 1.70911681e+06 1.82235382e+06 1.79487129e+06 0.00000000e+00 2.48031049e+06 2.19232287e+06 2.36698252e+06 2.02615665e+06 2.01158379e+06 2.50404447e+06 1.82927658e+06
1.71833117e+06 1.50135824e+06 1.40153753e+06 1.29859752e+06 1.36385899e+06 1.31941710e+06 1.31336535e+06 1.29971386e+06 1.37497306e+06 1.45702135e+06 1.35298650e+06 1.34587193e+06 1.48793864e+06 1.95823497e+06 1.83140065e+06 1.29074885e+06 1.79311176e+06 1.50572508e+06 1.36278464e+06 1.99059186e+06 2.33654340e+06 2.48031049e+06 0.00000000e+00 1.62909019e+06 2.00498769e+06 1.73477698e+06 2.08092966e+06 1.91051958e+06 2.32569072e+06
1.40497938e+06 1.15702084e+06 1.07675897e+06 1.11507856e+06 1.09483777e+06 1.09340177e+06 1.06917622e+06 1.06100634e+06 1.11124488e+06 1.11389692e+06 1.11159083e+06 1.12147058e+06 1.14487069e+06 1.71209324e+06 1.69668262e+06 1.04453462e+06 1.65930225e+06 1.16318795e+06 1.13234381e+06 1.68000049e+06 2.30594842e+06 2.19232287e+06 1.62909019e+06 0.00000000e+00 1.60956534e+06 1.56903172e+06 1.68125673e+06 1.71289795e+06 2.33473010e+06
1.62790406e+06 1.09283034e+06 1.18747115e+06 1.45161132e+06 1.28305587e+06 1.18083247e+06 1.30829645e+06 1.18217213e+06 1.14226869e+06 1.04165479e+06 1.21103622e+06 1.21313878e+06 1.07365096e+06 1.90530743e+06 2.03907001e+06 1.28444442e+06 2.01235286e+06 1.09496986e+06 1.22074442e+06 1.86530611e+06 2.18866542e+06 2.36698252e+06 2.00498769e+06 1.60956534e+06 0.00000000e+00 1.73415387e+06 1.75326396e+06 1.76269997e+06 2.22682941e+06
1.64772305e+06 1.25719906e+06 1.27706937e+06 1.26202906e+06 1.29705832e+06 1.22596368e+06 1.24279537e+06 1.23951511e+06 1.31361325e+06 1.21563409e+06 1.29036105e+06 1.25957166e+06 1.24535103e+06 1.53104241e+06 1.55563147e+06 1.22091564e+06 1.51790121e+06 1.26422270e+06 1.27420038e+06 1.82724543e+06 1.88665037e+06 2.02615665e+06 1.73477698e+06 1.56903172e+06 1.73415387e+06 0.00000000e+00 1.70627733e+06 1.84722597e+06 1.90842461e+06
1.62079934e+06 1.19283732e+06 1.28764381e+06 1.43137609e+06 1.32373925e+06 1.28132628e+06 1.29031106e+06 1.27485729e+06 1.24424162e+06 1.14996409e+06 1.32598122e+06 1.31270565e+06 1.17953904e+06 1.45308754e+06 1.58662474e+06 1.26924941e+06 1.55403060e+06 1.19912221e+06 1.31875238e+06 1.78397672e+06 1.93144690e+06 2.01158379e+06 2.08092966e+06 1.68125673e+06 1.75326396e+06 1.70627733e+06 0.00000000e+00 1.91771439e+06 1.95814694e+06
1.60239696e+06 1.22859379e+06 1.19415605e+06 1.30645506e+06 1.25187451e+06 1.14903812e+06 1.25560596e+06 1.15856825e+06 1.14404775e+06 1.17653044e+06 1.21030196e+06 1.17932461e+06 1.20738296e+06 1.92068703e+06 1.88893308e+06 1.23082960e+06 1.86020882e+06 1.22649550e+06 1.18487662e+06 1.79149209e+06 2.09614072e+06 2.50404447e+06 1.91051958e+06 1.71289795e+06 1.76269997e+06 1.84722597e+06 1.91771439e+06 0.00000000e+00 2.12096278e+06
2.08216836e+06 1.64241373e+06 1.66055319e+06 1.60931680e+06 1.66550752e+06 1.56287034e+06 1.66391820e+06 1.57335423e+06 1.55817106e+06 1.59317419e+06 1.62594477e+06 1.59099874e+06 1.62184249e+06 1.41964213e+06 1.38554841e+06 1.64210610e+06 1.34864999e+06 1.64098481e+06 1.59928798e+06 1.43905871e+06 1.24978151e+06 1.82927658e+06 2.32569072e+06 2.33473010e+06 2.22682941e+06 1.90842461e+06 1.95814694e+06 2.12096278e+06 0.00000000e+00
