0.00000000e+00 1.37661876e+07 1.26760847e+07 1.33491838e+07 1.18756432e+07 1.14892156e+07 1.15622228e+07 1.13681801e+07 1.18718237e+07 1.32235166e+07 1.19283205e+07 1.18823495e+07 1.35743565e+07 2.18538520e+07 2.01751903e+07 1.12699009e+07 1.97490339e+07 1.37869193e+07 1.19571516e+07 2.17073135e+07 2.49974362e+07 2.62496045e+07 2.06505294e+07 1.73553654e+07 1.96611611e+07 2.04938856e+07 2.00473806e+07 1.93785682e+07 2.54539877e+07
1.37661876e+07 0.00000000e+00 4.63480405e+06 8.79803799e+06 5.86536002e+06 4.82278045e+06 6.46363570e+06 4.94011093e+06 3.44473095e+06 1.41384323e+06 4.99846883e+06 5.34985000e+06 2.05985485e+06 1.41629207e+07 1.74554359e+07 6.25865601e+06 1.68127969e+07 2.20962811e+06 5.50664743e+06 1.65858689e+07 1.94282529e+07 2.05995213e+07 1.77303359e+07 1.40753137e+07 1.29026337e+07 1.54164176e+07 1.45083031e+07 1.45771833e+07 1.97566244e+07
1.26760847e+07 4.63480405e+06 0.00000000e+00 6.40949187e+06 4.71591599e+06 3.14483688e+06 5.22979183e+06 3.19919084e+06 3.46290543e+06 3.84372464e+06 3.72926800e+06 3.60955572e+06 4.20370179e+06 1.55495384e+07 1.48078321e+07 4.92758873e+06 1.43032082e+07 4.67710562e+06 3.76309610e+06 1.68740058e+07 1.96562241e+07 2.02672943e+07 1.65371078e+07 1.31031717e+07 1.40507193e+07 1.56734707e+07 1.56910992e+07 1.41668911e+07 1.99923216e+07
1.33491838e+07 8.79803799e+06 6.40949187e+06 0.00000000e+00 4.73091334e+06 5.27864645e+06 3.74434148e+06 4.89267899e+06 5.90590096e+06 8.45974318e+06 5.45472536e+06 5.71505428e+06 8.90045116e+06 1.21281293e+07 9.37381598e+06 3.55112390e+06 8.30240772e+06 8.85027086e+06 5.94398831e+06 1.65818470e+07 1.89623806e+07 2.02943312e+07 1.52610219e+07 1.35272364e+07 1.71999319e+07 1.54373137e+07 1.74100603e+07 1.54804708e+07 1.93134404e+07
1.18756432e+07 5.86536002e+06 4.71591599e+06 4.73091334e+06 0.00000000e+00 2.42457082e+06 2.15532222e+06 2.10579450e+06 3.24640537e+06 5.74668463e+06 2.38645843e+06 2.79983476e+06 6.10831010e+06 1.62600572e+07 1.35175834e+07 1.99848157e+06 1.27031047e+07 5.94199907e+06 3.03805846e+06 1.64467429e+07 1.95790284e+07 2.06147058e+07 1.60198110e+07 1.32660752e+07 1.51434180e+07 1.58417348e+07 1.60559713e+07 1.48044798e+07 1.99594932e+07
1.14892156e+07 4.82278045e+06 3.14483688e+06 5.27864645e+06 2.42457082e+06 0.00000000e+00 2.81586613e+06 9.92841284e+05 2.18458038e+06 3.56924469e+06 1.52921923e+06 1.20838258e+06 4.34151741e+06 1.67377566e+07 1.36198113e+07 2.78945271e+06 1.32802762e+07 4.82147818e+06 1.56449887e+06 1.56269256e+07 1.83789613e+07 1.97689541e+07 1.55080276e+07 1.32729325e+07 1.39374007e+07 1.50032125e+07 1.55713727e+07 1.35901920e+07 1.87521730e+07
1.15622228e+07 6.46363570e+06 5.22979183e+06 3.74434148e+06 2.15532222e+06 2.81586613e+06 0.00000000e+00 2.48824144e+06 3.63738156e+06 6.12672952e+06 3.05327381e+06 3.30280832e+06 6.56726606e+06 1.53135184e+07 1.26065073e+07 1.14554822e+06 1.17238902e+07 6.39151957e+06 3.54963031e+06 1.65870584e+07 1.95470854e+07 2.09331201e+07 1.54040268e+07 1.29418885e+07 1.54411249e+07 1.51692193e+07 1.56463246e+07 1.48365229e+07 1.99313369e+07
1.13681801e+07 4.94011093e+06 3.19919084e+06 4.89267899e+06 2.10579450e+06 9.92841284e+05 2.48824144e+06 0.00000000e+00 1.92997861e+06 3.94961047e+06 6.38780469e+05 1.47270877e+06 4.42640024e+06 1.64148026e+07 1.33129919e+07 2.25755920e+06 1.29034549e+07 4.75301431e+06 1.50840113e+06 1.53821101e+07 1.85321193e+07 1.93762273e+07 1.52700443e+07 1.28768490e+07 1.39505008e+07 1.51683024e+07 1.54906242e+07 1.37029594e+07 1.88771529e+07
1.18718237e+07 3.44473095e+06 3.46290543e+06 5.90590096e+06 3.24640537e+06 2.18458038e+06 3.63738156e+06 1.92997861e+06 0.00000000e+00 2.69420415e+06 2.46278709e+06 2.89333587e+06 3.53756908e+06 1.52516396e+07 1.46165099e+07 3.42112391e+06 1.38964116e+07 3.68701430e+06 3.04049054e+06 1.51315598e+07 1.83332555e+07 1.99614651e+07 1.61424883e+07 1.34582945e+07 1.34517597e+07 1.60373988e+07 1.50916582e+07 1.35039421e+07 1.86556640e+07
1.32235166e+07 1.41384323e+06 3.84372464e+06 8.45974318e+06 5.74668463e+06 3.56924469e+06 6.12672952e+06 3.94961047e+06 2.69420415e+06 0.00000000e+00 4.47613883e+06 4.36176799e+06 1.10149605e+06 1.38690398e+07 1.66057201e+07 5.94225053e+06 1.64555664e+07 1.76650744e+06 4.50776190e+06 1.59686470e+07 1.87954009e+07 2.00164492e+07 1.71705518e+07 1.35289814e+07 1.22700221e+07 1.48818429e+07 1.39621318e+07 1.39309386e+07 1.91286154e+07
1.19283205e+07 4.99846883e+06 3.72926800e+06 5.45472536e+06 2.38645843e+06 1.52921923e+06 3.05327381e+06 6.38780469e+05 2.46278709e+06 4.47613883e+06 0.00000000e+00 2.01349638e+06 4.95625199e+06 1.69664622e+07 1.38758804e+07 2.81985409e+06 1.34758795e+07 5.28058843e+06 2.04425501e+06 1.59242232e+07 1.91032133e+07 1.99123018e+07 1.58680147e+07 1.34491157e+07 1.42583200e+07 1.57343210e+07 1.60585374e+07 1.42870836e+07 1.94514824e+07
1.18823495e+07 5.34985000e+06 3.60955572e+06 5.71505428e+06 2.79983476e+06 1.20838258e+06 3.30280832e+06 1.47270877e+06 2.89333587e+06 4.36176799e+06 2.01349638e+06 0.00000000e+00 4.03955909e+06 1.71516376e+07 1.39142495e+07 3.11329153e+06 1.36598951e+07 5.24213034e+06 1.90463573e+06 1.59233111e+07 1.87387078e+07 2.01123136e+07 1.58340593e+07 1.36196300e+07 1.43310714e+07 1.54212828e+07 1.59590203e+07 1.39615052e+07 1.91015456e+07
1.35743565e+07 2.05985485e+06 4.20370179e+06 8.90045116e+06 6.10831010e+06 4.34151741e+06 6.56726606e+06 4.42640024e+06 3.53756908e+06 1.10149605e+06 4.95625199e+06 4.03955909e+06 0.00000000e+00 1.42395726e+07 1.69675660e+07 6.28679879e+06 1.68277745e+07 2.17192287e+06 4.87527113e+06 1.63228878e+07 1.91441054e+07 2.03867406e+07 1.75453228e+07 1.39075885e+07 1.26581358e+07 1.52460421e+07 1.43240336e+07 1.43058436e+07 1.94776670e+07
2.18538520e+07 1.41629207e+07 1.55495384e+07 1.21281293e+07 1.62600572e+07 1.67377566e+07 1.53135184e+07 1.64148026e+07 1.52516396e+07 1.38690398e+07 1.69664622e+07 1.71516376e+07 1.42395726e+07 0.00000000e+00 4.45214221e+06 1.51288896e+07 4.43515073e+06 1.40952874e+07 1.73022189e+07 1.74042195e+07 1.67153868e+07 1.77388285e+07 2.32492672e+07 2.08307047e+07 2.27224445e+07 1.87619706e+07 1.76935751e+07 2.29213331e+07 1.70837074e+07
2.01751903e+07 1.74554359e+07 1.48078321e+07 9.37381598e+06 1.35175834e+07 1.36198113e+07 1.26065073e+07 1.33129919e+07 1.46165099e+07 1.66057201e+07 1.38758804e+07 1.39142495e+07 1.69675660e+07 4.45214221e+06 0.00000000e+00 1.23667820e+07 1.70966581e+06 1.74330484e+07 1.38099827e+07 1.69923582e+07 1.62802407e+07 1.75783029e+07 2.17324655e+07 2.06558695e+07 2.43438992e+07 1.90770778e+07 1.93432944e+07 2.25483562e+07 1.66808917e+07
1.12699009e+07 6.25865601e+06 4.92758873e+06 3.55112390e+06 1.99848157e+06 2.78945271e+06 1.14554822e+06 2.25755920e+06 3.42112391e+06 5.94225053e+06 2.81985409e+06 3.11329153e+06 6.28679879e+06 1.51288896e+07 1.23667820e+07 0.00000000e+00 1.15402162e+07 6.13025400e+06 3.23299103e+06 1.63703623e+07 1.93252081e+07 2.06827884e+07 1.51633401e+07 1.26741975e+07 1.51829840e+07 1.49375518e+07 1.54198768e+07 1.45693906e+07 1.97081389e+07
1.97490339e+07 1.68127969e+07 1.43032082e+07 8.30240772e+06 1.27031047e+07 1.32802762e+07 1.17238902e+07 1.29034549e+07 1.38964116e+07 1.64555664e+07 1.34758795e+07 1.36598951e+07 1.68277745e+07 4.43515073e+06 1.70966581e+06 1.15402162e+07 0.00000000e+00 1.67789402e+07 1.38549076e+07 1.65311683e+07 1.57709391e+07 1.69831399e+07 2.12015529e+07 2.01298251e+07 2.39450237e+07 1.85492652e+07 1.88879128e+07 2.21251340e+07 1.61806827e+07
1.37869193e+07 2.20962811e+06 4.67710562e+06 8.85027086e+06 5.94199907e+06 4.82147818e+06 6.39151957e+06 4.75301431e+06 3.68701430e+06 1.76650744e+06 5.28058843e+06 5.24213034e+06 2.17192287e+06 1.40952874e+07 1.74330484e+07 6.13025400e+06 1.67789402e+07 0.00000000e+00 4.93928156e+06 1.65446062e+07 1.93737080e+07 2.06103649e+07 1.77591904e+07 1.41297670e+07 1.29155213e+07 1.54760438e+07 1.45641419e+07 1.45359440e+07 1.97094150e+07
1.19571516e+07 5.50664743e+06 3.76309610e+06 5.94398831e+06 3.03805846e+06 1.56449887e+06 3.54963031e+06 1.50840113e+06 3.04049054e+06 4.50776190e+06 2.04425501e+06 1.90463573e+06 4.87527113e+06 1.73022189e+07 1.38099827e+07 3.23299103e+06 1.38549076e+07 4.93928156e+06 0.00000000e+00 1.60654775e+07 1.88623793e+07 2.02641562e+07 1.60545725e+07 1.37712504e+07 1.44419154e+07 1.56196647e+07 1.60565363e+07 1.40475906e+07 1.92251248e+07
2.17073135e+07 1.65858689e+07 1.68740058e+07 1.65818470e+07 1.64467429e+07 1.56269256e+07 1.65870584e+07 1.53821101e+07 1.51315598e+07 1.59686470e+07 1.59242232e+07 1.59233111e+07 1.63228878e+07 1.74042195e+07 1.69923582e+07 1.63703623e+07 1.65311683e+07 1.65446062e+07 1.60654775e+07 0.00000000e+00 1.73256136e+07 2.19059345e+07 2.39054666e+07 2.06879738e+07 2.25031453e+07 2.26501357e+07 2.20163346e+07 2.16218581e+07 1.75081661e+07
2.49974362e+07 1.94282529e+07 1.96562241e+07 1.89623806e+07 1.95790284e+07 1.83789613e+07 1.95470854e+07 1.85321193e+07 1.83332555e+07 1.87954009e+07 1.91032133e+07 1.87387078e+07 1.91441054e+07 1.67153868e+07 1.62802407e+07 1.93252081e+07 1.57709391e+07 1.93737080e+07 1.88623793e+07 1.73256136e+07 0.00000000e+00 2.10622089e+07 2.74084324e+07 2.76395110e+07 2.57719133e+07 2.27262105e+07 2.31836793e+07 2.46842744e+07 1.47873122e+07
2.62496045e+07 2.05995213e+07 2.02672943e+07 2.02943312e+07 2.06147058e+07 1.97689541e+07 2.09331201e+07 1.93762273e+07 1.99614651e+07 2.00164492e+07 1.99123018e+07 2.01123136e+07 2.03867406e+07 1.77388285e+07 1.75783029e+07 2.06827884e+07 1.69831399e+07 2.06103649e+07 2.02641562e+07 2.19059345e+07 2.10622089e+07 0.00000000e+00 2.88145959e+07 2.59786334e+07 2.76069198e+07 2.41476808e+07 2.38780125e+07 2.92714667e+07 2.14941236e+07
2.06505294e+07 1.77303359e+07 1.65371078e+07 1.52610219e+07 1.60198110e+07 1.55080276e+07 1.54040268e+07 1.52700443e+07 1.61424883e+07 1.71705518e+07 1.58680147e+07 1.58340593e+07 1.75453228e+07 2.32492672e+07 2.17324655e+07 1.51633401e+07 2.12015529e+07 1.77591904e+07 1.60545725e+07 2.39054666e+07 2.74084324e+07 2.88145959e+07 0.00000000e+00 1.92001391e+07 2.33055774e+07 2.05925015e+07 2.46860122e+07 2.21738978e+07 2.73561149e+07
1.73553654e+07 1.40753137e+07 1.31031717e+07 1.35272364e+07 1.32660752e+07 1.32729325e+07 1.29418885e+07 1.28768490e+07 1.34582945e+07 1.35289814e+07 1.34491157e+07 1.36196300e+07 1.39075885e+07 2.08307047e+07 2.06558695e+07 1.26741975e+07 2.01298251e+07 1.41297670e+07 1.37712504e+07 2.06879738e+07 2.76395110e+07 2.59786334e+07 1.92001391e+07 0.00000000e+00 1.90671370e+07 1.90962830e+07 2.03766206e+07 2.03251526e+07 2.79968871e+07
1.96611611e+07 1.29026337e+07 1.40507193e+07 1.71999319e+07 1.51434180e+07 1.39374007e+07 1.54411249e+07 1.39505008e+07 1.34517597e+07 1.22700221e+07 1.42583200e+07 1.43310714e+07 1.26581358e+07 2.27224445e+07 2.43438992e+07 1.51829840e+07 2.39450237e+07 1.29155213e+07 1.44419154e+07 2.25031453e+07 2.57719133e+07 2.76069198e+07 2.33055774e+07 1.90671370e+07 0.00000000e+00 2.06719739e+07 2.08389440e+07 2.05209598e+07 2.62321100e+07
2.04938856e+07 1.54164176e+07 1.56734707e+07 1.54373137e+07 1.58417348e+07 1.50032125e+07 1.51692193e+07 1.51683024e+07 1.60373988e+07 1.48818429e+07 1.57343210e+07 1.54212828e+07 1.52460421e+07 1.87619706e+07 1.90770778e+07 1.49375518e+07 1.85492652e+07 1.54760438e+07 1.56196647e+07 2.26501357e+07 2.27262105e+07 2.41476808e+07 2.05925015e+07 1.90962830e+07 2.06719739e+07 0.00000000e+00 2.07989324e+07 2.20627225e+07 2.30093984e+07
2.00473806e+07 1.45083031e+07 1.56910992e+07 1.74100603e+07 1.60559713e+07 1.55713727e+07 1.56463246e+07 1.54906242e+07 1.50916582e+07 1.39621318e+07 1.60585374e+07 1.59590203e+07 1.43240336e+07 1.76935751e+07 1.93432944e+07 1.54198768e+07 1.88879128e+07 1.45641419e+07 1.60565363e+07 2.20163346e+07 2.31836793e+07 2.38780125e+07 2.46860122e+07 2.03766206e+07 2.08389440e+07 2.07989324e+07 0.00000000e+00 2.28085980e+07 2.35180817e+07
1.93785682e+07 1.45771833e+07 1.41668911e+07 1.54804708e+07 1.48044798e+07 1.35901920e+07 1.48365229e+07 1.37029594e+07 1.35039421e+07 1.39309386e+07 1.42870836e+07 1.39615052e+07 1.43058436e+07 2.29213331e+07 2.25483562e+07 1.45693906e+07 2.21251340e+07 1.45359440e+07 1.40475906e+07 2.16218581e+07 2.46842744e+07 2.92714667e+07 2.21738978e+07 2.03251526e+07 2.05209598e+07 2.20627225e+07 2.28085980e+07 0.00000000e+00 2.50004274e+07
2.54539877e+07 1.97566244e+07 1.99923216e+07 1.93134404e+07 1.99594932e+07 1.87521730e+07 1.99313369e+07 1.88771529e+07 1.86556640e+07 1.91286154e+07 1.94514824e+07 1.91015456e+07 1.94776670e+07 1.70837074e+07 1.66808917e+07 1.97081389e+07 1.61806827e+07 1.97094150e+07 1.92251248e+07 1.75081661e+07 1.47873122e+07 2.14941236e+07 2.73561149e+07 2.79968871e+07 2.62321100e+07 2.30093984e+07 2.35180817e+07 2.50004274e+07 0.00000000e+00
