0.000000e+00 1.806754e-03 1.780433e-03 1.812111e-03 1.830608e-03 1.762103e-03 1.750135e-03 1.722421e-03 1.730094e-03 1.729977e-03
1.806754e-03 0.000000e+00 1.764607e-03 1.796174e-03 1.812387e-03 1.740087e-03 1.742012e-03 1.709078e-03 1.716232e-03 1.722052e-03
1.780433e-03 1.764607e-03 0.000000e+00 1.765607e-03 1.788450e-03 1.719628e-03 1.715681e-03 1.683127e-03 1.689914e-03 1.695720e-03
1.812111e-03 1.796174e-03 1.765607e-03 0.000000e+00 1.820118e-03 1.751296e-03 1.747344e-03 1.711345e-03 1.721576e-03 1.727388e-03
1.830608e-03 1.812387e-03 1.788450e-03 1.820118e-03 0.000000e+00 1.754530e-03 1.756150e-03 1.719151e-03 1.705917e-03 1.745879e-03
1.762103e-03 1.740087e-03 1.719628e-03 1.751296e-03 1.754530e-03 0.000000e+00 1.613684e-03 1.610928e-03 1.571849e-03 1.602546e-03
1.750135e-03 1.742012e-03 1.715681e-03 1.747344e-03 1.756150e-03 1.613684e-03 0.000000e+00 1.575613e-03 1.575778e-03 1.594039e-03
1.722421e-03 1.709078e-03 1.683127e-03 1.711345e-03 1.719151e-03 1.610928e-03 1.575613e-03 0.000000e+00 1.533845e-03 1.533913e-03
1.730094e-03 1.716232e-03 1.689914e-03 1.721576e-03 1.705917e-03 1.571849e-03 1.575778e-03 1.533845e-03 0.000000e+00 1.585407e-03
1.729977e-03 1.722052e-03 1.695720e-03 1.727388e-03 1.745879e-03 1.602546e-03 1.594039e-03 1.533913e-03 1.585407e-03 0.000000e+00
