0.000000e+00 9.193655e-02 9.074336e-02 9.169877e-02 9.223283e-02 8.614812e-02 8.399247e-02 8.236643e-02 8.485083e-02 8.550416e-02
9.193655e-02 0.000000e+00 9.064962e-02 9.147715e-02 9.175543e-02 8.560344e-02 8.421648e-02 8.249583e-02 8.508407e-02 8.573202e-02
9.074336e-02 9.064962e-02 0.000000e+00 8.961760e-02 9.094590e-02 8.486118e-02 8.315785e-02 8.143721e-02 8.410621e-02 8.467338e-02
9.169877e-02 9.147715e-02 8.961760e-02 0.000000e+00 9.177343e-02 8.568871e-02 8.398538e-02 8.199550e-02 8.493374e-02 8.550091e-02
9.223283e-02 9.175543e-02 9.094590e-02 9.177343e-02 0.000000e+00 8.541317e-02 8.377822e-02 8.195553e-02 8.342559e-02 8.602835e-02
8.614812e-02 8.560344e-02 8.486118e-02 8.568871e-02 8.541317e-02 0.000000e+00 7.289847e-02 7.235657e-02 7.289389e-02 7.426804e-02
8.399247e-02 8.421648e-02 8.315785e-02 8.398538e-02 8.377822e-02 7.289847e-02 0.000000e+00 6.935616e-02 7.136729e-02 7.256400e-02
8.236643e-02 8.249583e-02 8.143721e-02 8.199550e-02 8.195553e-02 7.235657e-02 6.935616e-02 0.000000e+00 6.924984e-02 6.941687e-02
8.485083e-02 8.508407e-02 8.410621e-02 8.493374e-02 8.342559e-02 7.289389e-02 7.136729e-02 6.924984e-02 0.000000e+00 7.351042e-02
8.550416e-02 8.573202e-02 8.467338e-02 8.550091e-02 8.602835e-02 7.426804e-02 7.256400e-02 6.941687e-02 7.351042e-02 0.000000e+00
