0.000000e+00 3.506645e-02 3.452205e-02 3.516369e-02 3.555914e-02 3.423771e-02 3.400578e-02 3.346762e-02 3.363175e-02 3.359271e-02
3.506645e-02 0.000000e+00 3.431468e-02 3.495599e-02 3.530470e-02 3.391486e-02 3.394797e-02 3.331393e-02 3.346201e-02 3.353875e-02
3.452205e-02 3.431468e-02 0.000000e+00 3.433057e-02 3.480733e-02 3.348488e-02 3.340353e-02 3.277078e-02 3.291762e-02 3.299430e-02
3.516369e-02 3.495599e-02 3.433057e-02 0.000000e+00 3.544899e-02 3.412653e-02 3.404515e-02 3.334508e-02 3.355921e-02 3.363594e-02
3.555914e-02 3.530470e-02 3.480733e-02 3.544899e-02 0.000000e+00 3.422387e-02 3.425128e-02 3.353161e-02 3.328719e-02 3.403139e-02
3.423771e-02 3.391486e-02 3.348488e-02 3.412653e-02 3.422387e-02 0.000000e+00 3.150120e-02 3.144637e-02 3.069445e-02 3.125871e-02
3.400578e-02 3.394797e-02 3.340353e-02 3.404515e-02 3.425128e-02 3.150120e-02 0.000000e+00 3.075985e-02 3.077060e-02 3.110442e-02
3.346762e-02 3.331393e-02 3.277078e-02 3.334508e-02 3.353161e-02 3.144637e-02 3.075985e-02 0.000000e+00 2.995469e-02 2.993008e-02
3.363175e-02 3.346201e-02 3.291762e-02 3.355921e-02 3.328719e-02 3.069445e-02 3.077060e-02 2.995469e-02 0.000000e+00 3.094098e-02
3.359271e-02 3.353875e-02 3.299430e-02 3.363594e-02 3.403139e-02 3.125871e-02 3.110442e-02 2.993008e-02 3.094098e-02 0.000000e+00
