0.000000e+00 1.099598e-01 1.086752e-01 1.098285e-01 1.103596e-01 1.052037e-01 1.038404e-01 1.011882e-01 1.028402e-01 1.036621e-01
1.099598e-01 0.000000e+00 1.076695e-01 1.088227e-01 1.091250e-01 1.038343e-01 1.033359e-01 1.004944e-01 1.022465e-01 1.031653e-01
1.086752e-01 1.076695e-01 0.000000e+00 1.068899e-01 1.080692e-01 1.029134e-01 1.020513e-01 9.920979e-02 1.009619e-01 1.018806e-01
1.098285e-01 1.088227e-01 1.068899e-01 0.000000e+00 1.092226e-01 1.040668e-01 1.032046e-01 1.000937e-01 1.021152e-01 1.030340e-01
1.103596e-01 1.091250e-01 1.080692e-01 1.092226e-01 0.000000e+00 1.036643e-01 1.030161e-01 9.997031e-02 1.004003e-01 1.035652e-01
1.052037e-01 1.038343e-01 1.029134e-01 1.040668e-01 1.036643e-01 0.000000e+00 9.282735e-02 9.155492e-02 9.064185e-02 9.278190e-02
1.038404e-01 1.033359e-01 1.020513e-01 1.032046e-01 1.030161e-01 9.282735e-02 0.000000e+00 8.898379e-02 8.999989e-02 9.182395e-02
1.011882e-01 1.004944e-01 9.920979e-02 1.000937e-01 9.997031e-02 9.155492e-02 8.898379e-02 0.000000e+00 8.686882e-02 8.719598e-02
1.028402e-01 1.022465e-01 1.009619e-01 1.021152e-01 1.004003e-01 9.064185e-02 8.999989e-02 8.686882e-02 0.000000e+00 9.112947e-02
1.036621e-01 1.031653e-01 1.018806e-01 1.030340e-01 1.035652e-01 9.278190e-02 9.182395e-02 8.719598e-02 9.112947e-02 0.000000e+00
