0.000000e+00 2.314081e-02 2.280306e-02 2.307011e-02 2.324798e-02 2.186253e-02 2.139717e-02 2.091091e-02 2.143204e-02 2.165306e-02
2.314081e-02 0.000000e+00 2.271512e-02 2.296106e-02 2.308192e-02 2.167540e-02 2.139837e-02 2.088245e-02 2.143615e-02 2.165547e-02
2.280306e-02 2.271512e-02 0.000000e+00 2.247761e-02 2.282228e-02 2.143684e-02 2.108168e-02 2.056575e-02 2.112367e-02 2.133878e-02
2.307011e-02 2.296106e-02 2.247761e-02 0.000000e+00 2.306822e-02 2.168278e-02 2.132762e-02 2.074835e-02 2.136962e-02 2.158472e-02
2.324798e-02 2.308192e-02 2.282228e-02 2.306822e-02 0.000000e+00 2.166162e-02 2.133396e-02 2.078603e-02 2.105232e-02 2.176266e-02
2.186253e-02 2.167540e-02 2.143684e-02 2.168278e-02 2.166162e-02 0.000000e+00 1.881306e-02 1.861002e-02 1.860229e-02 1.904279e-02
2.139717e-02 2.139837e-02 2.108168e-02 2.132762e-02 2.133396e-02 1.881306e-02 0.000000e+00 1.792139e-02 1.828623e-02 1.868458e-02
2.091091e-02 2.088245e-02 2.056575e-02 2.074835e-02 2.078603e-02 1.861002e-02 1.792139e-02 0.000000e+00 1.770137e-02 1.779681e-02
2.143204e-02 2.143615e-02 2.112367e-02 2.136962e-02 2.105232e-02 1.860229e-02 1.828623e-02 1.770137e-02 0.000000e+00 1.873728e-02
2.165306e-02 2.165547e-02 2.133878e-02 2.158472e-02 2.176266e-02 1.904279e-02 1.868458e-02 1.779681e-02 1.873728e-02 0.000000e+00
