0.000000e+00 2.711312e-03 2.681967e-03 2.708676e-03 2.720888e-03 2.592270e-03 2.558757e-03 2.493538e-03 2.534421e-03 2.555896e-03
2.711312e-03 0.000000e+00 2.655473e-03 2.682116e-03 2.688782e-03 2.556840e-03 2.544604e-03 2.474731e-03 2.518072e-03 2.541932e-03
2.681967e-03 2.655473e-03 0.000000e+00 2.636450e-03 2.665012e-03 2.536432e-03 2.515245e-03 2.445368e-03 2.488710e-03 2.512573e-03
2.708676e-03 2.682116e-03 2.636450e-03 0.000000e+00 2.691733e-03 2.563141e-03 2.541955e-03 2.465450e-03 2.515421e-03 2.539283e-03
2.720888e-03 2.688782e-03 2.665012e-03 2.691733e-03 0.000000e+00 2.552408e-03 2.536484e-03 2.461589e-03 2.472408e-03 2.551515e-03
2.592270e-03 2.556840e-03 2.536432e-03 2.563141e-03 2.552408e-03 0.000000e+00 2.283540e-03 2.252260e-03 2.229675e-03 2.283598e-03
2.558757e-03 2.544604e-03 2.515245e-03 2.541955e-03 2.536484e-03 2.283540e-03 0.000000e+00 2.188738e-03 2.213959e-03 2.260115e-03
2.493538e-03 2.474731e-03 2.445368e-03 2.465450e-03 2.461589e-03 2.252260e-03 2.188738e-03 0.000000e+00 2.136950e-03 2.146296e-03
2.534421e-03 2.518072e-03 2.488710e-03 2.515421e-03 2.472408e-03 2.229675e-03 2.213959e-03 2.136950e-03 0.000000e+00 2.242920e-03
2.555896e-03 2.541932e-03 2.512573e-03 2.539283e-03 2.551515e-03 2.283598e-03 2.260115e-03 2.146296e-03 2.242920e-03 0.000000e+00
