0.000000e+00 4.447005e-02 4.462599e-02 4.600152e-02 4.663144e-02 4.576367e-02 4.536334e-02 4.569043e-02 4.523994e-02 4.478474e-02
4.447005e-02 0.000000e+00 4.388835e-02 4.530468e-02 4.596184e-02 4.491914e-02 4.486037e-02 4.499353e-02 4.454334e-02 4.428214e-02
4.462599e-02 4.388835e-02 0.000000e+00 4.539323e-02 4.613121e-02 4.522315e-02 4.501622e-02 4.515042e-02 4.469928e-02 4.443803e-02
4.600152e-02 4.530468e-02 4.539323e-02 0.000000e+00 4.750679e-02 4.659890e-02 4.639183e-02 4.647206e-02 4.607474e-02 4.581359e-02
4.663144e-02 4.596184e-02 4.613121e-02 4.750679e-02 0.000000e+00 4.689217e-02 4.680467e-02 4.685577e-02 4.586397e-02 4.648460e-02
4.576367e-02 4.491914e-02 4.522315e-02 4.659890e-02 4.689217e-02 0.000000e+00 4.417066e-02 4.518718e-02 4.345591e-02 4.402245e-02
4.536334e-02 4.486037e-02 4.501622e-02 4.639183e-02 4.680467e-02 4.417066e-02 0.000000e+00 4.416729e-02 4.356097e-02 4.362938e-02
4.569043e-02 4.499353e-02 4.515042e-02 4.647206e-02 4.685577e-02 4.518718e-02 4.416729e-02 0.000000e+00 4.347361e-02 4.309797e-02
4.523994e-02 4.454334e-02 4.469928e-02 4.607474e-02 4.586397e-02 4.345591e-02 4.356097e-02 4.347361e-02 0.000000e+00 4.394855e-02
4.478474e-02 4.428214e-02 4.443803e-02 4.581359e-02 4.648460e-02 4.402245e-02 4.362938e-02 4.309797e-02 4.394855e-02 0.000000e+00
