0.000000e+00 7.330812e-02 7.245450e-02 7.322122e-02 7.357434e-02 7.013519e-02 6.922635e-02 6.745843e-02 6.855990e-02 6.910943e-02
7.330812e-02 0.000000e+00 7.178185e-02 7.254841e-02 7.274906e-02 6.922006e-02 6.888784e-02 6.699368e-02 6.816189e-02 6.877606e-02
7.245450e-02 7.178185e-02 0.000000e+00 7.126222e-02 7.204797e-02 6.860891e-02 6.803419e-02 6.614005e-02 6.730826e-02 6.792239e-02
7.322122e-02 7.254841e-02 7.126222e-02 0.000000e+00 7.281474e-02 6.937566e-02 6.880092e-02 6.672714e-02 6.807497e-02 6.868913e-02
7.357434e-02 7.274906e-02 7.204797e-02 7.281474e-02 0.000000e+00 6.910650e-02 6.867434e-02 6.664400e-02 6.693089e-02 6.904231e-02
7.013519e-02 6.922006e-02 6.860891e-02 6.937566e-02 6.910650e-02 0.000000e+00 6.187961e-02 6.103140e-02 6.042252e-02 6.185081e-02
6.922635e-02 6.888784e-02 6.803419e-02 6.880092e-02 6.867434e-02 6.187961e-02 0.000000e+00 5.931706e-02 5.999463e-02 6.121228e-02
6.745843e-02 6.699368e-02 6.614005e-02 6.672714e-02 6.664400e-02 6.103140e-02 5.931706e-02 0.000000e+00 5.790743e-02 5.812725e-02
6.855990e-02 6.816189e-02 6.730826e-02 6.807497e-02 6.693089e-02 6.042252e-02 5.999463e-02 5.790743e-02 0.000000e+00 6.074911e-02
6.910943e-02 6.877606e-02 6.792239e-02 6.868913e-02 6.904231e-02 6.185081e-02 6.121228e-02 5.812725e-02 6.074911e-02 0.000000e+00
