0.000000e+00 7.014306e-02 6.904721e-02 7.033548e-02 7.113361e-02 6.849217e-02 6.802829e-02 6.695174e-02 6.728333e-02 6.719785e-02
7.014306e-02 0.000000e+00 6.865344e-02 6.994139e-02 7.064559e-02 6.786830e-02 6.793375e-02 6.666657e-02 6.696479e-02 6.711101e-02
6.904721e-02 6.865344e-02 0.000000e+00 6.868362e-02 6.964395e-02 6.700147e-02 6.683785e-02 6.557198e-02 6.586897e-02 6.601510e-02
7.033548e-02 6.994139e-02 6.868362e-02 0.000000e+00 7.093226e-02 6.828978e-02 6.812611e-02 6.672548e-02 6.715716e-02 6.730338e-02
7.113361e-02 7.064559e-02 6.964395e-02 7.093226e-02 0.000000e+00 6.849123e-02 6.854531e-02 6.710544e-02 6.661927e-02 6.810154e-02
6.849217e-02 6.786830e-02 6.700147e-02 6.828978e-02 6.849123e-02 0.000000e+00 6.304737e-02 6.293744e-02 6.143477e-02 6.255714e-02
6.802829e-02 6.793375e-02 6.683785e-02 6.812611e-02 6.854531e-02 6.304737e-02 0.000000e+00 6.156404e-02 6.158726e-02 6.225089e-02
6.695174e-02 6.666657e-02 6.557198e-02 6.672548e-02 6.710544e-02 6.293744e-02 6.156404e-02 0.000000e+00 5.995477e-02 5.990031e-02
6.728333e-02 6.696479e-02 6.586897e-02 6.715716e-02 6.661927e-02 6.143477e-02 6.158726e-02 5.995477e-02 0.000000e+00 6.192487e-02
6.719785e-02 6.711101e-02 6.601510e-02 6.730338e-02 6.810154e-02 6.255714e-02 6.225089e-02 5.990031e-02 6.192487e-02 0.000000e+00
