0.000000e+00 7.376733e-02 7.267700e-02 7.353105e-02 7.411012e-02 6.969499e-02 6.821114e-02 6.666093e-02 6.832182e-02 6.902701e-02
7.376733e-02 0.000000e+00 7.239452e-02 7.318128e-02 7.357860e-02 6.909619e-02 6.821274e-02 6.656793e-02 6.833266e-02 6.903247e-02
7.267700e-02 7.239452e-02 0.000000e+00 7.162653e-02 7.273731e-02 6.832218e-02 6.718967e-02 6.554487e-02 6.732306e-02 6.800939e-02
7.353105e-02 7.318128e-02 7.162653e-02 0.000000e+00 7.352406e-02 6.910894e-02 6.797643e-02 6.612970e-02 6.810980e-02 6.879615e-02
7.411012e-02 7.357860e-02 7.273731e-02 7.352406e-02 0.000000e+00 6.905340e-02 6.800852e-02 6.626165e-02 6.711016e-02 6.937529e-02
6.969499e-02 6.909619e-02 6.832218e-02 6.910894e-02 6.905340e-02 0.000000e+00 5.997365e-02 5.932629e-02 5.930141e-02 6.070608e-02
6.821114e-02 6.821274e-02 6.718967e-02 6.797643e-02 6.800852e-02 5.997365e-02 0.000000e+00 5.713085e-02 5.829367e-02 5.956394e-02
6.666093e-02 6.656793e-02 6.554487e-02 6.612970e-02 6.626165e-02 5.932629e-02 5.713085e-02 0.000000e+00 5.642921e-02 5.673377e-02
6.832182e-02 6.833266e-02 6.732306e-02 6.810980e-02 6.711016e-02 5.930141e-02 5.829367e-02 5.642921e-02 0.000000e+00 5.973161e-02
6.902701e-02 6.903247e-02 6.800939e-02 6.879615e-02 6.937529e-02 6.070608e-02 5.956394e-02 5.673377e-02 5.973161e-02 0.000000e+00
