0.00000000e+00 7.65243538e+00 6.86047470e+00 7.33561592e+00 6.12484952e+00 6.21220785e+00 5.95289555e+00 6.17930649e+00 6.52545376e+00 7.56700057e+00 6.31500679e+00 6.32690567e+00 7.61394847e+00 1.14587223e+01 1.04922801e+01 5.81434185e+00 1.04397990e+01 7.65275322e+00 6.31692245e+00 1.02057083e+01 1.11874517e+01 1.10712557e+01 8.01639265e+00 7.10026703e+00 8.06729362e+00 9.14629093e+00 8.88063758e+00 7.88273116e+00 1.12784566e+01
7.65243538e+00 0.00000000e+00 3.55945303e+00 7.58571560e+00 4.99796347e+00 4.20490355e+00 5.56782675e+00 4.39679918e+00 2.91208127e+00 8.39811588e-01 4.31668358e+00 4.43965257e+00 1.14765997e+00 9.42666422e+00 1.24195437e+01 5.49454479e+00 1.22451411e+01 1.12287056e+00 4.48843869e+00 9.63790577e+00 1.05338567e+01 1.03940631e+01 8.99993434e+00 7.57339717e+00 5.74670345e+00 8.42384280e+00 7.71186765e+00 7.16969676e+00 1.05447133e+01
6.86047470e+00 3.55945303e+00 0.00000000e+00 5.48487447e+00 3.76831945e+00 2.57171693e+00 4.43739984e+00 2.71444058e+00 2.94474683e+00 3.17827336e+00 2.90080706e+00 2.79158052e+00 3.26640141e+00 1.07757159e+01 1.04856868e+01 4.26970790e+00 1.03732101e+01 3.51684061e+00 2.84797210e+00 1.01497026e+01 1.10067781e+01 1.03254929e+01 8.26055759e+00 6.95333138e+00 6.95817025e+00 8.90988914e+00 8.97148359e+00 7.05875905e+00 1.10212516e+01
7.33561592e+00 7.58571560e+00 5.48487447e+00 0.00000000e+00 3.78043237e+00 4.74193604e+00 2.96181024e+00 4.43897084e+00 5.35975099e+00 7.67348317e+00 4.62420294e+00 4.89995070e+00 7.79806742e+00 8.17522567e+00 6.12525384e+00 2.89315244e+00 5.60266603e+00 7.59999376e+00 5.02964089e+00 9.68407352e+00 1.02587611e+01 1.01744456e+01 7.00184377e+00 7.22277085e+00 9.55187633e+00 8.54441805e+00 1.02151024e+01 8.08202353e+00 1.02826601e+01
6.12484952e+00 4.99796347e+00 3.76831945e+00 3.78043237e+00 0.00000000e+00 1.93394576e+00 1.44844295e+00 1.62181728e+00 2.73201094e+00 5.11723911e+00 1.68869065e+00 2.04150740e+00 5.19260830e+00 1.13305717e+01 9.26564218e+00 1.34512615e+00 8.90311657e+00 4.90443796e+00 2.15208467e+00 9.76711081e+00 1.09474870e+01 1.06114198e+01 7.74342875e+00 7.08541884e+00 7.99929480e+00 9.06952908e+00 9.31437024e+00 7.61103959e+00 1.10005774e+01
6.21220785e+00 4.20490355e+00 2.57171693e+00 4.74193604e+00 1.93394576e+00 0.00000000e+00 2.49318425e+00 8.71828909e-01 2.14569117e+00 3.45733296e+00 1.09313936e+00 7.96751908e-01 3.86573070e+00 1.22697572e+01 9.88918794e+00 2.51508507e+00 9.89084071e+00 4.14737508e+00 1.00324848e+00 9.55479998e+00 1.04543731e+01 1.04266413e+01 7.80392777e+00 7.58480487e+00 7.37139266e+00 8.82199666e+00 9.39877078e+00 6.98407999e+00 1.04957659e+01
5.95289555e+00 5.56782675e+00 4.43739984e+00 2.96181024e+00 1.44844295e+00 2.49318425e+00 0.00000000e+00 2.17675007e+00 3.27416933e+00 5.64210793e+00 2.40224404e+00 2.70816537e+00 5.78626472e+00 1.06461985e+01 8.61115780e+00 6.05958813e-01 8.18503748e+00 5.48393611e+00 2.82529032e+00 9.98813405e+00 1.10191840e+01 1.09583262e+01 7.30618128e+00 6.90541986e+00 8.36604547e+00 8.56736398e+00 9.04524091e+00 7.75772166e+00 1.10620410e+01
6.17930649e+00 4.39679918e+00 2.71444058e+00 4.43897084e+00 1.62181728e+00 8.71828909e-01 2.17675007e+00 0.00000000e+00 1.83800178e+00 3.84523562e+00 3.03967888e-01 1.10238145e+00 4.03714211e+00 1.20700223e+01 9.69111742e+00 2.06105466e+00 9.65179746e+00 4.19414435e+00 1.05853511e+00 9.41391908e+00 1.06869743e+01 1.01682477e+01 7.65485009e+00 7.28763503e+00 7.47684747e+00 9.07273269e+00 9.41410753e+00 7.18429654e+00 1.07079603e+01
6.52545376e+00 2.91208127e+00 2.94474683e+00 5.35975099e+00 2.73201094e+00 2.14569117e+00 3.27416933e+00 1.83800178e+00 0.00000000e+00 2.60777162e+00 2.04067916e+00 2.51461679e+00 3.06700878e+00 1.08942159e+01 1.06644053e+01 3.19073483e+00 1.03799370e+01 3.02140907e+00 2.54776488e+00 9.00165004e+00 1.03114263e+01 1.04689800e+01 8.28352111e+00 7.67873786e+00 6.84499078e+00 9.69318924e+00 8.84579268e+00 6.85545920e+00 1.03057332e+01
7.56700057e+00 8.39811588e-01 3.17827336e+00 7.67348317e+00 5.11723911e+00 3.45733296e+00 5.64210793e+00 3.84523562e+00 2.60777162e+00 0.00000000e+00 4.00914576e+00 3.90747849e+00 6.13237559e-01 9.55798357e+00 1.21724070e+01 5.60177420e+00 1.23475130e+01 1.03654346e+00 3.93996502e+00 9.49521699e+00 1.04073645e+01 1.02675410e+01 8.93743313e+00 7.49966032e+00 5.55245330e+00 8.36317472e+00 7.61183095e+00 6.99645949e+00 1.04189311e+01
6.31500679e+00 4.31668358e+00 2.90080706e+00 4.62420294e+00 1.68869065e+00 1.09313936e+00 2.40224404e+00 3.03967888e-01 2.04067916e+00 4.00914576e+00 0.00000000e+00 1.32410957e+00 4.20075250e+00 1.20879349e+01 9.76616315e+00 2.28837028e+00 9.73181183e+00 4.35224732e+00 1.27627904e+00 9.47509575e+00 1.07239922e+01 1.01949625e+01 7.77090119e+00 7.40498581e+00 7.48092845e+00 9.15172651e+00 9.49144873e+00 7.30281409e+00 1.07464107e+01
6.32690567e+00 4.43965257e+00 2.79158052e+00 4.89995070e+00 2.04150740e+00 7.96751908e-01 2.70816537e+00 1.10238145e+00 2.51461679e+00 3.90747849e+00 1.32410957e+00 0.00000000e+00 3.59433469e+00 1.23393987e+01 9.87525000e+00 2.58992871e+00 9.95496345e+00 4.30435233e+00 1.10044362e+00 9.55125627e+00 1.04902256e+01 1.04497793e+01 7.82708688e+00 7.63361633e+00 7.47004343e+00 8.92753368e+00 9.48064086e+00 7.05890876e+00 1.05265418e+01
7.61394847e+00 1.14765997e+00 3.26640141e+00 7.79806742e+00 5.19260830e+00 3.86573070e+00 5.78626472e+00 4.03714211e+00 3.06700878e+00 6.13237559e-01 4.20075250e+00 3.59433469e+00 0.00000000e+00 9.59758339e+00 1.21853497e+01 5.65933718e+00 1.23685073e+01 1.16990334e+00 4.02941995e+00 9.52775247e+00 1.04189837e+01 1.02931368e+01 8.98081653e+00 7.56174907e+00 5.63979941e+00 8.40816036e+00 7.66261859e+00 7.05587212e+00 1.04327377e+01
1.14587223e+01 9.42666422e+00 1.07757159e+01 8.17522567e+00 1.13305717e+01 1.22697572e+01 1.06461985e+01 1.20700223e+01 1.08942159e+01 9.55798357e+00 1.20879349e+01 1.23393987e+01 9.59758339e+00 0.00000000e+00 2.62490927e+00 1.06529185e+01 2.62384516e+00 9.38019283e+00 1.23904156e+01 8.03867656e+00 6.70589544e+00 6.55621629e+00 1.03832293e+01 1.01883024e+01 1.07833708e+01 8.63366766e+00 8.02509248e+00 1.09387567e+01 6.75506589e+00
1.04922801e+01 1.24195437e+01 1.04856868e+01 6.12525384e+00 9.26564218e+00 9.88918794e+00 8.61115780e+00 9.69111742e+00 1.06644053e+01 1.21724070e+01 9.76616315e+00 9.87525000e+00 1.21853497e+01 2.62490927e+00 0.00000000e+00 8.54573905e+00 7.14964737e-01 1.23864932e+01 9.78970568e+00 8.01804210e+00 6.64878540e+00 6.66684890e+00 9.61158237e+00 1.04019586e+01 1.23817814e+01 9.17164505e+00 9.54554212e+00 1.10217921e+01 6.72028478e+00
5.81434185e+00 5.49454479e+00 4.26970790e+00 2.89315244e+00 1.34512615e+00 2.51508507e+00 6.05958813e-01 2.06105466e+00 3.19073483e+00 5.60177420e+00 2.28837028e+00 2.58992871e+00 5.65933718e+00 1.06529185e+01 8.54573905e+00 0.00000000e+00 8.16425189e+00 5.37299537e+00 2.62850849e+00 9.96499423e+00 1.10065576e+01 1.09349504e+01 7.23813279e+00 6.80825070e+00 8.30102965e+00 8.52035716e+00 9.01757792e+00 7.67466667e+00 1.10585519e+01
1.04397990e+01 1.22451411e+01 1.03732101e+01 5.60266603e+00 8.90311657e+00 9.89084071e+00 8.18503748e+00 9.65179746e+00 1.03799370e+01 1.23475130e+01 9.73181183e+00 9.95496345e+00 1.23685073e+01 2.62384516e+00 7.14964737e-01 8.16425189e+00 0.00000000e+00 1.21785601e+01 1.00472581e+01 7.94645497e+00 6.55425209e+00 6.50454987e+00 9.49646701e+00 1.02825131e+01 1.23587934e+01 9.05028496e+00 9.46902873e+00 1.09848189e+01 6.62671491e+00
7.65275322e+00 1.12287056e+00 3.51684061e+00 7.59999376e+00 4.90443796e+00 4.14737508e+00 5.48393611e+00 4.19414435e+00 3.02140907e+00 1.03654346e+00 4.35224732e+00 4.30435233e+00 1.16990334e+00 9.38019283e+00 1.23864932e+01 5.37299537e+00 1.21785601e+01 0.00000000e+00 4.04468383e+00 9.56532722e+00 1.04525741e+01 1.03178551e+01 9.00718026e+00 7.60137514e+00 5.71302504e+00 8.45067647e+00 7.71786667e+00 7.10441921e+00 1.04676112e+01
6.31692245e+00 4.48843869e+00 2.84797210e+00 5.02964089e+00 2.15208467e+00 1.00324848e+00 2.82529032e+00 1.05853511e+00 2.54776488e+00 3.93996502e+00 1.27627904e+00 1.10044362e+00 4.02941995e+00 1.23904156e+01 9.78970568e+00 2.62850849e+00 1.00472581e+01 4.04468383e+00 0.00000000e+00 9.60373293e+00 1.05237487e+01 1.04999929e+01 7.94078064e+00 7.69594555e+00 7.48686276e+00 9.03358543e+00 9.48901731e+00 7.03756070e+00 1.05605310e+01
1.02057083e+01 9.63790577e+00 1.01497026e+01 9.68407352e+00 9.76711081e+00 9.55479998e+00 9.98813405e+00 9.41391908e+00 9.00165004e+00 9.49521699e+00 9.47509575e+00 9.55125627e+00 9.52775247e+00 8.03867656e+00 8.01804210e+00 9.96499423e+00 7.94645497e+00 9.56532722e+00 9.60373293e+00 0.00000000e+00 6.23642644e+00 8.07807568e+00 9.82807744e+00 9.95045662e+00 9.67826335e+00 1.02300659e+01 9.77558909e+00 9.02838020e+00 6.20922742e+00
1.11874517e+01 1.05338567e+01 1.10067781e+01 1.02587611e+01 1.09474870e+01 1.04543731e+01 1.10191840e+01 1.06869743e+01 1.03114263e+01 1.04073645e+01 1.07239922e+01 1.04902256e+01 1.04189837e+01 6.70589544e+00 6.64878540e+00 1.10065576e+01 6.55425209e+00 1.04525741e+01 1.05237487e+01 6.23642644e+00 0.00000000e+00 6.74847118e+00 1.07755124e+01 1.23590165e+01 1.04969023e+01 9.14080201e+00 9.41106899e+00 9.83690628e+00 4.15675920e+00
1.10712557e+01 1.03940631e+01 1.03254929e+01 1.01744456e+01 1.06114198e+01 1.04266413e+01 1.09583262e+01 1.01682477e+01 1.04689800e+01 1.02675410e+01 1.01949625e+01 1.04497793e+01 1.02931368e+01 6.55621629e+00 6.66684890e+00 1.09349504e+01 6.50454987e+00 1.03178551e+01 1.04999929e+01 8.07807568e+00 6.74847118e+00 0.00000000e+00 1.07375670e+01 1.04094702e+01 1.06257361e+01 9.11144233e+00 9.04421971e+00 1.16324471e+01 6.81217209e+00
8.01639265e+00 8.99993434e+00 8.26055759e+00 7.00184377e+00 7.74342875e+00 7.80392777e+00 7.30618128e+00 7.65485009e+00 8.28352111e+00 8.93743313e+00 7.77090119e+00 7.82708688e+00 8.98081653e+00 1.03832293e+01 9.61158237e+00 7.23813279e+00 9.49646701e+00 9.00718026e+00 7.94078064e+00 9.82807744e+00 1.07755124e+01 1.07375670e+01 0.00000000e+00 7.02861282e+00 8.85185802e+00 7.89333022e+00 1.00272897e+01 8.05993466e+00 1.06503387e+01
7.10026703e+00 7.57339717e+00 6.95333138e+00 7.22277085e+00 7.08541884e+00 7.58480487e+00 6.90541986e+00 7.28763503e+00 7.67873786e+00 7.49966032e+00 7.40498581e+00 7.63361633e+00 7.56174907e+00 1.01883024e+01 1.04019586e+01 6.80825070e+00 1.02825131e+01 7.60137514e+00 7.69594555e+00 9.95045662e+00 1.23590165e+01 1.04094702e+01 7.02861282e+00 0.00000000e+00 7.52482158e+00 8.00560162e+00 8.61574609e+00 8.25357747e+00 1.23904561e+01
8.06729362e+00 5.74670345e+00 6.95817025e+00 9.55187633e+00 7.99929480e+00 7.37139266e+00 8.36604547e+00 7.47684747e+00 6.84499078e+00 5.55245330e+00 7.48092845e+00 7.47004343e+00 5.63979941e+00 1.07833708e+01 1.23817814e+01 8.30102965e+00 1.23587934e+01 5.71302504e+00 7.48686276e+00 9.67826335e+00 1.04969023e+01 1.06257361e+01 8.85185802e+00 7.52482158e+00 0.00000000e+00 8.32891767e+00 8.20366767e+00 7.60338418e+00 1.05783118e+01
9.14629093e+00 8.42384280e+00 8.90988914e+00 8.54441805e+00 9.06952908e+00 8.82199666e+00 8.56736398e+00 9.07273269e+00 9.69318924e+00 8.36317472e+00 9.15172651e+00 8.92753368e+00 8.40816036e+00 8.63366766e+00 9.17164505e+00 8.52035716e+00 9.05028496e+00 8.45067647e+00 9.03358543e+00 1.02300659e+01 9.14080201e+00 9.11144233e+00 7.89333022e+00 8.00560162e+00 8.32891767e+00 0.00000000e+00 8.73259264e+00 9.07919276e+00 9.14525667e+00
8.88063758e+00 7.71186765e+00 8.97148359e+00 1.02151024e+01 9.31437024e+00 9.39877078e+00 9.04524091e+00 9.41410753e+00 8.84579268e+00 7.61183095e+00 9.49144873e+00 9.48064086e+00 7.66261859e+00 8.02509248e+00 9.54554212e+00 9.01757792e+00 9.46902873e+00 7.71786667e+00 9.48901731e+00 9.77558909e+00 9.41106899e+00 9.04421971e+00 1.00272897e+01 8.61574609e+00 8.20366767e+00 8.73259264e+00 0.00000000e+00 9.60562942e+00 9.45707198e+00
7.88273116e+00 7.16969676e+00 7.05875905e+00 8.08202353e+00 7.61103959e+00 6.98407999e+00 7.75772166e+00 7.18429654e+00 6.85545920e+00 6.99645949e+00 7.30281409e+00 7.05890876e+00 7.05587212e+00 1.09387567e+01 1.10217921e+01 7.67466667e+00 1.09848189e+01 7.10441921e+00 7.03756070e+00 9.02838020e+00 9.83690628e+00 1.16324471e+01 8.05993466e+00 8.25357747e+00 7.60338418e+00 9.07919276e+00 9.60562942e+00 0.00000000e+00 9.84298746e+00
1.12784566e+01 1.05447133e+01 1.10212516e+01 1.02826601e+01 1.10005774e+01 1.04957659e+01 1.10620410e+01 1.07079603e+01 1.03057332e+01 1.04189311e+01 1.07464107e+01 1.05265418e+01 1.04327377e+01 6.75506589e+00 6.72028478e+00 1.10585519e+01 6.62671491e+00 1.04676112e+01 1.05605310e+01 6.20922742e+00 4.15675920e+00 6.81217209e+00 1.06503387e+01 1.23904561e+01 1.05783118e+01 9.14525667e+00 9.45707198e+00 9.84298746e+00 0.00000000e+00
