0.00000000e+00 8.37569850e+00 7.70754839e+00 8.10191326e+00 7.03975132e+00 7.10420849e+00 6.89538761e+00 7.06278689e+00 7.38091899e+00 8.30446927e+00 7.18191253e+00 7.23214118e+00 8.36555801e+00 1.17612509e+01 1.09231297e+01 6.75142024e+00 1.08668943e+01 8.41445459e+00 7.23962172e+00 1.06242547e+01 1.15077061e+01 1.13967562e+01 8.67682197e+00 7.88257630e+00 8.71758348e+00 9.68471019e+00 9.50181560e+00 8.54238962e+00 1.15921856e+01
8.37569850e+00 0.00000000e+00 3.75750865e+00 7.73871151e+00 5.18844785e+00 4.32134395e+00 5.73964120e+00 4.51092815e+00 3.01967935e+00 9.12298985e-01 4.43064943e+00 4.64110892e+00 1.34014649e+00 9.59880402e+00 1.26029454e+01 5.66512989e+00 1.24328973e+01 1.35229412e+00 4.70965033e+00 1.01204956e+01 1.09218358e+01 1.07749491e+01 9.53233773e+00 8.27489775e+00 6.65712419e+00 9.03640082e+00 8.43812922e+00 7.91647122e+00 1.09334128e+01
7.70754839e+00 3.75750865e+00 0.00000000e+00 5.68424799e+00 3.99707375e+00 2.78752483e+00 4.67302092e+00 2.90618369e+00 3.16145760e+00 3.39133688e+00 3.08850164e+00 3.05080056e+00 3.51999277e+00 1.09660912e+01 1.06977458e+01 4.47823693e+00 1.05720646e+01 3.78810446e+00 3.13079823e+00 1.05916924e+01 1.13527576e+01 1.07319928e+01 8.90371141e+00 7.75786818e+00 7.75677454e+00 9.49070824e+00 9.56652025e+00 7.84741355e+00 1.13681790e+01
8.10191326e+00 7.73871151e+00 5.68424799e+00 0.00000000e+00 3.94880475e+00 4.86599073e+00 3.10154556e+00 4.53500448e+00 5.49491225e+00 7.82980775e+00 4.71767480e+00 5.09439832e+00 7.99500747e+00 8.36590563e+00 6.32282486e+00 3.03100301e+00 5.71995416e+00 7.81401397e+00 5.24220463e+00 1.01434695e+01 1.06568271e+01 1.05725654e+01 7.75503028e+00 7.97670043e+00 1.00366543e+01 9.14182193e+00 1.06532996e+01 8.72224595e+00 1.06801735e+01
7.03975132e+00 5.18844785e+00 3.99707375e+00 3.94880475e+00 0.00000000e+00 2.11538754e+00 1.66626481e+00 1.77576573e+00 2.91883533e+00 5.30846509e+00 1.84126307e+00 2.27139285e+00 5.41478847e+00 1.15235387e+01 9.47192288e+00 1.51816788e+00 9.09264553e+00 5.15730284e+00 2.40668861e+00 1.02356541e+01 1.12885943e+01 1.09824420e+01 8.42598036e+00 7.85679468e+00 8.66148783e+00 9.62106760e+00 9.85683486e+00 8.31253061e+00 1.13353802e+01
7.10420849e+00 4.32134395e+00 2.78752483e+00 4.86599073e+00 2.11538754e+00 0.00000000e+00 2.65274634e+00 9.56221113e-01 2.18384680e+00 3.52613116e+00 1.17357878e+00 1.01316268e+00 4.08235311e+00 1.24554410e+01 1.00904159e+01 2.67117444e+00 1.00597419e+01 4.38343076e+00 1.24603886e+00 1.00419209e+01 1.08476020e+01 1.08146787e+01 8.47356937e+00 8.29172934e+00 8.09602283e+00 9.39662044e+00 9.92636594e+00 7.74715191e+00 1.08874182e+01
6.89538761e+00 5.73964120e+00 4.67302092e+00 3.10154556e+00 1.66626481e+00 2.65274634e+00 0.00000000e+00 2.31192528e+00 3.43846470e+00 5.81797328e+00 2.53294446e+00 2.94646290e+00 6.01369184e+00 1.08436191e+01 8.82251653e+00 7.88707492e-01 8.35759264e+00 5.74179513e+00 3.08997759e+00 1.04335356e+01 1.13521110e+01 1.12938196e+01 8.04239687e+00 7.70617101e+00 8.98999954e+00 9.17940570e+00 9.62298292e+00 8.44395459e+00 1.13896818e+01
7.06278689e+00 4.51092815e+00 2.90618369e+00 4.53500448e+00 1.77576573e+00 9.56221113e-01 2.31192528e+00 0.00000000e+00 1.92837101e+00 3.96710906e+00 3.14336800e-01 1.28825120e+00 4.23178596e+00 1.22553163e+01 9.88692404e+00 2.19368237e+00 9.80309211e+00 4.41299780e+00 1.27651437e+00 9.90935607e+00 1.10496358e+01 1.05767564e+01 8.32834361e+00 8.01770469e+00 8.17805403e+00 9.61220363e+00 9.93299102e+00 7.91242874e+00 1.10714575e+01
7.38091899e+00 3.01967935e+00 3.16145760e+00 5.49491225e+00 2.91883533e+00 2.18384680e+00 3.43846470e+00 1.92837101e+00 0.00000000e+00 2.65880983e+00 2.12774104e+00 2.72565727e+00 3.28071831e+00 1.10845759e+01 1.08604252e+01 3.35598241e+00 1.05572142e+01 3.26487863e+00 2.78397349e+00 9.55240743e+00 1.07220775e+01 1.08497224e+01 8.89612811e+00 8.37204867e+00 7.63382580e+00 1.01669599e+01 9.43630580e+00 7.63630028e+00 1.07201742e+01
8.30446927e+00 9.12298985e-01 3.39133688e+00 7.82980775e+00 5.30846509e+00 3.52613116e+00 5.81797328e+00 3.96710906e+00 2.65880983e+00 0.00000000e+00 4.12814069e+00 4.12444465e+00 8.25643474e-01 9.73309625e+00 1.23654800e+01 5.77841184e+00 1.25362317e+01 1.27546493e+00 4.17935206e+00 9.99794320e+00 1.08127565e+01 1.06679058e+01 9.47984673e+00 8.21256546e+00 6.49139159e+00 8.98387467e+00 8.35445956e+00 7.77001820e+00 1.08275688e+01
7.18191253e+00 4.43064943e+00 3.08850164e+00 4.71767480e+00 1.84126307e+00 1.17357878e+00 2.53294446e+00 3.14336800e-01 2.12774104e+00 4.12814069e+00 0.00000000e+00 1.50553271e+00 4.39183389e+00 1.22715731e+01 9.95926863e+00 2.41661797e+00 9.88353959e+00 4.56710972e+00 1.48950491e+00 9.96183873e+00 1.10805909e+01 1.05984251e+01 8.42924622e+00 8.12074725e+00 8.17506079e+00 9.68078071e+00 1.00001577e+01 8.01748934e+00 1.11037985e+01
7.23214118e+00 4.64110892e+00 3.05080056e+00 5.09439832e+00 2.27139285e+00 1.01316268e+00 2.94646290e+00 1.28825120e+00 2.72565727e+00 4.12444465e+00 1.50553271e+00 0.00000000e+00 3.70351044e+00 1.25232935e+01 1.00892434e+01 2.78873446e+00 1.01496170e+01 4.57422123e+00 1.39535859e+00 1.00537474e+01 1.08894014e+01 1.08423568e+01 8.51483981e+00 8.35722488e+00 8.20745174e+00 9.50699163e+00 1.00109283e+01 7.83790916e+00 1.09227309e+01
8.36555801e+00 1.34014649e+00 3.51999277e+00 7.99500747e+00 5.41478847e+00 4.08235311e+00 6.01369184e+00 4.23178596e+00 3.28071831e+00 8.25643474e-01 4.39183389e+00 3.70351044e+00 0.00000000e+00 9.78778464e+00 1.23771303e+01 5.86239199e+00 1.25577769e+01 1.46158261e+00 4.30487794e+00 1.00397280e+01 1.08321636e+01 1.06999907e+01 9.53278566e+00 8.29041675e+00 6.59938361e+00 9.04143207e+00 8.42003801e+00 7.84686001e+00 1.08477222e+01
1.17612509e+01 9.59880402e+00 1.09660912e+01 8.36590563e+00 1.15235387e+01 1.24554410e+01 1.08436191e+01 1.22553163e+01 1.10845759e+01 9.73309625e+00 1.22715731e+01 1.25232935e+01 9.78778464e+00 0.00000000e+00 2.74713092e+00 1.08445354e+01 2.79353703e+00 9.56685725e+00 1.25712941e+01 8.69659163e+00 7.49538797e+00 7.32521159e+00 1.07932393e+01 1.06383235e+01 1.11631975e+01 9.24166253e+00 8.74018272e+00 1.12947468e+01 7.55223613e+00
1.09231297e+01 1.26029454e+01 1.06977458e+01 6.32282486e+00 9.47192288e+00 1.00904159e+01 8.82251653e+00 9.88692404e+00 1.08604252e+01 1.23654800e+01 9.95926863e+00 1.00892434e+01 1.23771303e+01 2.74713092e+00 0.00000000e+00 8.74472992e+00 8.94510095e-01 1.25724961e+01 9.96609126e+00 8.67445783e+00 7.44065264e+00 7.42744588e+00 1.01213848e+01 1.08379820e+01 1.25699449e+01 9.72393587e+00 1.00721686e+01 1.13674314e+01 7.51565691e+00
6.75142024e+00 5.66512989e+00 4.47823693e+00 3.03100301e+00 1.51816788e+00 2.67117444e+00 7.88707492e-01 2.19368237e+00 3.35598241e+00 5.77841184e+00 2.41661797e+00 2.78873446e+00 5.86239199e+00 1.08445354e+01 8.74472992e+00 0.00000000e+00 8.33919852e+00 5.60800053e+00 2.85956420e+00 1.04057758e+01 1.13382074e+01 1.12703953e+01 7.96557894e+00 7.60321545e+00 8.91981406e+00 9.12651743e+00 9.58779987e+00 8.35555012e+00 1.13841034e+01
1.08668943e+01 1.24328973e+01 1.05720646e+01 5.71995416e+00 9.09264553e+00 1.00597419e+01 8.35759264e+00 9.80309211e+00 1.05572142e+01 1.25362317e+01 9.88353959e+00 1.01496170e+01 1.25577769e+01 2.79353703e+00 8.94510095e-01 8.33919852e+00 0.00000000e+00 1.23740309e+01 1.02484404e+01 8.58097666e+00 7.31732744e+00 7.24394895e+00 1.00032190e+01 1.07204121e+01 1.25494598e+01 9.59580052e+00 9.98339912e+00 1.13259237e+01 7.39471105e+00
8.41445459e+00 1.35229412e+00 3.78810446e+00 7.81401397e+00 5.15730284e+00 4.38343076e+00 5.74179513e+00 4.41299780e+00 3.26487863e+00 1.27546493e+00 4.56710972e+00 4.57422123e+00 1.46158261e+00 9.56685725e+00 1.25724961e+01 5.60800053e+00 1.23740309e+01 0.00000000e+00 4.27862495e+00 1.00830507e+01 1.08679873e+01 1.07289222e+01 9.56873624e+00 8.34125317e+00 6.68624236e+00 9.09461365e+00 8.48447859e+00 7.90627608e+00 1.08852656e+01
7.23962172e+00 4.70965033e+00 3.13079823e+00 5.24220463e+00 2.40668861e+00 1.24603886e+00 3.08997759e+00 1.27651437e+00 2.78397349e+00 4.17935206e+00 1.48950491e+00 1.39535859e+00 4.30487794e+00 1.25712941e+01 9.96609126e+00 2.85956420e+00 1.02484404e+01 4.27862495e+00 0.00000000e+00 1.01053343e+01 1.09221050e+01 1.08963036e+01 8.62637857e+00 8.42493775e+00 8.23323178e+00 9.60851555e+00 1.00262539e+01 7.83981241e+00 1.09556521e+01
1.06242547e+01 1.01204956e+01 1.05916924e+01 1.01434695e+01 1.02356541e+01 1.00419209e+01 1.04335356e+01 9.90935607e+00 9.55240743e+00 9.99794320e+00 9.96183873e+00 1.00537474e+01 1.00397280e+01 8.69659163e+00 8.67445783e+00 1.04057758e+01 8.58097666e+00 1.00830507e+01 1.01053343e+01 0.00000000e+00 7.00020219e+00 8.71335821e+00 1.02180525e+01 1.01045550e+01 1.00853976e+01 1.06055999e+01 1.02855028e+01 9.58279390e+00 6.98394512e+00
1.15077061e+01 1.09218358e+01 1.13527576e+01 1.06568271e+01 1.12885943e+01 1.08476020e+01 1.13521110e+01 1.10496358e+01 1.07220775e+01 1.08127565e+01 1.10805909e+01 1.08894014e+01 1.08321636e+01 7.49538797e+00 7.44065264e+00 1.13382074e+01 7.31732744e+00 1.08679873e+01 1.09221050e+01 7.00020219e+00 0.00000000e+00 7.51015549e+00 1.10906615e+01 1.25469477e+01 1.08403485e+01 9.63772589e+00 9.97029578e+00 1.03131890e+01 4.99717916e+00
1.13967562e+01 1.07749491e+01 1.07319928e+01 1.05725654e+01 1.09824420e+01 1.08146787e+01 1.12938196e+01 1.05767564e+01 1.08497224e+01 1.06679058e+01 1.05984251e+01 1.08423568e+01 1.06999907e+01 7.32521159e+00 7.42744588e+00 1.12703953e+01 7.24394895e+00 1.07289222e+01 1.08963036e+01 8.71335821e+00 7.51015549e+00 0.00000000e+00 1.10970017e+01 1.08137777e+01 1.09937940e+01 9.64446709e+00 9.62319113e+00 1.18997690e+01 7.58221057e+00
8.67682197e+00 9.53233773e+00 8.90371141e+00 7.75503028e+00 8.42598036e+00 8.47356937e+00 8.04239687e+00 8.32834361e+00 8.89612811e+00 9.47984673e+00 8.42924622e+00 8.51483981e+00 9.53278566e+00 1.07932393e+01 1.01213848e+01 7.96557894e+00 1.00032190e+01 9.56873624e+00 8.62637857e+00 1.02180525e+01 1.10906615e+01 1.10970017e+01 0.00000000e+00 7.65683957e+00 9.28310324e+00 8.41718302e+00 1.04868800e+01 8.67642300e+00 1.09914165e+01
7.88257630e+00 8.27489775e+00 7.75786818e+00 7.97670043e+00 7.85679468e+00 8.29172934e+00 7.70617101e+00 8.01770469e+00 8.37204867e+00 8.21256546e+00 8.12074725e+00 8.35722488e+00 8.29041675e+00 1.06383235e+01 1.08379820e+01 7.60321545e+00 1.07204121e+01 8.34125317e+00 8.42493775e+00 1.01045550e+01 1.25469477e+01 1.08137777e+01 7.65683957e+00 0.00000000e+00 8.10752156e+00 8.54832604e+00 9.25566408e+00 8.87287566e+00 1.25776984e+01
8.71758348e+00 6.65712419e+00 7.75677454e+00 1.00366543e+01 8.66148783e+00 8.09602283e+00 8.98999954e+00 8.17805403e+00 7.63382580e+00 6.49139159e+00 8.17506079e+00 8.20745174e+00 6.59938361e+00 1.11631975e+01 1.25699449e+01 8.91981406e+00 1.25494598e+01 6.68624236e+00 8.23323178e+00 1.00853976e+01 1.08403485e+01 1.09937940e+01 9.28310324e+00 8.10752156e+00 0.00000000e+00 8.82744312e+00 8.90034170e+00 8.28926357e+00 1.09200329e+01
9.68471019e+00 9.03640082e+00 9.49070824e+00 9.14182193e+00 9.62106760e+00 9.39662044e+00 9.17940570e+00 9.61220363e+00 1.01669599e+01 8.98387467e+00 9.68078071e+00 9.50699163e+00 9.04143207e+00 9.24166253e+00 9.72393587e+00 9.12651743e+00 9.59580052e+00 9.09461365e+00 9.60851555e+00 1.06055999e+01 9.63772589e+00 9.64446709e+00 8.41718302e+00 8.54832604e+00 8.82744312e+00 0.00000000e+00 9.37314550e+00 9.61111398e+00 9.64750957e+00
9.50181560e+00 8.43812922e+00 9.56652025e+00 1.06532996e+01 9.85683486e+00 9.92636594e+00 9.62298292e+00 9.93299102e+00 9.43630580e+00 8.35445956e+00 1.00001577e+01 1.00109283e+01 8.42003801e+00 8.74018272e+00 1.00721686e+01 9.58779987e+00 9.98339912e+00 8.48447859e+00 1.00262539e+01 1.02855028e+01 9.97029578e+00 9.62319113e+00 1.04868800e+01 9.25566408e+00 8.90034170e+00 9.37314550e+00 0.00000000e+00 1.01185283e+01 1.00175671e+01
8.54238962e+00 7.91647122e+00 7.84741355e+00 8.72224595e+00 8.31253061e+00 7.74715191e+00 8.44395459e+00 7.91242874e+00 7.63630028e+00 7.77001820e+00 8.01748934e+00 7.83790916e+00 7.84686001e+00 1.12947468e+01 1.13674314e+01 8.35555012e+00 1.13259237e+01 7.90627608e+00 7.83981241e+00 9.58279390e+00 1.03131890e+01 1.18997690e+01 8.67642300e+00 8.87287566e+00 8.28926357e+00 9.61111398e+00 1.01185283e+01 0.00000000e+00 1.03212447e+01
1.15921856e+01 1.09334128e+01 1.13681790e+01 1.06801735e+01 1.13353802e+01 1.08874182e+01 1.13896818e+01 1.10714575e+01 1.07201742e+01 1.08275688e+01 1.11037985e+01 1.09227309e+01 1.08477222e+01 7.55223613e+00 7.51565691e+00 1.13841034e+01 7.39471105e+00 1.08852656e+01 1.09556521e+01 6.98394512e+00 4.99717916e+00 7.58221057e+00 1.09914165e+01 1.25776984e+01 1.09200329e+01 9.64750957e+00 1.00175671e+01 1.03212447e+01 0.00000000e+00
