0.00000000e+00 9.17503112e+00 8.67952366e+00 8.96479532e+00 8.11885253e+00 8.15235399e+00 8.01088624e+00 8.10195205e+00 8.37463770e+00 9.12049159e+00 8.19722636e+00 8.29092310e+00 9.19666180e+00 1.19550649e+01 1.12968285e+01 7.86541914e+00 1.12367715e+01 9.25619626e+00 8.31888621e+00 1.10019714e+01 1.17356610e+01 1.16275390e+01 9.39994889e+00 8.77453317e+00 9.42676220e+00 1.02223866e+01 1.01474535e+01 9.26174471e+00 1.18070545e+01
9.17503112e+00 0.00000000e+00 3.98575752e+00 7.79268777e+00 5.35893731e+00 4.39946138e+00 5.86911488e+00 4.57936132e+00 3.11581551e+00 1.01390074e+00 4.50100929e+00 4.84832339e+00 1.62363448e+00 9.67712318e+00 1.26171377e+01 5.79171774e+00 1.24523623e+01 1.69215769e+00 4.94536411e+00 1.05928084e+01 1.12485934e+01 1.11026791e+01 1.00771833e+01 9.06780191e+00 7.76872806e+00 9.70018854e+00 9.25741833e+00 8.77528270e+00 1.12645858e+01
8.67952366e+00 3.98575752e+00 0.00000000e+00 5.86030590e+00 4.26001756e+00 3.06154497e+00 4.92807522e+00 3.13818507e+00 3.42501113e+00 3.64746114e+00 3.31277761e+00 3.38537934e+00 3.83574679e+00 1.10360561e+01 1.07961887e+01 4.69298735e+00 1.06499152e+01 4.12858386e+00 3.50005289e+00 1.09950274e+01 1.16114758e+01 1.10887632e+01 9.60546900e+00 8.69141419e+00 8.68957275e+00 1.00961139e+01 1.01846654e+01 8.75564299e+00 1.16287033e+01
8.96479532e+00 7.79268777e+00 5.86030590e+00 0.00000000e+00 4.12718207e+00 4.94748492e+00 3.25580585e+00 4.57945972e+00 5.57445712e+00 7.88563210e+00 4.75631781e+00 5.28248302e+00 8.11232238e+00 8.48285575e+00 6.49623151e+00 3.18201984e+00 5.77322105e+00 7.96172491e+00 5.45512536e+00 1.05808528e+01 1.10052984e+01 1.09198745e+01 8.63178240e+00 8.83777739e+00 1.05021520e+01 9.77581718e+00 1.10406513e+01 9.42236020e+00 1.10245911e+01
8.11885253e+00 5.35893731e+00 4.26001756e+00 4.12718207e+00 0.00000000e+00 2.35540880e+00 1.97357622e+00 1.98099388e+00 3.14475757e+00 5.47784070e+00 2.04342801e+00 2.58388180e+00 5.63037017e+00 1.15789912e+01 9.59533084e+00 1.76082854e+00 9.19351100e+00 5.42412802e+00 2.75332308e+00 1.06875440e+01 1.15450981e+01 1.12818024e+01 9.19404749e+00 8.74446571e+00 9.39371740e+00 1.01836306e+01 1.04013784e+01 9.10307380e+00 1.15820685e+01
8.15235399e+00 4.39946138e+00 3.06154497e+00 4.94748492e+00 2.35540880e+00 0.00000000e+00 2.84209949e+00 1.07210129e+00 2.19082626e+00 3.54107086e+00 1.28042278e+00 1.33722394e+00 4.32150316e+00 1.24752135e+01 1.01875453e+01 2.85513241e+00 1.01048017e+01 4.64776452e+00 1.60477818e+00 1.05238464e+01 1.11845453e+01 1.11425542e+01 9.22150803e+00 9.08283217e+00 8.92417779e+00 9.99485416e+00 1.04471358e+01 8.63251465e+00 1.12205401e+01
8.01088624e+00 5.86911488e+00 4.92807522e+00 3.25580585e+00 1.97357622e+00 2.84209949e+00 0.00000000e+00 2.47021812e+00 3.61316118e+00 5.95030112e+00 2.68203804e+00 3.25189077e+00 6.22216538e+00 1.09238278e+01 8.97043969e+00 1.06439734e+00 8.45026268e+00 6.00022264e+00 3.43044350e+00 1.08496023e+01 1.15977856e+01 1.15386950e+01 8.88916532e+00 8.63306251e+00 9.66320750e+00 9.83255884e+00 1.02161872e+01 9.21350470e+00 1.16268198e+01
8.10195205e+00 4.57936132e+00 3.13818507e+00 4.57945972e+00 1.98099388e+00 1.07210129e+00 2.47021812e+00 0.00000000e+00 2.02891426e+00 4.05772173e+00 3.26956879e-01 1.55753180e+00 4.43208576e+00 1.22798834e+01 9.98008471e+00 2.34983341e+00 9.82459268e+00 4.64566910e+00 1.59152259e+00 1.04066098e+01 1.13404194e+01 1.09396245e+01 9.08802043e+00 8.84686879e+00 8.97452181e+00 1.01591439e+01 1.04429657e+01 8.74842083e+00 1.13627815e+01
8.37463770e+00 3.11581551e+00 3.42501113e+00 5.57445712e+00 3.14475757e+00 2.19082626e+00 3.61316118e+00 2.02891426e+00 0.00000000e+00 2.66977277e+00 2.22086309e+00 2.99629220e+00 3.53726567e+00 1.11444981e+01 1.09314868e+01 3.53302493e+00 1.05997822e+01 3.56842549e+00 3.09210673e+00 1.01280946e+01 1.10826419e+01 1.11670407e+01 9.55965633e+00 9.14446086e+00 8.55584512e+00 1.06117200e+01 1.00508710e+01 8.54540239e+00 1.10868421e+01
9.12049159e+00 1.01390074e+00 3.64746114e+00 7.88563210e+00 5.47784070e+00 3.54107086e+00 5.95030112e+00 4.05772173e+00 2.66977277e+00 0.00000000e+00 4.21259494e+00 4.36370464e+00 1.14741814e+00 9.81074358e+00 1.23948435e+01 5.90953053e+00 1.25535243e+01 1.63116940e+00 4.45053463e+00 1.04962682e+01 1.11611221e+01 1.10187081e+01 1.00361493e+01 9.01843822e+00 7.64028183e+00 9.65680065e+00 9.19340839e+00 8.66241234e+00 1.11827859e+01
8.19722636e+00 4.50100929e+00 3.31277761e+00 4.75631781e+00 2.04342801e+00 1.28042278e+00 2.68203804e+00 3.26956879e-01 2.22086309e+00 4.21259494e+00 0.00000000e+00 1.76478738e+00 4.58478077e+00 1.22948830e+01 1.00481661e+01 2.56342585e+00 9.90564375e+00 4.79203366e+00 1.79407647e+00 1.04473100e+01 1.13641093e+01 1.09553360e+01 9.16805221e+00 8.92971637e+00 8.96210341e+00 1.02136979e+01 1.04961464e+01 8.83328884e+00 1.13875625e+01
8.29092310e+00 4.84832339e+00 3.38537934e+00 5.28248302e+00 2.58388180e+00 1.33722394e+00 3.25189077e+00 1.55753180e+00 2.99629220e+00 4.36370464e+00 1.76478738e+00 0.00000000e+00 3.78085315e+00 1.25414157e+01 1.02070627e+01 3.03690577e+00 1.02340733e+01 4.88690839e+00 1.83177583e+00 1.05543566e+01 1.12312689e+01 1.11761751e+01 9.28332333e+00 9.16601448e+00 9.04551797e+00 1.01068149e+01 1.05319075e+01 8.73851852e+00 1.12607578e+01
9.19666180e+00 1.62363448e+00 3.83574679e+00 8.11232238e+00 5.63037017e+00 4.32150316e+00 6.22216538e+00 4.43208576e+00 3.53726567e+00 1.14741814e+00 4.58478077e+00 3.78085315e+00 0.00000000e+00 9.89001416e+00 1.24065281e+01 6.03367906e+00 1.25766111e+01 1.89395782e+00 4.62994385e+00 1.05490848e+01 1.11894723e+01 1.10572705e+01 1.01006333e+01 9.11225649e+00 7.76714538e+00 9.72734021e+00 9.27286820e+00 8.75616058e+00 1.12105211e+01
1.19550649e+01 9.67712318e+00 1.10360561e+01 8.48285575e+00 1.15789912e+01 1.24752135e+01 1.09238278e+01 1.22798834e+01 1.11444981e+01 9.81074358e+00 1.22948830e+01 1.25414157e+01 9.89001416e+00 0.00000000e+00 2.89084576e+00 1.09118626e+01 3.01021876e+00 9.66593223e+00 1.25852639e+01 9.43087251e+00 8.43942625e+00 8.25501129e+00 1.11505916e+01 1.10490786e+01 1.14721846e+01 9.88924520e+00 9.53744616e+00 1.15632954e+01 8.50066721e+00
1.12968285e+01 1.26171377e+01 1.07961887e+01 6.49623151e+00 9.59533084e+00 1.01875453e+01 8.97043969e+00 9.98008471e+00 1.09314868e+01 1.23948435e+01 1.00481661e+01 1.02070627e+01 1.24065281e+01 2.89084576e+00 0.00000000e+00 8.87216998e+00 1.16961863e+00 1.25905142e+01 1.00292978e+01 9.41172959e+00 8.39489265e+00 8.34446739e+00 1.06204020e+01 1.12187556e+01 1.25961384e+01 1.02844839e+01 1.05972674e+01 1.16219363e+01 8.46482378e+00
7.86541914e+00 5.79171774e+00 4.69298735e+00 3.18201984e+00 1.76082854e+00 2.85513241e+00 1.06439734e+00 2.34983341e+00 3.53302493e+00 5.90953053e+00 2.56342585e+00 3.03690577e+00 6.03367906e+00 1.09118626e+01 8.87216998e+00 0.00000000e+00 8.43252925e+00 5.83164693e+00 3.15441037e+00 1.08154248e+01 1.15807238e+01 1.15145648e+01 8.80341185e+00 8.52682752e+00 9.58711608e+00 9.77181174e+00 1.01715800e+01 9.11933433e+00 1.16170396e+01
1.12367715e+01 1.24523623e+01 1.06499152e+01 5.77322105e+00 9.19351100e+00 1.01048017e+01 8.45026268e+00 9.82459268e+00 1.05997822e+01 1.25535243e+01 9.90564375e+00 1.02340733e+01 1.25766111e+01 3.01021876e+00 1.16961863e+00 8.43252925e+00 0.00000000e+00 1.24049717e+01 1.03419655e+01 9.29427787e+00 8.24160849e+00 8.14072029e+00 1.05014261e+01 1.11065522e+01 1.25772733e+01 1.01526059e+01 1.04970195e+01 1.15751351e+01 8.31624846e+00
9.25619626e+00 1.69215769e+00 4.12858386e+00 7.96172491e+00 5.42412802e+00 4.64776452e+00 6.00022264e+00 4.64566910e+00 3.56842549e+00 1.63116940e+00 4.79203366e+00 4.88690839e+00 1.89395782e+00 9.66593223e+00 1.25905142e+01 5.83164693e+00 1.24049717e+01 0.00000000e+00 4.53943498e+00 1.05973833e+01 1.12264660e+01 1.10905701e+01 1.01453201e+01 9.17566687e+00 7.86626226e+00 9.78992391e+00 9.34674337e+00 8.82589923e+00 1.12497621e+01
8.31888621e+00 4.94536411e+00 3.50005289e+00 5.45512536e+00 2.75332308e+00 1.60477818e+00 3.43044350e+00 1.59152259e+00 3.09210673e+00 4.45053463e+00 1.79407647e+00 1.83177583e+00 4.62994385e+00 1.25852639e+01 1.00292978e+01 3.15441037e+00 1.03419655e+01 4.53943498e+00 0.00000000e+00 1.06038397e+01 1.12634889e+01 1.12300924e+01 9.38881335e+00 9.23800370e+00 9.08196428e+00 1.01998495e+01 1.05559709e+01 8.76329729e+00 1.12921170e+01
1.10019714e+01 1.05928084e+01 1.09950274e+01 1.05808528e+01 1.06875440e+01 1.05238464e+01 1.08496023e+01 1.04066098e+01 1.01280946e+01 1.04962682e+01 1.04473100e+01 1.05543566e+01 1.05490848e+01 9.43087251e+00 9.41172959e+00 1.08154248e+01 9.29427787e+00 1.05973833e+01 1.06038397e+01 0.00000000e+00 7.92329378e+00 9.41716947e+00 1.05686115e+01 1.01191402e+01 1.04659435e+01 1.09181937e+01 1.07797340e+01 1.01537138e+01 7.92001534e+00
1.17356610e+01 1.12485934e+01 1.16114758e+01 1.10052984e+01 1.15450981e+01 1.11845453e+01 1.15977856e+01 1.13404194e+01 1.10826419e+01 1.11611221e+01 1.13641093e+01 1.12312689e+01 1.11894723e+01 8.43942625e+00 8.39489265e+00 1.15807238e+01 8.24160849e+00 1.12264660e+01 1.12634889e+01 7.92329378e+00 0.00000000e+00 8.40969949e+00 1.13184455e+01 1.25681641e+01 1.11119820e+01 1.01321368e+01 1.05342264e+01 1.07582976e+01 6.06305718e+00
1.16275390e+01 1.11026791e+01 1.10887632e+01 1.09198745e+01 1.12818024e+01 1.11425542e+01 1.15386950e+01 1.09396245e+01 1.11670407e+01 1.10187081e+01 1.09553360e+01 1.11761751e+01 1.10572705e+01 8.25501129e+00 8.34446739e+00 1.15145648e+01 8.14072029e+00 1.10905701e+01 1.12300924e+01 9.41716947e+00 8.40969949e+00 0.00000000e+00 1.13793795e+01 1.11625797e+01 1.12944921e+01 1.01831821e+01 1.02272719e+01 1.20374248e+01 8.48525778e+00
9.39994889e+00 1.00771833e+01 9.60546900e+00 8.63178240e+00 9.19404749e+00 9.22150803e+00 8.88916532e+00 9.08802043e+00 9.55965633e+00 1.00361493e+01 9.16805221e+00 9.28332333e+00 1.01006333e+01 1.11505916e+01 1.06204020e+01 8.80341185e+00 1.05014261e+01 1.01453201e+01 9.38881335e+00 1.05686115e+01 1.13184455e+01 1.13793795e+01 0.00000000e+00 8.38108353e+00 9.71109123e+00 8.98104737e+00 1.09056986e+01 9.34941970e+00 1.12488662e+01
8.77453317e+00 9.06780191e+00 8.69141419e+00 8.83777739e+00 8.74446571e+00 9.08283217e+00 8.63306251e+00 8.84686879e+00 9.14446086e+00 9.01843822e+00 8.92971637e+00 9.16601448e+00 9.11225649e+00 1.10490786e+01 1.12187556e+01 8.52682752e+00 1.11065522e+01 9.17566687e+00 9.23800370e+00 1.01191402e+01 1.25681641e+01 1.11625797e+01 8.38108353e+00 0.00000000e+00 8.76522461e+00 9.13272384e+00 9.93138280e+00 9.53687400e+00 1.25960918e+01
9.42676220e+00 7.76872806e+00 8.68957275e+00 1.05021520e+01 9.39371740e+00 8.92417779e+00 9.66320750e+00 8.97452181e+00 8.55584512e+00 7.64028183e+00 8.96210341e+00 9.04551797e+00 7.76714538e+00 1.14721846e+01 1.25961384e+01 9.58711608e+00 1.25772733e+01 7.86626226e+00 9.08196428e+00 1.04659435e+01 1.11119820e+01 1.12944921e+01 9.71109123e+00 8.76522461e+00 0.00000000e+00 9.35216509e+00 9.66014827e+00 9.06138322e+00 1.11926955e+01
1.02223866e+01 9.70018854e+00 1.00961139e+01 9.77581718e+00 1.01836306e+01 9.99485416e+00 9.83255884e+00 1.01591439e+01 1.06117200e+01 9.65680065e+00 1.02136979e+01 1.01068149e+01 9.72734021e+00 9.88924520e+00 1.02844839e+01 9.77181174e+00 1.01526059e+01 9.78992391e+00 1.01998495e+01 1.09181937e+01 1.01321368e+01 1.01831821e+01 8.98104737e+00 9.13272384e+00 9.35216509e+00 0.00000000e+00 1.00442938e+01 1.01441933e+01 1.01521802e+01
1.01474535e+01 9.25741833e+00 1.01846654e+01 1.10406513e+01 1.04013784e+01 1.04471358e+01 1.02161872e+01 1.04429657e+01 1.00508710e+01 9.19340839e+00 1.04961464e+01 1.05319075e+01 9.27286820e+00 9.53744616e+00 1.05972674e+01 1.01715800e+01 1.04970195e+01 9.34674337e+00 1.05559709e+01 1.07797340e+01 1.05342264e+01 1.02272719e+01 1.09056986e+01 9.93138280e+00 9.66014827e+00 1.00442938e+01 0.00000000e+00 1.06154776e+01 1.05818785e+01
9.26174471e+00 8.77528270e+00 8.75564299e+00 9.42236020e+00 9.10307380e+00 8.63251465e+00 9.21350470e+00 8.74842083e+00 8.54540239e+00 8.66241234e+00 8.83328884e+00 8.73851852e+00 8.75616058e+00 1.15632954e+01 1.16219363e+01 9.11933433e+00 1.15751351e+01 8.82589923e+00 8.76329729e+00 1.01537138e+01 1.07582976e+01 1.20374248e+01 9.34941970e+00 9.53687400e+00 9.06138322e+00 1.01441933e+01 1.06154776e+01 0.00000000e+00 1.07721496e+01
1.18070545e+01 1.12645858e+01 1.16287033e+01 1.10245911e+01 1.15820685e+01 1.12205401e+01 1.16268198e+01 1.13627815e+01 1.10868421e+01 1.11827859e+01 1.13875625e+01 1.12607578e+01 1.12105211e+01 8.50066721e+00 8.46482378e+00 1.16170396e+01 8.31624846e+00 1.12497621e+01 1.12921170e+01 7.92001534e+00 6.06305718e+00 8.48525778e+00 1.12488662e+01 1.25960918e+01 1.11926955e+01 1.01521802e+01 1.05818785e+01 1.07721496e+01 0.00000000e+00
