0.00000000e+00 2.12871167e+07 2.05819880e+07 2.06817255e+07 1.97265146e+07 1.87543268e+07 1.93408512e+07 1.85561837e+07 1.91167963e+07 2.04261905e+07 1.93510881e+07 1.95534817e+07 2.12093983e+07 2.99205104e+07 2.83382450e+07 1.88664111e+07 2.75408015e+07 2.17737817e+07 1.98675683e+07 3.30454837e+07 3.75918906e+07 4.04212609e+07 3.42534776e+07 2.93883202e+07 3.27121352e+07 3.26044612e+07 3.32673308e+07 3.28614339e+07 3.83776161e+07
2.12871167e+07 0.00000000e+00 6.05308152e+06 9.51628220e+06 7.02578878e+06 5.45588592e+06 7.54407566e+06 5.51188747e+06 4.05471200e+06 2.01751115e+06 5.68386869e+06 6.46812318e+06 3.23587395e+06 1.59403294e+07 1.92108327e+07 7.18294591e+06 1.81761150e+07 3.76983748e+06 6.88303564e+06 2.23146736e+07 2.61738972e+07 2.89165679e+07 2.55567497e+07 2.05910732e+07 2.06821662e+07 2.20148082e+07 2.23467231e+07 2.26853916e+07 2.68247492e+07
2.05819880e+07 6.05308152e+06 0.00000000e+00 7.49954413e+06 6.29538441e+06 4.22089693e+06 6.69302955e+06 4.18576422e+06 4.50727705e+06 4.94071447e+06 4.91561799e+06 5.11060307e+06 5.74487194e+06 1.76511919e+07 1.69269167e+07 6.20928066e+06 1.60086450e+07 6.57770752e+06 5.51598297e+06 2.28139842e+07 2.66174699e+07 2.89052058e+07 2.47671409e+07 1.99993097e+07 2.19445909e+07 2.24905732e+07 2.36220026e+07 2.25798105e+07 2.72763994e+07
2.06817255e+07 9.51628220e+06 7.49954413e+06 0.00000000e+00 5.68299505e+06 5.63923846e+06 4.55843705e+06 5.16312322e+06 6.24537341e+06 8.83105675e+06 5.92284796e+06 6.54197294e+06 9.73257548e+06 1.35336389e+07 1.08242650e+07 4.21713673e+06 9.20024449e+06 1.00513181e+07 7.02464539e+06 2.20208892e+07 2.54432829e+07 2.83638518e+07 2.31243983e+07 1.98550888e+07 2.41820408e+07 2.17603148e+07 2.46314032e+07 2.31975394e+07 2.61188337e+07
1.97265146e+07 7.02578878e+06 6.29538441e+06 5.68299505e+06 0.00000000e+00 3.28756052e+06 3.47029722e+06 2.90607213e+06 4.09833556e+06 6.61656663e+06 3.35293243e+06 4.10228324e+06 7.42119396e+06 1.82074864e+07 1.55067232e+07 3.13281263e+06 1.42844082e+07 7.63467544e+06 4.60618900e+06 2.22697256e+07 2.63783647e+07 2.90535595e+07 2.41612718e+07 1.99751122e+07 2.27216407e+07 2.24740035e+07 2.37861960e+07 2.29746423e+07 2.70755491e+07
1.87543268e+07 5.45588592e+06 4.22089693e+06 5.63923846e+06 3.28756052e+06 0.00000000e+00 3.53173267e+06 1.22504923e+06 2.29387193e+06 3.75740775e+06 1.95542406e+06 2.01068105e+06 5.15738227e+06 1.81131069e+07 1.50527315e+07 3.36980670e+06 1.42784145e+07 5.99295770e+06 2.63518967e+06 2.09194214e+07 2.46787912e+07 2.76489136e+07 2.30462195e+07 1.93344917e+07 2.10138738e+07 2.11004314e+07 2.27141215e+07 2.12546053e+07 2.53701483e+07
1.93408512e+07 7.54407566e+06 6.69302955e+06 4.55843705e+06 3.47029722e+06 3.53173267e+06 0.00000000e+00 3.14386582e+06 4.34511231e+06 6.85966622e+06 3.90667192e+06 4.49108235e+06 7.76660715e+06 1.71605613e+07 1.44964050e+07 2.19140571e+06 1.31739321e+07 7.96994177e+06 5.00921461e+06 2.22768473e+07 2.62288613e+07 2.92169698e+07 2.35058125e+07 1.95824812e+07 2.28644612e+07 2.17755799e+07 2.33132720e+07 2.28820447e+07 2.69293748e+07
1.85561837e+07 5.51188747e+06 4.18576422e+06 5.16312322e+06 2.90607213e+06 1.22504923e+06 3.14386582e+06 0.00000000e+00 2.12801968e+06 4.19297317e+06 9.00096178e+05 2.18944247e+06 5.15214487e+06 1.77238916e+07 1.46757906e+07 2.76293533e+06 1.38043441e+07 5.83968108e+06 2.48903053e+06 2.06155886e+07 2.47141635e+07 2.72117669e+07 2.27426527e+07 1.88973369e+07 2.09271660e+07 2.11487534e+07 2.25523859e+07 2.12522566e+07 2.53818531e+07
1.91167963e+07 4.05471200e+06 4.50727705e+06 6.24537341e+06 4.09833556e+06 2.29387193e+06 4.34511231e+06 2.12801968e+06 0.00000000e+00 2.82998119e+06 2.85586080e+06 3.64576225e+06 4.33306097e+06 1.66510541e+07 1.60126760e+07 3.97671660e+06 1.48773032e+07 4.86275130e+06 4.05491880e+06 2.05181137e+07 2.46682108e+07 2.78473217e+07 2.36259662e+07 1.95190237e+07 2.06239046e+07 2.20197795e+07 2.23303936e+07 2.12053638e+07 2.53169573e+07
2.04261905e+07 2.01751115e+06 4.94071447e+06 8.83105675e+06 6.61656663e+06 3.75740775e+06 6.85966622e+06 4.19297317e+06 2.82998119e+06 0.00000000e+00 4.91624783e+06 5.15859127e+06 1.96114314e+06 1.53008708e+07 1.80321904e+07 6.51919328e+06 1.74708111e+07 2.99105416e+06 5.56546736e+06 2.13867768e+07 2.52201703e+07 2.80229200e+07 2.46586501e+07 1.97107247e+07 1.97288172e+07 2.11468787e+07 2.14763133e+07 2.17195268e+07 2.58778415e+07
1.93510881e+07 5.68386869e+06 4.91561799e+06 5.92284796e+06 3.35293243e+06 1.95542406e+06 3.90667192e+06 9.00096178e+05 2.85586080e+06 4.91624783e+06 0.00000000e+00 2.92777278e+06 5.88177074e+06 1.84856428e+07 1.54467265e+07 3.52116203e+06 1.45897576e+07 6.56924063e+06 3.22374643e+06 2.13857401e+07 2.55246419e+07 2.79947221e+07 2.35822408e+07 1.97002011e+07 2.14164676e+07 2.19484443e+07 2.33605196e+07 2.20806118e+07 2.61976398e+07
1.95534817e+07 6.46812318e+06 5.11060307e+06 6.54197294e+06 4.10228324e+06 2.01068105e+06 4.49108235e+06 2.18944247e+06 3.64576225e+06 5.15859127e+06 2.92777278e+06 0.00000000e+00 4.82796175e+06 1.89446319e+07 1.57722574e+07 4.11781392e+06 1.51004018e+07 6.83710360e+06 3.40833434e+06 2.16376734e+07 2.54628036e+07 2.84219758e+07 2.38088362e+07 2.01080036e+07 2.18352979e+07 2.19301048e+07 2.35127484e+07 2.20565988e+07 2.61443164e+07
2.12093983e+07 3.23587395e+06 5.74487194e+06 9.73257548e+06 7.42119396e+06 5.15738227e+06 7.76660715e+06 5.15214487e+06 4.33306097e+06 1.96114314e+06 5.88177074e+06 4.82796175e+06 0.00000000e+00 1.61172084e+07 1.88281486e+07 7.30028613e+06 1.82807724e+07 3.85530030e+06 6.37592618e+06 2.21762862e+07 2.60167829e+07 2.88468121e+07 2.54851991e+07 2.05361723e+07 2.05716938e+07 2.19524094e+07 2.22808067e+07 2.25484655e+07 2.66750770e+07
2.99205104e+07 1.59403294e+07 1.76511919e+07 1.35336389e+07 1.82074864e+07 1.81131069e+07 1.71605613e+07 1.77238916e+07 1.66510541e+07 1.53008708e+07 1.84856428e+07 1.89446319e+07 1.61172084e+07 0.00000000e+00 5.62561446e+06 1.68002308e+07 5.60937938e+06 1.62754768e+07 1.93366612e+07 2.43721394e+07 2.50397836e+07 2.76107162e+07 3.20085917e+07 2.81190350e+07 3.09226721e+07 2.64086715e+07 2.65480379e+07 3.16211899e+07 2.57614505e+07
2.83382450e+07 1.92108327e+07 1.69269167e+07 1.08242650e+07 1.55067232e+07 1.50527315e+07 1.44964050e+07 1.46757906e+07 1.60126760e+07 1.80321904e+07 1.54467265e+07 1.57722574e+07 1.88281486e+07 5.62561446e+06 0.00000000e+00 1.40774692e+07 2.94090612e+06 1.96376878e+07 1.57629233e+07 2.38831689e+07 2.45269871e+07 2.73553927e+07 3.05674879e+07 2.78543301e+07 3.22015102e+07 2.65698994e+07 2.78599105e+07 3.11666639e+07 2.52729726e+07
1.88664111e+07 7.18294591e+06 6.20928066e+06 4.21713673e+06 3.13281263e+06 3.36980670e+06 2.19140571e+06 2.76293533e+06 3.97671660e+06 6.51919328e+06 3.52116203e+06 4.11781392e+06 7.30028613e+06 1.68002308e+07 1.40774692e+07 0.00000000e+00 1.28366413e+07 7.52682214e+06 4.50724398e+06 2.18795266e+07 2.58224913e+07 2.87772302e+07 2.30712614e+07 1.91301794e+07 2.24179702e+07 2.13574566e+07 2.28942706e+07 2.24240979e+07 2.65200423e+07
2.75408015e+07 1.81761150e+07 1.60086450e+07 9.20024449e+06 1.42844082e+07 1.42784145e+07 1.31739321e+07 1.38043441e+07 1.48773032e+07 1.74708111e+07 1.45897576e+07 1.51004018e+07 1.82807724e+07 5.60937938e+06 2.94090612e+06 1.28366413e+07 0.00000000e+00 1.85986328e+07 1.55438340e+07 2.29972748e+07 2.35624520e+07 2.63143618e+07 2.96443387e+07 2.69444106e+07 3.14165249e+07 2.56443838e+07 2.69978768e+07 3.03490857e+07 2.43227811e+07
2.17737817e+07 3.76983748e+06 6.57770752e+06 1.00513181e+07 7.63467544e+06 5.99295770e+06 7.96994177e+06 5.83968108e+06 4.86275130e+06 2.99105416e+06 6.56924063e+06 6.83710360e+06 3.85530030e+06 1.62754768e+07 1.96376878e+07 7.52682214e+06 1.85986328e+07 0.00000000e+00 6.60242363e+06 2.27489494e+07 2.66054763e+07 2.94384320e+07 2.60706213e+07 2.11218845e+07 2.11975116e+07 2.25448832e+07 2.28775106e+07 2.31489913e+07 2.72674220e+07
1.98675683e+07 6.88303564e+06 5.51598297e+06 7.02464539e+06 4.60618900e+06 2.63518967e+06 5.00921461e+06 2.48903053e+06 4.05491880e+06 5.56546736e+06 3.22374643e+06 3.40833434e+06 6.37592618e+06 1.93366612e+07 1.57629233e+07 4.50724398e+06 1.55438340e+07 6.60242363e+06 0.00000000e+00 2.20080567e+07 2.58228784e+07 2.88117801e+07 2.42619436e+07 2.04964313e+07 2.21888566e+07 2.23537061e+07 2.38438380e+07 2.23920654e+07 2.65022489e+07
3.30454837e+07 2.23146736e+07 2.28139842e+07 2.20208892e+07 2.22697256e+07 2.09194214e+07 2.22768473e+07 2.06155886e+07 2.05181137e+07 2.13867768e+07 2.13857401e+07 2.16376734e+07 2.21762862e+07 2.43721394e+07 2.38831689e+07 2.18795266e+07 2.29972748e+07 2.27489494e+07 2.20080567e+07 0.00000000e+00 2.83396812e+07 3.47214330e+07 3.58329673e+07 2.98645452e+07 3.38757679e+07 3.31651539e+07 3.38071781e+07 3.37172702e+07 2.88511618e+07
3.75918906e+07 2.61738972e+07 2.66174699e+07 2.54432829e+07 2.63783647e+07 2.46787912e+07 2.62288613e+07 2.47141635e+07 2.46682108e+07 2.52201703e+07 2.55246419e+07 2.54628036e+07 2.60167829e+07 2.50397836e+07 2.45269871e+07 2.58224913e+07 2.35624520e+07 2.66054763e+07 2.58228784e+07 2.83396812e+07 0.00000000e+00 3.52712152e+07 4.06614477e+07 3.93067049e+07 3.84817956e+07 3.45792649e+07 3.63323910e+07 3.80960912e+07 2.68688728e+07
4.04212609e+07 2.89165679e+07 2.89052058e+07 2.83638518e+07 2.90535595e+07 2.76489136e+07 2.92169698e+07 2.72117669e+07 2.78473217e+07 2.80229200e+07 2.79947221e+07 2.84219758e+07 2.88468121e+07 2.76107162e+07 2.73553927e+07 2.87772302e+07 2.63143618e+07 2.94384320e+07 2.88117801e+07 3.47214330e+07 3.52712152e+07 0.00000000e+00 4.38500297e+07 3.93440685e+07 4.21491816e+07 3.77408317e+07 3.86045585e+07 4.43178332e+07 3.60817236e+07
3.42534776e+07 2.55567497e+07 2.47671409e+07 2.31243983e+07 2.41612718e+07 2.30462195e+07 2.35058125e+07 2.27426527e+07 2.36259662e+07 2.46586501e+07 2.35822408e+07 2.38088362e+07 2.54851991e+07 3.20085917e+07 3.05674879e+07 2.30712614e+07 2.96443387e+07 2.60706213e+07 2.42619436e+07 3.58329673e+07 4.06614477e+07 4.38500297e+07 0.00000000e+00 3.14959173e+07 3.67949456e+07 3.29050128e+07 3.87199952e+07 3.65106580e+07 4.09336752e+07
2.93883202e+07 2.05910732e+07 1.99993097e+07 1.98550888e+07 1.99751122e+07 1.93344917e+07 1.95824812e+07 1.88973369e+07 1.95190237e+07 1.97107247e+07 1.97002011e+07 2.01080036e+07 2.05361723e+07 2.81190350e+07 2.78543301e+07 1.91301794e+07 2.69444106e+07 2.11218845e+07 2.04964313e+07 2.98645452e+07 3.93067049e+07 3.93440685e+07 3.14959173e+07 0.00000000e+00 3.09057981e+07 3.00072183e+07 3.28209394e+07 3.30337413e+07 3.99987447e+07
3.27121352e+07 2.06821662e+07 2.19445909e+07 2.41820408e+07 2.27216407e+07 2.10138738e+07 2.28644612e+07 2.09271660e+07 2.06239046e+07 1.97288172e+07 2.14164676e+07 2.18352979e+07 2.05716938e+07 3.09226721e+07 3.22015102e+07 2.24179702e+07 3.14165249e+07 2.11975116e+07 2.21888566e+07 3.38757679e+07 3.84817956e+07 4.21491816e+07 3.67949456e+07 3.09057981e+07 0.00000000e+00 3.26735359e+07 3.44097255e+07 3.43629077e+07 3.92847964e+07
3.26044612e+07 2.20148082e+07 2.24905732e+07 2.17603148e+07 2.24740035e+07 2.11004314e+07 2.17755799e+07 2.11487534e+07 2.20197795e+07 2.11468787e+07 2.19484443e+07 2.19301048e+07 2.19524094e+07 2.64086715e+07 2.65698994e+07 2.13574566e+07 2.56443838e+07 2.25448832e+07 2.23537061e+07 3.31651539e+07 3.45792649e+07 3.77408317e+07 3.29050128e+07 3.00072183e+07 3.26735359e+07 0.00000000e+00 3.34402706e+07 3.49550160e+07 3.51870170e+07
3.32673308e+07 2.23467231e+07 2.36220026e+07 2.46314032e+07 2.37861960e+07 2.27141215e+07 2.33132720e+07 2.25523859e+07 2.23303936e+07 2.14763133e+07 2.33605196e+07 2.35127484e+07 2.22808067e+07 2.65480379e+07 2.78599105e+07 2.28942706e+07 2.69978768e+07 2.28775106e+07 2.38438380e+07 3.38071781e+07 3.63323910e+07 3.86045585e+07 3.87199952e+07 3.28209394e+07 3.44097255e+07 3.34402706e+07 0.00000000e+00 3.68180235e+07 3.69949876e+07
3.28614339e+07 2.26853916e+07 2.25798105e+07 2.31975394e+07 2.29746423e+07 2.12546053e+07 2.28820447e+07 2.12522566e+07 2.12053638e+07 2.17195268e+07 2.20806118e+07 2.20565988e+07 2.25484655e+07 3.16211899e+07 3.11666639e+07 2.24240979e+07 3.03490857e+07 2.31489913e+07 2.23920654e+07 3.37172702e+07 3.80960912e+07 4.43178332e+07 3.65106580e+07 3.30337413e+07 3.43629077e+07 3.49550160e+07 3.68180235e+07 0.00000000e+00 3.87505885e+07
3.83776161e+07 2.68247492e+07 2.72763994e+07 2.61188337e+07 2.70755491e+07 2.53701483e+07 2.69293748e+07 2.53818531e+07 2.53169573e+07 2.58778415e+07 2.61976398e+07 2.61443164e+07 2.66750770e+07 2.57614505e+07 2.52729726e+07 2.65200423e+07 2.43227811e+07 2.72674220e+07 2.65022489e+07 2.88511618e+07 2.68688728e+07 3.60817236e+07 4.09336752e+07 3.99987447e+07 3.92847964e+07 3.51870170e+07 3.69949876e+07 3.87505885e+07 0.00000000e+00
