0.00000000e+00 1.56487256e+06 1.51146678e+06 1.52353041e+06 1.45433109e+06 1.37854954e+06 1.42657316e+06 1.36380180e+06 1.40835626e+06 1.50251335e+06 1.42760177e+06 1.43791372e+06 1.56120264e+06 2.20925499e+06 2.09074284e+06 1.38792520e+06 2.03750239e+06 1.60357950e+06 1.45987611e+06 2.41707265e+06 2.82723440e+06 3.07960709e+06 2.61438912e+06 2.18926303e+06 2.48299666e+06 2.41296567e+06 2.46676072e+06 2.49597977e+06 2.88549812e+06
1.56487256e+06 0.00000000e+00 4.53298200e+05 7.15499810e+05 5.29112196e+05 4.09778151e+05 5.69274600e+05 4.13982051e+05 3.06137594e+05 1.51782958e+05 4.28846484e+05 4.85607055e+05 2.43187441e+05 1.19627757e+06 1.44009697e+06 5.39702275e+05 1.36826183e+06 2.83456974e+05 5.16012162e+05 1.64995891e+06 2.00532405e+06 2.24684240e+06 1.99246418e+06 1.55944195e+06 1.60740889e+06 1.65252406e+06 1.68226037e+06 1.76073960e+06 2.05293612e+06
1.51146678e+06 4.53298200e+05 0.00000000e+00 5.63280667e+05 4.73755623e+05 3.16785306e+05 5.04497750e+05 3.14138690e+05 3.39544001e+05 3.70721991e+05 3.70657992e+05 3.83468335e+05 4.31077469e+05 1.32315365e+06 1.26778953e+06 4.65986729e+05 1.20392193e+06 4.93697694e+05 4.13261825e+05 1.68530655e+06 2.03783097e+06 2.24452860e+06 1.93102011e+06 1.51385049e+06 1.70263353e+06 1.68683307e+06 1.77602510e+06 1.75177225e+06 2.08562428e+06
1.52353041e+06 7.15499810e+05 5.63280667e+05 0.00000000e+00 4.29660345e+05 4.24789110e+05 3.44389658e+05 3.89076768e+05 4.71048310e+05 6.64588076e+05 4.48123844e+05 4.92761900e+05 7.32596409e+05 1.01777424e+06 8.13414163e+05 3.18105829e+05 6.94109119e+05 7.56650688e+05 5.28207033e+05 1.63077898e+06 1.95406853e+06 2.20851454e+06 1.80921629e+06 1.50681421e+06 1.87687143e+06 1.63640163e+06 1.85578474e+06 1.80279107e+06 2.00272396e+06
1.45433109e+06 5.29112196e+05 4.73755623e+05 4.29660345e+05 0.00000000e+00 2.48551050e+05 2.63749779e+05 2.19805894e+05 3.10863823e+05 4.99246514e+05 2.54334848e+05 3.09819282e+05 5.59804200e+05 1.37134068e+06 1.16711621e+06 2.36935385e+05 1.07982533e+06 5.75970175e+05 3.47140872e+05 1.65198757e+06 2.02737835e+06 2.26452241e+06 1.89088028e+06 1.51758235e+06 1.76772070e+06 1.69237453e+06 1.79541147e+06 1.78776013e+06 2.07826887e+06
1.37854954e+06 4.09778151e+05 3.16785306e+05 4.24789110e+05 2.48551050e+05 0.00000000e+00 2.67433450e+05 9.23132110e+04 1.73389617e+05 2.82374325e+05 1.48073446e+05 1.51534383e+05 3.87921701e+05 1.36128064e+06 1.13060638e+06 2.53974092e+05 1.07709305e+06 4.50853537e+05 1.98079262e+05 1.54747533e+06 1.89528138e+06 2.15461606e+06 1.80384334e+06 1.46686747e+06 1.63537619e+06 1.58613550e+06 1.71159228e+06 1.65445011e+06 1.94597006e+06
1.42657316e+06 5.69274600e+05 5.04497750e+05 3.44389658e+05 2.63749779e+05 2.67433450e+05 0.00000000e+00 2.38330406e+05 3.28873048e+05 5.18037063e+05 2.96927802e+05 3.39850672e+05 5.86480685e+05 1.29271272e+06 1.09134751e+06 1.66478206e+05 9.95340993e+05 6.01844271e+05 3.78224134e+05 1.65259185e+06 2.01662247e+06 2.27746154e+06 1.84139316e+06 1.48867728e+06 1.77913583e+06 1.64039209e+06 1.75989651e+06 1.78155039e+06 2.06777181e+06
1.36380180e+06 4.13982051e+05 3.14138690e+05 3.89076768e+05 2.19805894e+05 9.23132110e+04 2.38330406e+05 0.00000000e+00 1.61120670e+05 3.15256556e+05 6.83735428e+04 1.64931392e+05 3.87532921e+05 1.33213004e+06 1.10233113e+06 2.08373651e+05 1.04160543e+06 4.39360504e+05 1.87078246e+05 1.52488821e+06 1.89848566e+06 2.12141545e+06 1.78080947e+06 1.43397981e+06 1.62905083e+06 1.58982596e+06 1.69954795e+06 1.65448750e+06 1.94704449e+06
1.40835626e+06 3.06137594e+05 3.39544001e+05 4.71048310e+05 3.10863823e+05 1.73389617e+05 3.28873048e+05 1.61120670e+05 0.00000000e+00 2.13694187e+05 2.16950272e+05 2.75569793e+05 3.27104627e+05 1.25413856e+06 1.20517732e+06 3.00544534e+05 1.12388037e+06 3.67042536e+05 3.05675259e+05 1.52049401e+06 1.89776100e+06 2.17244536e+06 1.85073892e+06 1.48329582e+06 1.60741205e+06 1.65815537e+06 1.68497160e+06 1.65278860e+06 1.94488071e+06
1.50251335e+06 1.51782958e+05 3.70721991e+05 6.64588076e+05 4.99246514e+05 2.82374325e+05 5.18037063e+05 3.15256556e+05 2.13694187e+05 0.00000000e+00 3.71385152e+05 3.87935226e+05 1.47668374e+05 1.14998191e+06 1.35382087e+06 4.90671186e+05 1.31702805e+06 2.25178494e+05 4.17793436e+05 1.58228339e+06 1.93555403e+06 2.18125014e+06 1.92629020e+06 1.49477634e+06 1.53643825e+06 1.58931026e+06 1.61866968e+06 1.68899514e+06 1.98369425e+06
1.42760177e+06 4.28846484e+05 3.70657992e+05 4.48123844e+05 2.54334848e+05 1.48073446e+05 2.96927802e+05 6.83735428e+04 2.16950272e+05 3.71385152e+05 0.00000000e+00 2.21493916e+05 4.44283002e+05 1.39431617e+06 1.16430969e+06 2.66658023e+05 1.10447683e+06 4.96207060e+05 2.43420962e+05 1.58757967e+06 1.96480737e+06 2.18584323e+06 1.84850833e+06 1.49843238e+06 1.66967901e+06 1.65468405e+06 1.76529366e+06 1.72107954e+06 2.01388038e+06
1.43791372e+06 4.85607055e+05 3.83468335e+05 4.92761900e+05 3.09819282e+05 1.51534383e+05 3.39850672e+05 1.64931392e+05 2.75569793e+05 3.87935226e+05 2.21493916e+05 0.00000000e+00 3.62973020e+05 1.42339556e+06 1.18432074e+06 3.10200402e+05 1.13887654e+06 5.14192564e+05 2.56100511e+05 1.60088015e+06 1.95398852e+06 2.21279158e+06 1.86120158e+06 1.52482726e+06 1.69736030e+06 1.64804449e+06 1.77129938e+06 1.71484717e+06 2.00391133e+06
1.56120264e+06 2.43187441e+05 4.31077469e+05 7.32596409e+05 5.59804200e+05 3.87921701e+05 5.86480685e+05 3.87532921e+05 3.27104627e+05 1.47668374e+05 4.44283002e+05 3.62973020e+05 0.00000000e+00 1.21138742e+06 1.41374474e+06 5.49394689e+05 1.37817148e+06 2.90041988e+05 4.78618886e+05 1.64151868e+06 1.99573037e+06 2.24377476e+06 1.98895686e+06 1.55700417e+06 1.60027818e+06 1.64992796e+06 1.67919611e+06 1.75177762e+06 2.04393229e+06
2.20925499e+06 1.19627757e+06 1.32315365e+06 1.01777424e+06 1.37134068e+06 1.36128064e+06 1.29271272e+06 1.33213004e+06 1.25413856e+06 1.14998191e+06 1.39431617e+06 1.42339556e+06 1.21138742e+06 0.00000000e+00 4.22146584e+05 1.26292228e+06 4.22667264e+05 1.22344567e+06 1.45091340e+06 1.80725053e+06 1.91803119e+06 2.14116416e+06 2.48143321e+06 2.12717938e+06 2.38445788e+06 1.98292391e+06 1.99797227e+06 2.43979713e+06 1.96928988e+06
2.09074284e+06 1.44009697e+06 1.26778953e+06 8.13414163e+05 1.16711621e+06 1.13060638e+06 1.09134751e+06 1.10233113e+06 1.20517732e+06 1.35382087e+06 1.16430969e+06 1.18432074e+06 1.41374474e+06 4.22146584e+05 0.00000000e+00 1.05751027e+06 2.21849953e+05 1.47467782e+06 1.18222917e+06 1.76946921e+06 1.87853444e+06 2.12222734e+06 2.37090254e+06 2.10631699e+06 2.48144783e+06 1.99396640e+06 2.09539784e+06 2.40465542e+06 1.93159029e+06
1.38792520e+06 5.39702275e+05 4.65986729e+05 3.18105829e+05 2.36935385e+05 2.53974092e+05 1.66478206e+05 2.08373651e+05 3.00544534e+05 4.90671186e+05 2.66658023e+05 3.10200402e+05 5.49394689e+05 1.26292228e+06 1.05751027e+06 0.00000000e+00 9.68484469e+05 5.66537631e+05 3.38787238e+05 1.61987498e+06 1.98258787e+06 2.24090160e+06 1.80562294e+06 1.45177617e+06 1.74260226e+06 1.60592455e+06 1.72557651e+06 1.74400575e+06 2.03346879e+06
2.03750239e+06 1.36826183e+06 1.20392193e+06 6.94109119e+05 1.07982533e+06 1.07709305e+06 9.95340993e+05 1.04160543e+06 1.12388037e+06 1.31702805e+06 1.10447683e+06 1.13887654e+06 1.37817148e+06 4.22667264e+05 2.21849953e+05 9.68484469e+05 0.00000000e+00 1.40215149e+06 1.17068883e+06 1.70851731e+06 1.81020510e+06 2.04733138e+06 2.30676397e+06 2.04373361e+06 2.42842655e+06 1.93009123e+06 2.03585283e+06 2.34909546e+06 1.86446556e+06
1.60357950e+06 2.83456974e+05 4.93697694e+05 7.56650688e+05 5.75970175e+05 4.50853537e+05 6.01844271e+05 4.39360504e+05 3.67042536e+05 2.25178494e+05 4.96207060e+05 5.14192564e+05 2.90041988e+05 1.22344567e+06 1.47467782e+06 5.66537631e+05 1.40215149e+06 0.00000000e+00 4.95747671e+05 1.68455301e+06 2.04029960e+06 2.28872014e+06 2.03346993e+06 1.60127582e+06 1.64777317e+06 1.69459614e+06 1.72407945e+06 1.79740715e+06 2.08878791e+06
1.45987611e+06 5.16012162e+05 4.13261825e+05 5.28207033e+05 3.47140872e+05 1.98079262e+05 3.78224134e+05 1.87078246e+05 3.05675259e+05 4.17793436e+05 2.43420962e+05 2.56100511e+05 4.78618886e+05 1.45091340e+06 1.18222917e+06 3.38787238e+05 1.17068883e+06 4.95747671e+05 0.00000000e+00 1.62674760e+06 1.97928198e+06 2.24027805e+06 1.89409651e+06 1.55243373e+06 1.72246756e+06 1.67818869e+06 1.79415061e+06 1.73863577e+06 2.02903623e+06
2.41707265e+06 1.64995891e+06 1.68530655e+06 1.63077898e+06 1.65198757e+06 1.54747533e+06 1.65259185e+06 1.52488821e+06 1.52049401e+06 1.58228339e+06 1.58757967e+06 1.60088015e+06 1.64151868e+06 1.80725053e+06 1.76946921e+06 1.61987498e+06 1.70851731e+06 1.68455301e+06 1.62674760e+06 0.00000000e+00 2.14414549e+06 2.65786501e+06 2.74283906e+06 2.23250998e+06 2.57933732e+06 2.46333825e+06 2.51491226e+06 2.56983700e+06 2.17993458e+06
2.82723440e+06 2.00532405e+06 2.03783097e+06 1.95406853e+06 2.02737835e+06 1.89528138e+06 2.01662247e+06 1.89848566e+06 1.89776100e+06 1.93555403e+06 1.96480737e+06 1.95398852e+06 1.99573037e+06 1.91803119e+06 1.87853444e+06 1.98258787e+06 1.81020510e+06 2.04029960e+06 1.97928198e+06 2.14414549e+06 0.00000000e+00 2.75782067e+06 3.18009225e+06 3.01447046e+06 2.99682087e+06 2.63794083e+06 2.77299523e+06 2.96905965e+06 2.08012136e+06
3.07960709e+06 2.24684240e+06 2.24452860e+06 2.20851454e+06 2.26452241e+06 2.15461606e+06 2.27746154e+06 2.12141545e+06 2.17244536e+06 2.18125014e+06 2.18584323e+06 2.21279158e+06 2.24377476e+06 2.14116416e+06 2.12222734e+06 2.24090160e+06 2.04733138e+06 2.28872014e+06 2.24027805e+06 2.65786501e+06 2.75782067e+06 0.00000000e+00 3.46215094e+06 3.05287851e+06 3.31457578e+06 2.91203800e+06 2.98040919e+06 3.48313596e+06 2.81797693e+06
2.61438912e+06 1.99246418e+06 1.93102011e+06 1.80921629e+06 1.89088028e+06 1.80384334e+06 1.84139316e+06 1.78080947e+06 1.85073892e+06 1.92629020e+06 1.84850833e+06 1.86120158e+06 1.98895686e+06 2.48143321e+06 2.37090254e+06 1.80562294e+06 2.30676397e+06 2.03346993e+06 1.89409651e+06 2.74283906e+06 3.18009225e+06 3.46215094e+06 0.00000000e+00 2.45111268e+06 2.89904895e+06 2.54402358e+06 2.98973113e+06 2.88100751e+06 3.19493723e+06
2.18926303e+06 1.55944195e+06 1.51385049e+06 1.50681421e+06 1.51758235e+06 1.46686747e+06 1.48867728e+06 1.43397981e+06 1.48329582e+06 1.49477634e+06 1.49843238e+06 1.52482726e+06 1.55700417e+06 2.12717938e+06 2.10631699e+06 1.45177617e+06 2.04373361e+06 1.60127582e+06 1.55243373e+06 2.23250998e+06 3.01447046e+06 3.05287851e+06 2.45111268e+06 0.00000000e+00 2.39264718e+06 2.26852845e+06 2.48342967e+06 2.55759795e+06 3.06592917e+06
2.48299666e+06 1.60740889e+06 1.70263353e+06 1.87687143e+06 1.76772070e+06 1.63537619e+06 1.77913583e+06 1.62905083e+06 1.60741205e+06 1.53643825e+06 1.66967901e+06 1.69736030e+06 1.60027818e+06 2.38445788e+06 2.48144783e+06 1.74260226e+06 2.42842655e+06 1.64777317e+06 1.72246756e+06 2.57933732e+06 2.99682087e+06 3.31457578e+06 2.89904895e+06 2.39264718e+06 0.00000000e+00 2.51405399e+06 2.64683206e+06 2.70142847e+06 3.05759802e+06
2.41296567e+06 1.65252406e+06 1.68683307e+06 1.63640163e+06 1.69237453e+06 1.58613550e+06 1.64039209e+06 1.58982596e+06 1.65815537e+06 1.58931026e+06 1.65468405e+06 1.64804449e+06 1.64992796e+06 1.98292391e+06 1.99396640e+06 1.60592455e+06 1.93009123e+06 1.69459614e+06 1.67818869e+06 2.46333825e+06 2.63794083e+06 2.91203800e+06 2.54402358e+06 2.26852845e+06 2.51405399e+06 0.00000000e+00 2.51553197e+06 2.68951286e+06 2.68217277e+06
2.46676072e+06 1.68226037e+06 1.77602510e+06 1.85578474e+06 1.79541147e+06 1.71159228e+06 1.75989651e+06 1.69954795e+06 1.68497160e+06 1.61866968e+06 1.76529366e+06 1.77129938e+06 1.67919611e+06 1.99797227e+06 2.09539784e+06 1.72557651e+06 2.03585283e+06 1.72407945e+06 1.79415061e+06 2.51491226e+06 2.77299523e+06 2.98040919e+06 2.98973113e+06 2.48342967e+06 2.64683206e+06 2.51553197e+06 0.00000000e+00 2.83447727e+06 2.82190554e+06
2.49597977e+06 1.76073960e+06 1.75177225e+06 1.80279107e+06 1.78776013e+06 1.65445011e+06 1.78155039e+06 1.65448750e+06 1.65278860e+06 1.68899514e+06 1.72107954e+06 1.71484717e+06 1.75177762e+06 2.43979713e+06 2.40465542e+06 1.74400575e+06 2.34909546e+06 1.79740715e+06 1.73863577e+06 2.56983700e+06 2.96905965e+06 3.48313596e+06 2.88100751e+06 2.55759795e+06 2.70142847e+06 2.68951286e+06 2.83447727e+06 0.00000000e+00 3.01730453e+06
2.88549812e+06 2.05293612e+06 2.08562428e+06 2.00272396e+06 2.07826887e+06 1.94597006e+06 2.06777181e+06 1.94704449e+06 1.94488071e+06 1.98369425e+06 2.01388038e+06 2.00391133e+06 2.04393229e+06 1.96928988e+06 1.93159029e+06 2.03346879e+06 1.86446556e+06 2.08878791e+06 2.02903623e+06 2.17993458e+06 2.08012136e+06 2.81797693e+06 3.19493723e+06 3.06592917e+06 3.05759802e+06 2.68217277e+06 2.82190554e+06 3.01730453e+06 0.00000000e+00
