0.000000e+00 6.782698e-03 6.680279e-03 6.766585e-03 6.816062e-03 6.293969e-03 6.095333e-03 5.980516e-03 6.147395e-03 6.209167e-03
6.782698e-03 0.000000e+00 6.698742e-03 6.761414e-03 6.763622e-03 6.229086e-03 6.151584e-03 6.020479e-03 6.207203e-03 6.265476e-03
6.680279e-03 6.698742e-03 0.000000e+00 6.535846e-03 6.732107e-03 6.210014e-03 6.074047e-03 5.942944e-03 6.144595e-03 6.187938e-03
6.766585e-03 6.761414e-03 6.535846e-03 0.000000e+00 6.794778e-03 6.272685e-03 6.136718e-03 5.955857e-03 6.207265e-03 6.250609e-03
6.816062e-03 6.763622e-03 6.732107e-03 6.794778e-03 0.000000e+00 6.199316e-03 6.084956e-03 5.934026e-03 6.036431e-03 6.298841e-03
6.293969e-03 6.229086e-03 6.210014e-03 6.272685e-03 6.199316e-03 0.000000e+00 4.788413e-03 4.878440e-03 4.708646e-03 4.896446e-03
6.095333e-03 6.151584e-03 6.074047e-03 6.136718e-03 6.084956e-03 4.788413e-03 0.000000e+00 4.563139e-03 4.638446e-03 4.793817e-03
5.980516e-03 6.020479e-03 5.942944e-03 5.955857e-03 5.934026e-03 4.878440e-03 4.563139e-03 0.000000e+00 4.444218e-03 4.404794e-03
6.147395e-03 6.207203e-03 6.144595e-03 6.207265e-03 6.036431e-03 4.708646e-03 4.638446e-03 4.444218e-03 0.000000e+00 4.866708e-03
6.209167e-03 6.265476e-03 6.187938e-03 6.250609e-03 6.298841e-03 4.896446e-03 4.793817e-03 4.404794e-03 4.866708e-03 0.000000e+00
