0.000000e+00 4.199256e-03 4.153113e-03 4.198814e-03 4.228546e-03 3.979718e-03 3.899949e-03 3.806188e-03 3.862950e-03 3.911605e-03
4.199256e-03 0.000000e+00 4.115476e-03 4.160112e-03 4.169781e-03 3.907513e-03 3.900249e-03 3.789725e-03 3.856670e-03 3.911965e-03
4.153113e-03 4.115476e-03 0.000000e+00 4.059206e-03 4.144038e-03 3.895938e-03 3.854107e-03 3.743585e-03 3.810532e-03 3.865822e-03
4.198814e-03 4.160112e-03 4.059206e-03 0.000000e+00 4.190106e-03 3.941640e-03 3.899808e-03 3.763680e-03 3.856232e-03 3.911523e-03
4.228546e-03 4.169781e-03 4.144038e-03 4.190106e-03 0.000000e+00 3.898387e-03 3.879381e-03 3.748452e-03 3.767281e-03 3.941255e-03
3.979718e-03 3.907513e-03 3.895938e-03 3.941640e-03 3.898387e-03 0.000000e+00 3.197297e-03 3.235337e-03 3.063642e-03 3.222333e-03
3.899949e-03 3.900249e-03 3.854107e-03 3.899808e-03 3.879381e-03 3.197297e-03 0.000000e+00 3.062954e-03 3.058422e-03 3.193461e-03
3.806188e-03 3.789725e-03 3.743585e-03 3.763680e-03 3.748452e-03 3.235337e-03 3.062954e-03 0.000000e+00 2.923307e-03 2.917478e-03
3.862950e-03 3.856670e-03 3.810532e-03 3.856232e-03 3.767281e-03 3.063642e-03 3.058422e-03 2.923307e-03 0.000000e+00 3.183135e-03
3.911605e-03 3.911965e-03 3.865822e-03 3.911523e-03 3.941255e-03 3.222333e-03 3.193461e-03 2.917478e-03 3.183135e-03 0.000000e+00
