0.000000e+00 7.144528e-02 7.002198e-02 7.218198e-02 7.317070e-02 6.999632e-02 6.873900e-02 6.775046e-02 6.833551e-02 6.836073e-02
7.144528e-02 0.000000e+00 6.901804e-02 7.117380e-02 7.192238e-02 6.839085e-02 6.840870e-02 6.695378e-02 6.747675e-02 6.803200e-02
7.002198e-02 6.901804e-02 0.000000e+00 6.932990e-02 7.074239e-02 6.756148e-02 6.698592e-02 6.554090e-02 6.605477e-02 6.660919e-02
7.218198e-02 7.117380e-02 6.932990e-02 0.000000e+00 7.290044e-02 6.972067e-02 6.914461e-02 6.735085e-02 6.821329e-02 6.876829e-02
7.317070e-02 7.192238e-02 7.074239e-02 7.290044e-02 0.000000e+00 6.943056e-02 6.941321e-02 6.748275e-02 6.742370e-02 6.975532e-02
6.999632e-02 6.839085e-02 6.756148e-02 6.972067e-02 6.943056e-02 0.000000e+00 5.942759e-02 6.092409e-02 5.705672e-02 5.986309e-02
6.873900e-02 6.840870e-02 6.698592e-02 6.914461e-02 6.941321e-02 5.942759e-02 0.000000e+00 5.771215e-02 5.744313e-02 5.923531e-02
6.775046e-02 6.695378e-02 6.554090e-02 6.735085e-02 6.748275e-02 6.092409e-02 5.771215e-02 0.000000e+00 5.505589e-02 5.506943e-02
6.833551e-02 6.747675e-02 6.605477e-02 6.821329e-02 6.742370e-02 5.705672e-02 5.744313e-02 5.505589e-02 0.000000e+00 5.980451e-02
6.836073e-02 6.803200e-02 6.660919e-02 6.876829e-02 6.975532e-02 5.986309e-02 5.923531e-02 5.506943e-02 5.980451e-02 0.000000e+00
