0.000000e+00 4.464709e-02 4.392072e-02 4.643762e-02 4.727663e-02 4.625987e-02 4.521654e-02 4.555129e-02 4.543850e-02 4.507621e-02
4.464709e-02 0.000000e+00 4.307134e-02 4.562650e-02 4.647090e-02 4.506946e-02 4.486298e-02 4.474068e-02 4.463154e-02 4.472561e-02
4.392072e-02 4.307134e-02 0.000000e+00 4.472681e-02 4.578160e-02 4.472483e-02 4.413738e-02 4.402450e-02 4.390692e-02 4.400130e-02
4.643762e-02 4.562650e-02 4.472681e-02 0.000000e+00 4.829689e-02 4.724380e-02 4.665461e-02 4.640104e-02 4.642198e-02 4.651687e-02
4.727663e-02 4.647090e-02 4.578160e-02 4.829689e-02 0.000000e+00 4.732812e-02 4.703206e-02 4.664509e-02 4.618670e-02 4.739776e-02
4.625987e-02 4.506946e-02 4.472483e-02 4.724380e-02 4.732812e-02 0.000000e+00 4.181224e-02 4.389265e-02 4.067472e-02 4.268583e-02
4.521654e-02 4.486298e-02 4.413738e-02 4.665461e-02 4.703206e-02 4.181224e-02 0.000000e+00 4.149259e-02 4.094749e-02 4.178170e-02
4.555129e-02 4.474068e-02 4.402450e-02 4.640104e-02 4.664509e-02 4.389265e-02 4.149259e-02 0.000000e+00 4.017595e-02 4.001100e-02
4.543850e-02 4.463154e-02 4.390692e-02 4.642198e-02 4.618670e-02 4.067472e-02 4.094749e-02 4.017595e-02 0.000000e+00 4.304878e-02
4.507621e-02 4.472561e-02 4.400130e-02 4.651687e-02 4.739776e-02 4.268583e-02 4.178170e-02 4.001100e-02 4.304878e-02 0.000000e+00
