0.000000e+00 5.504743e-03 5.425683e-03 5.495383e-03 5.538644e-03 5.153826e-03 5.009384e-03 4.899848e-03 5.012082e-03 5.072857e-03
5.504743e-03 0.000000e+00 5.422776e-03 5.479906e-03 5.489228e-03 5.091838e-03 5.044195e-03 4.918200e-03 5.050488e-03 5.107727e-03
5.425683e-03 5.422776e-03 0.000000e+00 5.314113e-03 5.456677e-03 5.071859e-03 4.977707e-03 4.851714e-03 4.986516e-03 5.041238e-03
5.495383e-03 5.479906e-03 5.314113e-03 0.000000e+00 5.513807e-03 5.128990e-03 5.034837e-03 4.871133e-03 5.043645e-03 5.098368e-03
5.538644e-03 5.489228e-03 5.456677e-03 5.513807e-03 0.000000e+00 5.074978e-03 5.002947e-03 4.856918e-03 4.917939e-03 5.141628e-03
5.153826e-03 5.091838e-03 5.071859e-03 5.128990e-03 5.074978e-03 0.000000e+00 4.019510e-03 4.081885e-03 3.902923e-03 4.080368e-03
5.009384e-03 5.044195e-03 4.977707e-03 5.034837e-03 5.002947e-03 4.019510e-03 0.000000e+00 3.836569e-03 3.857042e-03 4.011619e-03
4.899848e-03 4.918200e-03 4.851714e-03 4.871133e-03 4.856918e-03 4.081885e-03 3.836569e-03 0.000000e+00 3.695369e-03 3.670222e-03
5.012082e-03 5.050488e-03 4.986516e-03 5.043645e-03 4.917939e-03 3.902923e-03 3.857042e-03 3.695369e-03 0.000000e+00 4.031434e-03
5.072857e-03 5.107727e-03 5.041238e-03 5.098368e-03 5.141628e-03 4.080368e-03 4.011619e-03 3.670222e-03 4.031434e-03 0.000000e+00
