0.000000e+00 1.070452e-01 1.048918e-01 1.081562e-01 1.096559e-01 1.049096e-01 1.030255e-01 1.015445e-01 1.024339e-01 1.024458e-01
1.070452e-01 0.000000e+00 1.033993e-01 1.066596e-01 1.077970e-01 1.025191e-01 1.025424e-01 1.003668e-01 1.011584e-01 1.019651e-01
1.048918e-01 1.033993e-01 0.000000e+00 1.038763e-01 1.060089e-01 1.012561e-01 1.003896e-01 9.822385e-02 9.900644e-02 9.981223e-02
1.081562e-01 1.066596e-01 1.038763e-01 0.000000e+00 1.092715e-01 1.045198e-01 1.036527e-01 1.009638e-01 1.022693e-01 1.030758e-01
1.096559e-01 1.077970e-01 1.060089e-01 1.092715e-01 0.000000e+00 1.041019e-01 1.040728e-01 1.011788e-01 1.011019e-01 1.045738e-01
1.049096e-01 1.025191e-01 1.012561e-01 1.045198e-01 1.041019e-01 0.000000e+00 8.912346e-02 9.136675e-02 8.557584e-02 8.976074e-02
1.030255e-01 1.025424e-01 1.003896e-01 1.036527e-01 1.040728e-01 8.912346e-02 0.000000e+00 8.655103e-02 8.615381e-02 8.882760e-02
1.015445e-01 1.003668e-01 9.822385e-02 1.009638e-01 1.011788e-01 9.136675e-02 8.655103e-02 0.000000e+00 8.257473e-02 8.257809e-02
1.024339e-01 1.011584e-01 9.900644e-02 1.022693e-01 1.011019e-01 8.557584e-02 8.615381e-02 8.257473e-02 0.000000e+00 8.968573e-02
1.024458e-01 1.019651e-01 9.981223e-02 1.030758e-01 1.045738e-01 8.976074e-02 8.882760e-02 8.257809e-02 8.968573e-02 0.000000e+00
