0.000000e+00 1.137570e-01 1.118527e-01 1.133568e-01 1.144719e-01 1.065508e-01 1.035625e-01 1.012974e-01 1.036152e-01 1.048754e-01
1.137570e-01 0.000000e+00 1.117473e-01 1.129916e-01 1.134050e-01 1.052237e-01 1.042367e-01 1.016312e-01 1.043637e-01 1.055509e-01
1.118527e-01 1.117473e-01 0.000000e+00 1.092942e-01 1.124622e-01 1.045411e-01 1.025925e-01 9.998721e-02 1.027717e-01 1.039067e-01
1.133568e-01 1.129916e-01 1.092942e-01 0.000000e+00 1.137065e-01 1.057854e-01 1.038368e-01 1.004518e-01 1.040159e-01 1.051510e-01
1.144719e-01 1.134050e-01 1.124622e-01 1.137065e-01 0.000000e+00 1.048891e-01 1.033978e-01 1.003782e-01 1.016373e-01 1.062657e-01
1.065508e-01 1.052237e-01 1.045411e-01 1.057854e-01 1.048891e-01 0.000000e+00 8.310013e-02 8.438931e-02 8.068743e-02 8.435892e-02
1.035625e-01 1.042367e-01 1.025925e-01 1.038368e-01 1.033978e-01 8.310013e-02 0.000000e+00 7.931599e-02 7.973738e-02 8.293598e-02
1.012974e-01 1.016312e-01 9.998721e-02 1.004518e-01 1.003782e-01 8.438931e-02 7.931599e-02 0.000000e+00 7.639463e-02 7.587733e-02
1.036152e-01 1.043637e-01 1.027717e-01 1.040159e-01 1.016373e-01 8.068743e-02 7.973738e-02 7.639463e-02 0.000000e+00 8.334329e-02
1.048754e-01 1.055509e-01 1.039067e-01 1.051510e-01 1.062657e-01 8.435892e-02 8.293598e-02 7.587733e-02 8.334329e-02 0.000000e+00
