0.000000e+00 1.521991e-01 1.496322e-01 1.516501e-01 1.531589e-01 1.425577e-01 1.385547e-01 1.355251e-01 1.386255e-01 1.403118e-01
1.521991e-01 0.000000e+00 1.494899e-01 1.511591e-01 1.517262e-01 1.407760e-01 1.394580e-01 1.359717e-01 1.396286e-01 1.412168e-01
1.496322e-01 1.494899e-01 0.000000e+00 1.461860e-01 1.504497e-01 1.398485e-01 1.372403e-01 1.337541e-01 1.374807e-01 1.389989e-01
1.516501e-01 1.511591e-01 1.461860e-01 0.000000e+00 1.521189e-01 1.415177e-01 1.389094e-01 1.343770e-01 1.391498e-01 1.406681e-01
1.531589e-01 1.517262e-01 1.504497e-01 1.521189e-01 0.000000e+00 1.403280e-01 1.383337e-01 1.342915e-01 1.359754e-01 1.421764e-01
1.425577e-01 1.407760e-01 1.398485e-01 1.415177e-01 1.403280e-01 0.000000e+00 1.111266e-01 1.128667e-01 1.078898e-01 1.128114e-01
1.385547e-01 1.394580e-01 1.372403e-01 1.389094e-01 1.383337e-01 1.111266e-01 0.000000e+00 1.060668e-01 1.066223e-01 1.109094e-01
1.355251e-01 1.359717e-01 1.337541e-01 1.343770e-01 1.342915e-01 1.128667e-01 1.060668e-01 0.000000e+00 1.021468e-01 1.014474e-01
1.386255e-01 1.396286e-01 1.374807e-01 1.391498e-01 1.359754e-01 1.078898e-01 1.066223e-01 1.021468e-01 0.000000e+00 1.114562e-01
1.403118e-01 1.412168e-01 1.389989e-01 1.406681e-01 1.421764e-01 1.128114e-01 1.109094e-01 1.014474e-01 1.114562e-01 0.000000e+00
