0.000000e+00 9.375909e-02 9.230256e-02 9.344867e-02 9.421751e-02 8.700443e-02 8.425724e-02 8.266958e-02 8.497445e-02 8.583136e-02
9.375909e-02 0.000000e+00 9.255938e-02 9.337891e-02 9.349453e-02 8.610932e-02 8.503608e-02 8.322330e-02 8.580245e-02 8.661105e-02
9.230256e-02 9.255938e-02 0.000000e+00 9.022064e-02 9.301778e-02 8.580470e-02 8.392360e-02 8.211088e-02 8.489627e-02 8.549850e-02
9.344867e-02 9.337891e-02 9.022064e-02 0.000000e+00 9.383733e-02 8.662424e-02 8.474310e-02 8.224280e-02 8.571574e-02 8.631802e-02
9.421751e-02 9.349453e-02 9.301778e-02 9.383733e-02 0.000000e+00 8.569512e-02 8.411254e-02 8.202577e-02 8.343953e-02 8.706939e-02
8.700443e-02 8.610932e-02 8.580470e-02 8.662424e-02 8.569512e-02 0.000000e+00 6.619687e-02 6.744003e-02 6.509292e-02 6.769070e-02
8.425724e-02 8.503608e-02 8.392360e-02 8.474310e-02 8.411254e-02 6.619687e-02 0.000000e+00 6.308101e-02 6.412104e-02 6.627058e-02
8.266958e-02 8.322330e-02 8.211088e-02 8.224280e-02 8.202577e-02 6.744003e-02 6.308101e-02 0.000000e+00 6.143617e-02 6.089375e-02
8.497445e-02 8.580245e-02 8.489627e-02 8.571574e-02 8.343953e-02 6.509292e-02 6.412104e-02 6.143617e-02 0.000000e+00 6.727621e-02
8.583136e-02 8.661105e-02 8.549850e-02 8.631802e-02 8.706939e-02 6.769070e-02 6.627058e-02 6.089375e-02 6.727621e-02 0.000000e+00
