0.000000e+00 6.697303e-02 6.587667e-02 6.968840e-02 7.095558e-02 6.946045e-02 6.788072e-02 6.839552e-02 6.823383e-02 6.767169e-02
6.697303e-02 0.000000e+00 6.461521e-02 6.848471e-02 6.975908e-02 6.768347e-02 6.736584e-02 6.719232e-02 6.703433e-02 6.715978e-02
6.587667e-02 6.461521e-02 0.000000e+00 6.712684e-02 6.871735e-02 6.716276e-02 6.627022e-02 6.610621e-02 6.593976e-02 6.606545e-02
6.968840e-02 6.848471e-02 6.712684e-02 0.000000e+00 7.252758e-02 7.097671e-02 7.008233e-02 6.970705e-02 6.974957e-02 6.987591e-02
7.095558e-02 6.975908e-02 6.871735e-02 7.252758e-02 0.000000e+00 7.110456e-02 7.065383e-02 7.007709e-02 6.939882e-02 7.120448e-02
6.946045e-02 6.768347e-02 6.716276e-02 7.097671e-02 7.110456e-02 0.000000e+00 6.282512e-02 6.596898e-02 6.112407e-02 6.414502e-02
6.788072e-02 6.736584e-02 6.627022e-02 7.008233e-02 7.065383e-02 6.282512e-02 0.000000e+00 6.235117e-02 6.153020e-02 6.278662e-02
6.839552e-02 6.719232e-02 6.610621e-02 6.970705e-02 7.007709e-02 6.596898e-02 6.235117e-02 0.000000e+00 6.037612e-02 6.011735e-02
6.823383e-02 6.703433e-02 6.593976e-02 6.974957e-02 6.939882e-02 6.112407e-02 6.153020e-02 6.037612e-02 0.000000e+00 6.470178e-02
6.767169e-02 6.715978e-02 6.606545e-02 6.987591e-02 7.120448e-02 6.414502e-02 6.278662e-02 6.011735e-02 6.470178e-02 0.000000e+00
