0.000000e+00 1.067972e-01 1.046509e-01 1.079020e-01 1.093964e-01 1.046634e-01 1.027888e-01 1.013104e-01 1.021956e-01 1.022076e-01
1.067972e-01 0.000000e+00 1.031662e-01 1.064132e-01 1.075472e-01 1.022852e-01 1.023086e-01 1.001390e-01 1.009269e-01 1.017298e-01
1.046509e-01 1.031662e-01 0.000000e+00 1.036402e-01 1.057644e-01 1.010248e-01 1.001629e-01 9.800313e-02 9.878203e-02 9.958399e-02
1.079020e-01 1.064132e-01 1.036402e-01 0.000000e+00 1.090136e-01 1.042752e-01 1.034127e-01 1.007324e-01 1.020316e-01 1.028343e-01
1.093964e-01 1.075472e-01 1.057644e-01 1.090136e-01 0.000000e+00 1.038612e-01 1.038325e-01 1.009482e-01 1.008691e-01 1.043270e-01
1.046634e-01 1.022852e-01 1.010248e-01 1.042752e-01 1.038612e-01 0.000000e+00 8.894689e-02 9.117401e-02 8.541211e-02 8.957661e-02
1.027888e-01 1.023086e-01 1.001629e-01 1.034127e-01 1.038325e-01 8.894689e-02 0.000000e+00 8.638201e-02 8.598717e-02 8.864789e-02
1.013104e-01 1.001390e-01 9.800313e-02 1.007324e-01 1.009482e-01 9.117401e-02 8.638201e-02 0.000000e+00 8.242119e-02 8.242478e-02
1.021956e-01 1.009269e-01 9.878203e-02 1.020316e-01 1.008691e-01 8.541211e-02 8.598717e-02 8.242119e-02 0.000000e+00 8.949727e-02
1.022076e-01 1.017298e-01 9.958399e-02 1.028343e-01 1.043270e-01 8.957661e-02 8.864789e-02 8.242478e-02 8.949727e-02 0.000000e+00
