0.000000e+00 1.130315e-01 1.113365e-01 1.128958e-01 1.138707e-01 1.074758e-01 1.053210e-01 1.027800e-01 1.042823e-01 1.054125e-01
1.130315e-01 0.000000e+00 1.101166e-01 1.116733e-01 1.120628e-01 1.053194e-01 1.051286e-01 1.021335e-01 1.039116e-01 1.052217e-01
1.113365e-01 1.101166e-01 0.000000e+00 1.085652e-01 1.109540e-01 1.045608e-01 1.034338e-01 1.004388e-01 1.022170e-01 1.035268e-01
1.128958e-01 1.116733e-01 1.085652e-01 0.000000e+00 1.125142e-01 1.061202e-01 1.049931e-01 1.013046e-01 1.037762e-01 1.050862e-01
1.138707e-01 1.120628e-01 1.109540e-01 1.125142e-01 0.000000e+00 1.051179e-01 1.046091e-01 1.010612e-01 1.015359e-01 1.060608e-01
1.074758e-01 1.053194e-01 1.045608e-01 1.061202e-01 1.051179e-01 0.000000e+00 8.657439e-02 8.760330e-02 8.298468e-02 8.709457e-02
1.053210e-01 1.051286e-01 1.034338e-01 1.049931e-01 1.046091e-01 8.657439e-02 0.000000e+00 8.299058e-02 8.283324e-02 8.630242e-02
1.027800e-01 1.021335e-01 1.004388e-01 1.013046e-01 1.010612e-01 8.760330e-02 8.299058e-02 0.000000e+00 7.917237e-02 7.882592e-02
1.042823e-01 1.039116e-01 1.022170e-01 1.037762e-01 1.015359e-01 8.298468e-02 8.283324e-02 7.917237e-02 0.000000e+00 8.605316e-02
1.054125e-01 1.052217e-01 1.035268e-01 1.050862e-01 1.060608e-01 8.709457e-02 8.630242e-02 7.882592e-02 8.605316e-02 0.000000e+00
