0.000000e+00 1.891530e-01 1.862013e-01 1.884973e-01 1.900767e-01 1.755260e-01 1.699836e-01 1.667806e-01 1.714304e-01 1.731593e-01
1.891530e-01 0.000000e+00 1.867195e-01 1.883567e-01 1.886182e-01 1.737202e-01 1.715550e-01 1.678978e-01 1.731009e-01 1.747324e-01
1.862013e-01 1.867195e-01 0.000000e+00 1.819718e-01 1.876432e-01 1.730924e-01 1.692974e-01 1.656403e-01 1.712595e-01 1.724746e-01
1.884973e-01 1.883567e-01 1.819718e-01 0.000000e+00 1.892803e-01 1.747296e-01 1.709344e-01 1.658902e-01 1.728965e-01 1.741117e-01
1.900767e-01 1.886182e-01 1.876432e-01 1.892803e-01 0.000000e+00 1.728834e-01 1.696906e-01 1.654806e-01 1.683327e-01 1.756559e-01
1.755260e-01 1.737202e-01 1.730924e-01 1.747296e-01 1.728834e-01 0.000000e+00 1.335480e-01 1.360560e-01 1.313207e-01 1.365617e-01
1.699836e-01 1.715550e-01 1.692974e-01 1.709344e-01 1.696906e-01 1.335480e-01 0.000000e+00 1.272619e-01 1.293600e-01 1.336967e-01
1.667806e-01 1.678978e-01 1.656403e-01 1.658902e-01 1.654806e-01 1.360560e-01 1.272619e-01 0.000000e+00 1.239434e-01 1.228492e-01
1.714304e-01 1.731009e-01 1.712595e-01 1.728965e-01 1.683327e-01 1.313207e-01 1.293600e-01 1.239434e-01 0.000000e+00 1.357254e-01
1.731593e-01 1.747324e-01 1.724746e-01 1.741117e-01 1.756559e-01 1.365617e-01 1.336967e-01 1.228492e-01 1.357254e-01 0.000000e+00
