0.000000e+00 5.361041e-02 5.255282e-02 5.415961e-02 5.489238e-02 5.250552e-02 5.156224e-02 5.082039e-02 5.125303e-02 5.128483e-02
5.361041e-02 0.000000e+00 5.179368e-02 5.339620e-02 5.394999e-02 5.129341e-02 5.130849e-02 5.021467e-02 5.060307e-02 5.103226e-02
5.255282e-02 5.179368e-02 0.000000e+00 5.202286e-02 5.307459e-02 5.068122e-02 5.025141e-02 4.916746e-02 4.954675e-02 4.997516e-02
5.415961e-02 5.339620e-02 5.202286e-02 0.000000e+00 5.467939e-02 5.228714e-02 5.185688e-02 5.051155e-02 5.115209e-02 5.158102e-02
5.489238e-02 5.394999e-02 5.307459e-02 5.467939e-02 0.000000e+00 5.206109e-02 5.204964e-02 5.060186e-02 5.055179e-02 5.231212e-02
5.250552e-02 5.129341e-02 5.068122e-02 5.228714e-02 5.206109e-02 0.000000e+00 4.455076e-02 4.567315e-02 4.276944e-02 4.488514e-02
5.156224e-02 5.130849e-02 5.025141e-02 5.185688e-02 5.204964e-02 4.455076e-02 0.000000e+00 4.326465e-02 4.305988e-02 4.441036e-02
5.082039e-02 5.021467e-02 4.916746e-02 5.051155e-02 5.060186e-02 4.567315e-02 4.326465e-02 0.000000e+00 4.126972e-02 4.128831e-02
5.125303e-02 5.060307e-02 4.954675e-02 5.115209e-02 5.055179e-02 4.276944e-02 4.305988e-02 4.126972e-02 0.000000e+00 4.483482e-02
5.128483e-02 5.103226e-02 4.997516e-02 5.158102e-02 5.231212e-02 4.488514e-02 4.441036e-02 4.128831e-02 4.483482e-02 0.000000e+00
