0.000000e+00 7.526362e-02 7.402073e-02 7.501186e-02 7.573562e-02 7.049290e-02 6.851591e-02 6.701736e-02 6.855086e-02 6.938455e-02
7.526362e-02 0.000000e+00 7.395413e-02 7.477335e-02 7.503290e-02 6.961808e-02 6.896507e-02 6.724136e-02 6.904919e-02 6.983454e-02
7.402073e-02 7.395413e-02 0.000000e+00 7.234419e-02 7.442611e-02 6.918339e-02 6.789429e-02 6.617064e-02 6.801285e-02 6.876370e-02
7.501186e-02 7.477335e-02 7.234419e-02 0.000000e+00 7.524535e-02 7.000262e-02 6.871349e-02 6.647404e-02 6.883200e-02 6.958292e-02
7.573562e-02 7.503290e-02 7.442611e-02 7.524535e-02 0.000000e+00 6.939570e-02 6.840913e-02 6.641138e-02 6.724448e-02 7.030648e-02
7.049290e-02 6.961808e-02 6.918339e-02 7.000262e-02 6.939570e-02 0.000000e+00 5.497848e-02 5.583132e-02 5.338233e-02 5.581127e-02
6.851591e-02 6.896507e-02 6.789429e-02 6.871349e-02 6.840913e-02 5.497848e-02 0.000000e+00 5.247494e-02 5.275379e-02 5.486988e-02
6.701736e-02 6.724136e-02 6.617064e-02 6.647404e-02 6.641138e-02 5.583132e-02 5.247494e-02 0.000000e+00 5.054228e-02 5.020005e-02
6.855086e-02 6.904919e-02 6.801285e-02 6.883200e-02 6.724448e-02 5.338233e-02 5.275379e-02 5.054228e-02 0.000000e+00 5.513937e-02
6.938455e-02 6.983454e-02 6.876370e-02 6.958292e-02 7.030648e-02 5.581127e-02 5.486988e-02 5.020005e-02 5.513937e-02 0.000000e+00
