0.000000e+00 2.838354e-01 2.793991e-01 2.828364e-01 2.852213e-01 2.633866e-01 2.550690e-01 2.502629e-01 2.572400e-01 2.598344e-01
2.838354e-01 0.000000e+00 2.801772e-01 2.826255e-01 2.830324e-01 2.606763e-01 2.574278e-01 2.519399e-01 2.597476e-01 2.621958e-01
2.793991e-01 2.801772e-01 0.000000e+00 2.730359e-01 2.815631e-01 2.597283e-01 2.540334e-01 2.485457e-01 2.569779e-01 2.588011e-01
2.828364e-01 2.826255e-01 2.730359e-01 0.000000e+00 2.840114e-01 2.621766e-01 2.564816e-01 2.489117e-01 2.594261e-01 2.612494e-01
2.852213e-01 2.830324e-01 2.815631e-01 2.840114e-01 0.000000e+00 2.594198e-01 2.546289e-01 2.483113e-01 2.525908e-01 2.635814e-01
2.633866e-01 2.606763e-01 2.597283e-01 2.621766e-01 2.594198e-01 0.000000e+00 2.003848e-01 2.041510e-01 1.970410e-01 2.049071e-01
2.550690e-01 2.574278e-01 2.540334e-01 2.564816e-01 2.546289e-01 2.003848e-01 0.000000e+00 1.909527e-01 1.940997e-01 2.006084e-01
2.502629e-01 2.519399e-01 2.485457e-01 2.489117e-01 2.483113e-01 2.041510e-01 1.909527e-01 0.000000e+00 1.859710e-01 1.843277e-01
2.572400e-01 2.597476e-01 2.569779e-01 2.594261e-01 2.525908e-01 1.970410e-01 1.940997e-01 1.859710e-01 0.000000e+00 2.036528e-01
2.598344e-01 2.621958e-01 2.588011e-01 2.612494e-01 2.635814e-01 2.049071e-01 2.006084e-01 1.843277e-01 2.036528e-01 0.000000e+00
