0.000000e+00 3.637484e-02 3.579299e-02 3.626908e-02 3.660469e-02 3.405784e-02 3.309459e-02 3.237201e-02 3.311120e-02 3.351495e-02
3.637484e-02 0.000000e+00 3.576814e-02 3.615940e-02 3.626594e-02 3.363418e-02 3.332313e-02 3.248953e-02 3.336414e-02 3.374385e-02
3.579299e-02 3.576814e-02 0.000000e+00 3.499216e-02 3.599798e-02 3.345114e-02 3.282619e-02 3.199263e-02 3.288420e-02 3.324689e-02
3.626908e-02 3.615940e-02 3.499216e-02 0.000000e+00 3.638925e-02 3.384240e-02 3.321744e-02 3.212935e-02 3.327543e-02 3.363814e-02
3.660469e-02 3.626594e-02 3.599798e-02 3.638925e-02 0.000000e+00 3.352296e-02 3.304773e-02 3.207884e-02 3.248056e-02 3.397367e-02
3.405784e-02 3.363418e-02 3.345114e-02 3.384240e-02 3.352296e-02 0.000000e+00 2.646618e-02 2.690417e-02 2.567986e-02 2.686980e-02
3.309459e-02 3.332313e-02 3.282619e-02 3.321744e-02 3.304773e-02 2.646618e-02 0.000000e+00 2.526257e-02 2.538270e-02 2.641843e-02
3.237201e-02 3.248953e-02 3.199263e-02 3.212935e-02 3.207884e-02 2.690417e-02 2.526257e-02 0.000000e+00 2.430877e-02 2.413148e-02
3.311120e-02 3.336414e-02 3.288420e-02 3.327543e-02 3.248056e-02 2.567986e-02 2.538270e-02 2.430877e-02 0.000000e+00 2.655123e-02
3.351495e-02 3.374385e-02 3.324689e-02 3.363814e-02 3.397367e-02 2.686980e-02 2.641843e-02 2.413148e-02 2.655123e-02 0.000000e+00
