0.000000e+00 1.517951e-01 1.492366e-01 1.512478e-01 1.527501e-01 1.421824e-01 1.381948e-01 1.351722e-01 1.382652e-01 1.399468e-01
1.517951e-01 0.000000e+00 1.490926e-01 1.507571e-01 1.513231e-01 1.404083e-01 1.390911e-01 1.356144e-01 1.392607e-01 1.408448e-01
1.492366e-01 1.490926e-01 0.000000e+00 1.458060e-01 1.500476e-01 1.394799e-01 1.368797e-01 1.334032e-01 1.371188e-01 1.386333e-01
1.512478e-01 1.507571e-01 1.458060e-01 0.000000e+00 1.517122e-01 1.411444e-01 1.385442e-01 1.340273e-01 1.387831e-01 1.402978e-01
1.527501e-01 1.513231e-01 1.500476e-01 1.517122e-01 0.000000e+00 1.399627e-01 1.379728e-01 1.339433e-01 1.356236e-01 1.417997e-01
1.421824e-01 1.404083e-01 1.394799e-01 1.411444e-01 1.399627e-01 0.000000e+00 1.108902e-01 1.126103e-01 1.076707e-01 1.125699e-01
1.381948e-01 1.390911e-01 1.368797e-01 1.385442e-01 1.379728e-01 1.108902e-01 0.000000e+00 1.058406e-01 1.064029e-01 1.106711e-01
1.351722e-01 1.356144e-01 1.334032e-01 1.340273e-01 1.339433e-01 1.126103e-01 1.058406e-01 0.000000e+00 1.019424e-01 1.012522e-01
1.382652e-01 1.392607e-01 1.371188e-01 1.387831e-01 1.356236e-01 1.076707e-01 1.064029e-01 1.019424e-01 0.000000e+00 1.112146e-01
1.399468e-01 1.408448e-01 1.386333e-01 1.402978e-01 1.417997e-01 1.125699e-01 1.106711e-01 1.012522e-01 1.112146e-01 0.000000e+00
