0.000000e+00 6.781003e-03 6.678617e-03 6.764894e-03 6.814349e-03 6.292411e-03 6.093844e-03 5.979052e-03 6.145893e-03 6.207648e-03
6.781003e-03 0.000000e+00 6.697065e-03 6.759720e-03 6.761931e-03 6.227556e-03 6.150061e-03 6.018990e-03 6.205666e-03 6.263924e-03
6.678617e-03 6.697065e-03 0.000000e+00 6.534251e-03 6.730411e-03 6.208472e-03 6.072544e-03 5.941475e-03 6.143070e-03 6.186405e-03
6.764894e-03 6.759720e-03 6.534251e-03 0.000000e+00 6.793066e-03 6.271128e-03 6.135198e-03 5.954398e-03 6.205723e-03 6.249060e-03
6.814349e-03 6.761931e-03 6.730411e-03 6.793066e-03 0.000000e+00 6.197798e-03 6.083465e-03 5.932579e-03 6.034964e-03 6.297270e-03
6.292411e-03 6.227556e-03 6.208472e-03 6.271128e-03 6.197798e-03 0.000000e+00 4.787476e-03 4.877419e-03 4.707764e-03 4.895480e-03
6.093844e-03 6.150061e-03 6.072544e-03 6.135198e-03 6.083465e-03 4.787476e-03 0.000000e+00 4.562244e-03 4.637564e-03 4.792868e-03
5.979052e-03 6.018990e-03 5.941475e-03 5.954398e-03 5.932579e-03 4.877419e-03 4.562244e-03 0.000000e+00 4.443402e-03 4.404015e-03
6.145893e-03 6.205666e-03 6.143070e-03 6.205723e-03 6.034964e-03 4.707764e-03 4.637564e-03 4.443402e-03 0.000000e+00 4.865735e-03
6.207648e-03 6.263924e-03 6.186405e-03 6.249060e-03 6.297270e-03 4.895480e-03 4.792868e-03 4.404015e-03 4.865735e-03 0.000000e+00
