0.000000e+00 8.475526e-02 8.350005e-02 8.465693e-02 8.538266e-02 8.057717e-02 7.896136e-02 7.705669e-02 7.818400e-02 7.903823e-02
8.475526e-02 0.000000e+00 8.259193e-02 8.374611e-02 8.403396e-02 7.896683e-02 7.882361e-02 7.657845e-02 7.791263e-02 7.890168e-02
8.350005e-02 8.259193e-02 0.000000e+00 8.142872e-02 8.321753e-02 7.841378e-02 7.756856e-02 7.532349e-02 7.665771e-02 7.764659e-02
8.465693e-02 8.374611e-02 8.142872e-02 0.000000e+00 8.437529e-02 7.957073e-02 7.872545e-02 7.596033e-02 7.781452e-02 7.880351e-02
8.538266e-02 8.403396e-02 8.321753e-02 8.437529e-02 0.000000e+00 7.881394e-02 7.843225e-02 7.577264e-02 7.612962e-02 7.952902e-02
8.057717e-02 7.896683e-02 7.841378e-02 7.957073e-02 7.881394e-02 0.000000e+00 6.489554e-02 6.566774e-02 6.220297e-02 6.529142e-02
7.896136e-02 7.882361e-02 7.756856e-02 7.872545e-02 7.843225e-02 6.489554e-02 0.000000e+00 6.220707e-02 6.208993e-02 6.469797e-02
7.705669e-02 7.657845e-02 7.532349e-02 7.596033e-02 7.577264e-02 6.566774e-02 6.220707e-02 0.000000e+00 5.934556e-02 5.909250e-02
7.818400e-02 7.791263e-02 7.665771e-02 7.781452e-02 7.612962e-02 6.220297e-02 6.208993e-02 5.934556e-02 0.000000e+00 6.451015e-02
7.903823e-02 7.890168e-02 7.764659e-02 7.880351e-02 7.952902e-02 6.529142e-02 6.469797e-02 5.909250e-02 6.451015e-02 0.000000e+00
