0.000000e+00 1.090676e-02 1.072967e-02 1.130908e-02 1.150557e-02 1.121923e-02 1.097657e-02 1.104255e-02 1.100937e-02 1.094458e-02
1.090676e-02 0.000000e+00 1.050520e-02 1.109340e-02 1.129215e-02 1.091398e-02 1.087227e-02 1.082745e-02 1.079744e-02 1.084283e-02
1.072967e-02 1.050520e-02 0.000000e+00 1.087488e-02 1.112570e-02 1.082864e-02 1.069595e-02 1.065929e-02 1.062192e-02 1.066771e-02
1.130908e-02 1.109340e-02 1.087488e-02 0.000000e+00 1.170348e-02 1.140975e-02 1.127559e-02 1.120395e-02 1.119975e-02 1.124580e-02
1.150557e-02 1.129215e-02 1.112570e-02 1.170348e-02 0.000000e+00 1.142662e-02 1.136090e-02 1.125745e-02 1.113855e-02 1.145431e-02
1.121923e-02 1.091398e-02 1.082864e-02 1.140975e-02 1.142662e-02 0.000000e+00 1.005984e-02 1.054934e-02 9.771468e-03 1.027116e-02
1.097657e-02 1.087227e-02 1.069595e-02 1.127559e-02 1.136090e-02 1.005984e-02 0.000000e+00 9.971794e-03 9.843877e-03 1.004833e-02
1.104255e-02 1.082745e-02 1.065929e-02 1.120395e-02 1.125745e-02 1.054934e-02 9.971794e-03 0.000000e+00 9.644767e-03 9.620185e-03
1.100937e-02 1.079744e-02 1.062192e-02 1.119975e-02 1.113855e-02 9.771468e-03 9.843877e-03 9.644767e-03 0.000000e+00 1.034918e-02
1.094458e-02 1.084283e-02 1.066771e-02 1.124580e-02 1.145431e-02 1.027116e-02 1.004833e-02 9.620185e-03 1.034918e-02 0.000000e+00
