0.000000e+00 5.611157e-02 5.530125e-02 5.605094e-02 5.652409e-02 5.332989e-02 5.226063e-02 5.100037e-02 5.174787e-02 5.232200e-02
5.611157e-02 0.000000e+00 5.470875e-02 5.545576e-02 5.564065e-02 5.227292e-02 5.217770e-02 5.069222e-02 5.157655e-02 5.223986e-02
5.530125e-02 5.470875e-02 0.000000e+00 5.393941e-02 5.511951e-02 5.192704e-02 5.136748e-02 4.988207e-02 5.076642e-02 5.142962e-02
5.605094e-02 5.545576e-02 5.393941e-02 0.000000e+00 5.587004e-02 5.267677e-02 5.211718e-02 5.028779e-02 5.151607e-02 5.217933e-02
5.652409e-02 5.564065e-02 5.511951e-02 5.587004e-02 0.000000e+00 5.216930e-02 5.191634e-02 5.015674e-02 5.039455e-02 5.265234e-02
5.332989e-02 5.227292e-02 5.192704e-02 5.267677e-02 5.216930e-02 0.000000e+00 4.294248e-02 4.345280e-02 4.115973e-02 4.321169e-02
5.226063e-02 5.217770e-02 5.136748e-02 5.211718e-02 5.191634e-02 4.294248e-02 0.000000e+00 4.116085e-02 4.108522e-02 4.281941e-02
5.100037e-02 5.069222e-02 4.988207e-02 5.028779e-02 5.015674e-02 4.345280e-02 4.116085e-02 0.000000e+00 3.926955e-02 3.911130e-02
5.174787e-02 5.157655e-02 5.076642e-02 5.151607e-02 5.039455e-02 4.115973e-02 4.108522e-02 3.926955e-02 0.000000e+00 4.269342e-02
5.232200e-02 5.223986e-02 5.142962e-02 5.217933e-02 5.265234e-02 4.321169e-02 4.281941e-02 3.911130e-02 4.269342e-02 0.000000e+00
