0.000000e+00 1.090706e-02 1.072995e-02 1.130939e-02 1.150589e-02 1.121954e-02 1.097687e-02 1.104284e-02 1.100967e-02 1.094488e-02
1.090706e-02 0.000000e+00 1.050548e-02 1.109370e-02 1.129246e-02 1.091428e-02 1.087257e-02 1.082774e-02 1.079773e-02 1.084313e-02
1.072995e-02 1.050548e-02 0.000000e+00 1.087517e-02 1.112599e-02 1.082893e-02 1.069623e-02 1.065957e-02 1.062220e-02 1.066799e-02
1.130939e-02 1.109370e-02 1.087517e-02 0.000000e+00 1.170380e-02 1.141006e-02 1.127590e-02 1.120425e-02 1.120005e-02 1.124611e-02
1.150589e-02 1.129246e-02 1.112599e-02 1.170380e-02 0.000000e+00 1.142693e-02 1.136120e-02 1.125775e-02 1.113885e-02 1.145463e-02
1.121954e-02 1.091428e-02 1.082893e-02 1.141006e-02 1.142693e-02 0.000000e+00 1.006008e-02 1.054961e-02 9.771693e-03 1.027141e-02
1.097687e-02 1.087257e-02 1.069623e-02 1.127590e-02 1.136120e-02 1.006008e-02 0.000000e+00 9.972026e-03 9.844107e-03 1.004857e-02
1.104284e-02 1.082774e-02 1.065957e-02 1.120425e-02 1.125775e-02 1.054961e-02 9.972026e-03 0.000000e+00 9.644983e-03 9.620403e-03
1.100967e-02 1.079773e-02 1.062220e-02 1.120005e-02 1.113885e-02 9.771693e-03 9.844107e-03 9.644983e-03 0.000000e+00 1.034945e-02
1.094488e-02 1.084313e-02 1.066799e-02 1.124611e-02 1.145463e-02 1.027141e-02 1.004857e-02 9.620403e-03 1.034945e-02 0.000000e+00
