0.000000e+00 9.556180e-02 9.406874e-02 9.524305e-02 9.603701e-02 8.865462e-02 8.583452e-02 8.421929e-02 8.656219e-02 8.744014e-02
9.556180e-02 0.000000e+00 9.434266e-02 9.517707e-02 9.529117e-02 8.772963e-02 8.664845e-02 8.479910e-02 8.742757e-02 8.825485e-02
9.406874e-02 9.434266e-02 0.000000e+00 9.191285e-02 9.481785e-02 8.743546e-02 8.551346e-02 8.366419e-02 8.650730e-02 8.711979e-02
9.524305e-02 9.517707e-02 9.191285e-02 0.000000e+00 9.565228e-02 8.826987e-02 8.634784e-02 8.378292e-02 8.734164e-02 8.795418e-02
9.603701e-02 9.529117e-02 9.481785e-02 9.565228e-02 0.000000e+00 8.730086e-02 8.569097e-02 8.355630e-02 8.499304e-02 8.872997e-02
8.865462e-02 8.772963e-02 8.743546e-02 8.826987e-02 8.730086e-02 0.000000e+00 6.718705e-02 6.851882e-02 6.602361e-02 6.871227e-02
8.583452e-02 8.664845e-02 8.551346e-02 8.634784e-02 8.569097e-02 6.718705e-02 0.000000e+00 6.402734e-02 6.505318e-02 6.727536e-02
8.421929e-02 8.479910e-02 8.366419e-02 8.378292e-02 8.355630e-02 6.851882e-02 6.402734e-02 0.000000e+00 6.229778e-02 6.171751e-02
8.656219e-02 8.742757e-02 8.650730e-02 8.734164e-02 8.499304e-02 6.602361e-02 6.505318e-02 6.229778e-02 0.000000e+00 6.830395e-02
8.744014e-02 8.825485e-02 8.711979e-02 8.795418e-02 8.872997e-02 6.871227e-02 6.727536e-02 6.171751e-02 6.830395e-02 0.000000e+00
