0.000000e+00 1.421204e-01 1.399042e-01 1.416347e-01 1.428169e-01 1.318784e-01 1.277098e-01 1.253039e-01 1.287966e-01 1.300962e-01
1.421204e-01 0.000000e+00 1.402960e-01 1.415300e-01 1.417191e-01 1.305188e-01 1.288947e-01 1.261466e-01 1.300563e-01 1.312824e-01
1.399042e-01 1.402960e-01 0.000000e+00 1.367266e-01 1.409925e-01 1.300540e-01 1.272016e-01 1.244536e-01 1.286768e-01 1.295891e-01
1.416347e-01 1.415300e-01 1.367266e-01 0.000000e+00 1.422265e-01 1.312880e-01 1.284355e-01 1.246421e-01 1.299107e-01 1.308231e-01
1.428169e-01 1.417191e-01 1.409925e-01 1.422265e-01 0.000000e+00 1.298893e-01 1.274910e-01 1.243263e-01 1.264681e-01 1.319787e-01
1.318784e-01 1.305188e-01 1.300540e-01 1.312880e-01 1.298893e-01 0.000000e+00 1.002836e-01 1.021817e-01 9.860232e-02 1.025484e-01
1.277098e-01 1.288947e-01 1.272016e-01 1.284355e-01 1.274910e-01 1.002836e-01 0.000000e+00 9.556360e-02 9.713320e-02 1.003978e-01
1.253039e-01 1.261466e-01 1.244536e-01 1.246421e-01 1.243263e-01 1.021817e-01 9.556360e-02 0.000000e+00 9.305946e-02 9.223117e-02
1.287966e-01 1.300563e-01 1.286768e-01 1.299107e-01 1.264681e-01 9.860232e-02 9.713320e-02 9.305946e-02 0.000000e+00 1.019232e-01
1.300962e-01 1.312824e-01 1.295891e-01 1.308231e-01 1.319787e-01 1.025484e-01 1.003978e-01 9.223117e-02 1.019232e-01 0.000000e+00
