0.000000e+00 5.519402e-03 5.440124e-03 5.510045e-03 5.553473e-03 5.167432e-03 5.022430e-03 4.912639e-03 5.025143e-03 5.086087e-03
5.519402e-03 0.000000e+00 5.437290e-03 5.494570e-03 5.503867e-03 5.105182e-03 5.057509e-03 4.931168e-03 5.063840e-03 5.121224e-03
5.440124e-03 5.437290e-03 0.000000e+00 5.328066e-03 5.471361e-03 5.085320e-03 4.990875e-03 4.864535e-03 4.999736e-03 5.054589e-03
5.510045e-03 5.494570e-03 5.328066e-03 0.000000e+00 5.528641e-03 5.142600e-03 5.048154e-03 4.883889e-03 5.057015e-03 5.111868e-03
5.553473e-03 5.503867e-03 5.471361e-03 5.528641e-03 0.000000e+00 5.088230e-03 5.016039e-03 4.869548e-03 4.930701e-03 5.155295e-03
5.167432e-03 5.105182e-03 5.085320e-03 5.142600e-03 5.088230e-03 0.000000e+00 4.028078e-03 4.091178e-03 3.910863e-03 4.089120e-03
5.022430e-03 5.057509e-03 4.990875e-03 5.048154e-03 5.016039e-03 4.028078e-03 0.000000e+00 3.844770e-03 3.864994e-03 4.020256e-03
4.912639e-03 4.931168e-03 4.864535e-03 4.883889e-03 4.869548e-03 4.091178e-03 3.844770e-03 0.000000e+00 3.702779e-03 3.677298e-03
5.025143e-03 5.063840e-03 4.999736e-03 5.057015e-03 4.930701e-03 3.910863e-03 3.864994e-03 3.702779e-03 0.000000e+00 4.040192e-03
5.086087e-03 5.121224e-03 5.054589e-03 5.111868e-03 5.155295e-03 4.089120e-03 4.020256e-03 3.677298e-03 4.040192e-03 0.000000e+00
