0.000000e+00 1.891525e-01 1.862008e-01 1.884968e-01 1.900762e-01 1.755255e-01 1.699832e-01 1.667802e-01 1.714300e-01 1.731589e-01
1.891525e-01 0.000000e+00 1.867190e-01 1.883561e-01 1.886177e-01 1.737197e-01 1.715545e-01 1.678973e-01 1.731005e-01 1.747319e-01
1.862008e-01 1.867190e-01 0.000000e+00 1.819713e-01 1.876427e-01 1.730920e-01 1.692969e-01 1.656398e-01 1.712591e-01 1.724742e-01
1.884968e-01 1.883561e-01 1.819713e-01 0.000000e+00 1.892798e-01 1.747291e-01 1.709340e-01 1.658897e-01 1.728961e-01 1.741113e-01
1.900762e-01 1.886177e-01 1.876427e-01 1.892798e-01 0.000000e+00 1.728830e-01 1.696901e-01 1.654802e-01 1.683323e-01 1.756554e-01
1.755255e-01 1.737197e-01 1.730920e-01 1.747291e-01 1.728830e-01 0.000000e+00 1.335477e-01 1.360557e-01 1.313205e-01 1.365614e-01
1.699832e-01 1.715545e-01 1.692969e-01 1.709340e-01 1.696901e-01 1.335477e-01 0.000000e+00 1.272616e-01 1.293597e-01 1.336964e-01
1.667802e-01 1.678973e-01 1.656398e-01 1.658897e-01 1.654802e-01 1.360557e-01 1.272616e-01 0.000000e+00 1.239432e-01 1.228490e-01
1.714300e-01 1.731005e-01 1.712591e-01 1.728961e-01 1.683323e-01 1.313205e-01 1.293597e-01 1.239432e-01 0.000000e+00 1.357251e-01
1.731589e-01 1.747319e-01 1.724742e-01 1.741113e-01 1.756554e-01 1.365614e-01 1.336964e-01 1.228490e-01 1.357251e-01 0.000000e+00
