0.000000e+00 5.347126e-02 5.241754e-02 5.401707e-02 5.474698e-02 5.236759e-02 5.142967e-02 5.068927e-02 5.111964e-02 5.115132e-02
5.347126e-02 0.000000e+00 5.166280e-02 5.325809e-02 5.381002e-02 5.116243e-02 5.117757e-02 5.008715e-02 5.047350e-02 5.090041e-02
5.241754e-02 5.166280e-02 0.000000e+00 5.189039e-02 5.293746e-02 5.055160e-02 5.012435e-02 4.904373e-02 4.942104e-02 4.984716e-02
5.401707e-02 5.325809e-02 5.189039e-02 0.000000e+00 5.453500e-02 5.215027e-02 5.172256e-02 5.038205e-02 5.101913e-02 5.144577e-02
5.474698e-02 5.381002e-02 5.293746e-02 5.453500e-02 0.000000e+00 5.192650e-02 5.191526e-02 5.047291e-02 5.042163e-02 5.217402e-02
5.236759e-02 5.116243e-02 5.055160e-02 5.215027e-02 5.192650e-02 0.000000e+00 4.445211e-02 4.556546e-02 4.267800e-02 4.478216e-02
5.142967e-02 5.117757e-02 5.012435e-02 5.172256e-02 5.191526e-02 4.445211e-02 0.000000e+00 4.317022e-02 4.296681e-02 4.430990e-02
5.068927e-02 5.008715e-02 4.904373e-02 5.038205e-02 5.047291e-02 4.556546e-02 4.317022e-02 0.000000e+00 4.118396e-02 4.120258e-02
5.111964e-02 5.047350e-02 4.942104e-02 5.101913e-02 5.042163e-02 4.267800e-02 4.296681e-02 4.118396e-02 0.000000e+00 4.472951e-02
5.115132e-02 5.090041e-02 4.984716e-02 5.144577e-02 5.217402e-02 4.478216e-02 4.430990e-02 4.120258e-02 4.472951e-02 0.000000e+00
