0.000000e+00 3.354966e-02 3.300386e-02 3.488148e-02 3.550868e-02 3.472952e-02 3.395035e-02 3.419571e-02 3.410870e-02 3.384577e-02
3.354966e-02 0.000000e+00 3.235883e-02 3.426502e-02 3.489666e-02 3.382930e-02 3.367756e-02 3.357979e-02 3.349640e-02 3.357592e-02
3.300386e-02 3.235883e-02 0.000000e+00 3.358935e-02 3.437930e-02 3.356976e-02 3.313255e-02 3.304417e-02 3.295234e-02 3.303222e-02
3.488148e-02 3.426502e-02 3.358935e-02 0.000000e+00 3.625526e-02 3.544939e-02 3.501048e-02 3.481616e-02 3.482816e-02 3.490847e-02
3.550868e-02 3.489666e-02 3.437930e-02 3.625526e-02 0.000000e+00 3.551141e-02 3.529149e-02 3.499723e-02 3.464998e-02 3.556789e-02
3.472952e-02 3.382930e-02 3.356976e-02 3.544939e-02 3.551141e-02 0.000000e+00 3.135868e-02 3.291468e-02 3.049977e-02 3.201432e-02
3.395035e-02 3.367756e-02 3.313255e-02 3.501048e-02 3.529149e-02 3.135868e-02 0.000000e+00 3.111451e-02 3.070694e-02 3.133400e-02
3.419571e-02 3.357979e-02 3.304417e-02 3.481616e-02 3.499723e-02 3.291468e-02 3.111451e-02 0.000000e+00 3.012300e-02 3.000519e-02
3.410870e-02 3.349640e-02 3.295234e-02 3.482816e-02 3.464998e-02 3.049977e-02 3.070694e-02 3.012300e-02 0.000000e+00 3.228287e-02
3.384577e-02 3.357592e-02 3.303222e-02 3.490847e-02 3.556789e-02 3.201432e-02 3.133400e-02 3.000519e-02 3.228287e-02 0.000000e+00
