0.000000e+00 1.130626e-01 1.113669e-01 1.129269e-01 1.139023e-01 1.075052e-01 1.053495e-01 1.028079e-01 1.043105e-01 1.054411e-01
1.130626e-01 0.000000e+00 1.101466e-01 1.117038e-01 1.120936e-01 1.053478e-01 1.051571e-01 1.021612e-01 1.039399e-01 1.052504e-01
1.113669e-01 1.101466e-01 0.000000e+00 1.085944e-01 1.109845e-01 1.045891e-01 1.034617e-01 1.004658e-01 1.022446e-01 1.035549e-01
1.129269e-01 1.117038e-01 1.085944e-01 0.000000e+00 1.125453e-01 1.061491e-01 1.050216e-01 1.013318e-01 1.038044e-01 1.051148e-01
1.139023e-01 1.120936e-01 1.109845e-01 1.125453e-01 0.000000e+00 1.051463e-01 1.046374e-01 1.010884e-01 1.015631e-01 1.060900e-01
1.075052e-01 1.053478e-01 1.045891e-01 1.061491e-01 1.051463e-01 0.000000e+00 8.659390e-02 8.762433e-02 8.300255e-02 8.711450e-02
1.053495e-01 1.051571e-01 1.034617e-01 1.050216e-01 1.046374e-01 8.659390e-02 0.000000e+00 8.300925e-02 8.285131e-02 8.632221e-02
1.028079e-01 1.021612e-01 1.004658e-01 1.013318e-01 1.010884e-01 8.762433e-02 8.300925e-02 0.000000e+00 7.918922e-02 7.884225e-02
1.043105e-01 1.039399e-01 1.022446e-01 1.038044e-01 1.015631e-01 8.300255e-02 8.285131e-02 7.918922e-02 0.000000e+00 8.607319e-02
1.054411e-01 1.052504e-01 1.035549e-01 1.051148e-01 1.060900e-01 8.711450e-02 8.632221e-02 7.884225e-02 8.607319e-02 0.000000e+00
