0.000000e+00 1.695098e-01 1.669360e-01 1.692994e-01 1.707725e-01 1.612023e-01 1.579705e-01 1.541586e-01 1.564098e-01 1.580913e-01
1.695098e-01 0.000000e+00 1.650932e-01 1.674540e-01 1.680468e-01 1.579546e-01 1.576689e-01 1.531759e-01 1.558409e-01 1.577921e-01
1.669360e-01 1.650932e-01 0.000000e+00 1.627658e-01 1.663540e-01 1.567855e-01 1.550954e-01 1.506025e-01 1.532676e-01 1.552185e-01
1.692994e-01 1.674540e-01 1.627658e-01 0.000000e+00 1.687184e-01 1.591491e-01 1.574589e-01 1.519256e-01 1.556309e-01 1.575821e-01
1.707725e-01 1.680468e-01 1.663540e-01 1.687184e-01 0.000000e+00 1.576562e-01 1.568934e-01 1.515712e-01 1.522807e-01 1.590547e-01
1.612023e-01 1.579546e-01 1.567855e-01 1.591491e-01 1.576562e-01 0.000000e+00 1.298690e-01 1.314124e-01 1.244864e-01 1.306378e-01
1.579705e-01 1.576689e-01 1.550954e-01 1.574589e-01 1.568934e-01 1.298690e-01 0.000000e+00 1.244971e-01 1.242586e-01 1.294488e-01
1.541586e-01 1.531759e-01 1.506025e-01 1.519256e-01 1.515712e-01 1.314124e-01 1.244971e-01 0.000000e+00 1.187668e-01 1.182331e-01
1.564098e-01 1.558409e-01 1.532676e-01 1.556309e-01 1.522807e-01 1.244864e-01 1.242586e-01 1.187668e-01 0.000000e+00 1.290774e-01
1.580913e-01 1.577921e-01 1.552185e-01 1.575821e-01 1.590547e-01 1.306378e-01 1.294488e-01 1.182331e-01 1.290774e-01 0.000000e+00
