0.000000e+00 1.547131e-01 1.520944e-01 1.541534e-01 1.556992e-01 1.448834e-01 1.407852e-01 1.377111e-01 1.408550e-01 1.425736e-01
1.547131e-01 0.000000e+00 1.519627e-01 1.536608e-01 1.542321e-01 1.430551e-01 1.417313e-01 1.381850e-01 1.419050e-01 1.435212e-01
1.520944e-01 1.519627e-01 0.000000e+00 1.485519e-01 1.529487e-01 1.421329e-01 1.394739e-01 1.359277e-01 1.397198e-01 1.412637e-01
1.541534e-01 1.536608e-01 1.485519e-01 0.000000e+00 1.546469e-01 1.438311e-01 1.411720e-01 1.365431e-01 1.414179e-01 1.429619e-01
1.556992e-01 1.542321e-01 1.529487e-01 1.546469e-01 0.000000e+00 1.425902e-01 1.405680e-01 1.364461e-01 1.381545e-01 1.445072e-01
1.448834e-01 1.430551e-01 1.421329e-01 1.438311e-01 1.425902e-01 0.000000e+00 1.125884e-01 1.144514e-01 1.092427e-01 1.143055e-01
1.407852e-01 1.417313e-01 1.394739e-01 1.411720e-01 1.405680e-01 1.125884e-01 0.000000e+00 1.074676e-01 1.079782e-01 1.123850e-01
1.377111e-01 1.381850e-01 1.359277e-01 1.365431e-01 1.364461e-01 1.144514e-01 1.074676e-01 0.000000e+00 1.034096e-01 1.026561e-01
1.408550e-01 1.419050e-01 1.397198e-01 1.414179e-01 1.381545e-01 1.092427e-01 1.079782e-01 1.034096e-01 0.000000e+00 1.129493e-01
1.425736e-01 1.435212e-01 1.412637e-01 1.429619e-01 1.445072e-01 1.143055e-01 1.123850e-01 1.026561e-01 1.129493e-01 0.000000e+00
