0.000000e+00 4.437170e-02 4.368760e-02 4.423619e-02 4.458904e-02 4.117496e-02 3.987499e-02 3.912366e-02 4.021462e-02 4.061989e-02
4.437170e-02 0.000000e+00 4.380900e-02 4.420303e-02 4.424674e-02 4.075122e-02 4.024345e-02 3.938559e-02 4.060634e-02 4.098876e-02
4.368760e-02 4.380900e-02 0.000000e+00 4.271357e-02 4.402633e-02 4.061225e-02 3.972215e-02 3.886432e-02 4.018268e-02 4.046743e-02
4.423619e-02 4.420303e-02 4.271357e-02 0.000000e+00 4.442037e-02 4.100629e-02 4.011618e-02 3.893294e-02 4.057668e-02 4.086146e-02
4.458904e-02 4.424674e-02 4.402633e-02 4.442037e-02 0.000000e+00 4.055560e-02 3.980678e-02 3.881926e-02 3.948848e-02 4.120607e-02
4.117496e-02 4.075122e-02 4.061225e-02 4.100629e-02 4.055560e-02 0.000000e+00 3.132769e-02 3.191606e-02 3.080540e-02 3.203461e-02
3.987499e-02 4.024345e-02 3.972215e-02 4.011618e-02 3.980678e-02 3.132769e-02 0.000000e+00 2.985324e-02 3.034555e-02 3.136265e-02
3.912366e-02 3.938559e-02 3.886432e-02 3.893294e-02 3.881926e-02 3.191606e-02 2.985324e-02 0.000000e+00 2.907495e-02 2.881807e-02
4.021462e-02 4.060634e-02 4.018268e-02 4.057668e-02 3.948848e-02 3.080540e-02 3.034555e-02 2.907495e-02 0.000000e+00 3.183872e-02
4.061989e-02 4.098876e-02 4.046743e-02 4.086146e-02 4.120607e-02 3.203461e-02 3.136265e-02 2.881807e-02 3.183872e-02 0.000000e+00
