0.000000e+00 2.277159e-01 2.238514e-01 2.268748e-01 2.291501e-01 2.132999e-01 2.073177e-01 2.027833e-01 2.074233e-01 2.099461e-01
2.277159e-01 0.000000e+00 2.236305e-01 2.261338e-01 2.270045e-01 2.106334e-01 2.086575e-01 2.034418e-01 2.089119e-01 2.112884e-01
2.238514e-01 2.236305e-01 0.000000e+00 2.186797e-01 2.250647e-01 2.092145e-01 2.053138e-01 2.000983e-01 2.056724e-01 2.079445e-01
2.268748e-01 2.261338e-01 2.186797e-01 0.000000e+00 2.275680e-01 2.117178e-01 2.078170e-01 2.010407e-01 2.081754e-01 2.104478e-01
2.291501e-01 2.270045e-01 2.250647e-01 2.275680e-01 0.000000e+00 2.099666e-01 2.069813e-01 2.009363e-01 2.034570e-01 2.127224e-01
2.132999e-01 2.106334e-01 2.092145e-01 2.117178e-01 2.099666e-01 0.000000e+00 1.663549e-01 1.689357e-01 1.615250e-01 1.688748e-01
2.073177e-01 2.086575e-01 2.053138e-01 2.078170e-01 2.069813e-01 1.663549e-01 0.000000e+00 1.587796e-01 1.596232e-01 1.660263e-01
2.027833e-01 2.034418e-01 2.000983e-01 2.010407e-01 2.009363e-01 1.689357e-01 1.587796e-01 0.000000e+00 1.529314e-01 1.518959e-01
2.074233e-01 2.089119e-01 2.056724e-01 2.081754e-01 2.034570e-01 1.615250e-01 1.596232e-01 1.529314e-01 0.000000e+00 1.668417e-01
2.099461e-01 2.112884e-01 2.079445e-01 2.104478e-01 2.127224e-01 1.688748e-01 1.660263e-01 1.518959e-01 1.668417e-01 0.000000e+00
