0.000000e+00 1.090679e-02 1.072970e-02 1.130911e-02 1.150561e-02 1.121926e-02 1.097660e-02 1.104258e-02 1.100940e-02 1.094461e-02
1.090679e-02 0.000000e+00 1.050523e-02 1.109343e-02 1.129218e-02 1.091401e-02 1.087230e-02 1.082748e-02 1.079747e-02 1.084286e-02
1.072970e-02 1.050523e-02 0.000000e+00 1.087491e-02 1.112573e-02 1.082867e-02 1.069598e-02 1.065932e-02 1.062195e-02 1.066774e-02
1.130911e-02 1.109343e-02 1.087491e-02 0.000000e+00 1.170351e-02 1.140978e-02 1.127562e-02 1.120398e-02 1.119978e-02 1.124583e-02
1.150561e-02 1.129218e-02 1.112573e-02 1.170351e-02 0.000000e+00 1.142665e-02 1.136093e-02 1.125748e-02 1.113858e-02 1.145434e-02
1.121926e-02 1.091401e-02 1.082867e-02 1.140978e-02 1.142665e-02 0.000000e+00 1.005986e-02 1.054937e-02 9.771490e-03 1.027118e-02
1.097660e-02 1.087230e-02 1.069598e-02 1.127562e-02 1.136093e-02 1.005986e-02 0.000000e+00 9.971817e-03 9.843900e-03 1.004835e-02
1.104258e-02 1.082748e-02 1.065932e-02 1.120398e-02 1.125748e-02 1.054937e-02 9.971817e-03 0.000000e+00 9.644788e-03 9.620207e-03
1.100940e-02 1.079747e-02 1.062195e-02 1.119978e-02 1.113858e-02 9.771490e-03 9.843900e-03 9.644788e-03 0.000000e+00 1.034921e-02
1.094461e-02 1.084286e-02 1.066774e-02 1.124583e-02 1.145434e-02 1.027118e-02 1.004835e-02 9.620207e-03 1.034921e-02 0.000000e+00
