0.000000e+00 4.464828e-02 4.392184e-02 4.643887e-02 4.727791e-02 4.626112e-02 4.521773e-02 4.555248e-02 4.543972e-02 4.507742e-02
4.464828e-02 0.000000e+00 4.307243e-02 4.562771e-02 4.647215e-02 4.507066e-02 4.486417e-02 4.474185e-02 4.463273e-02 4.472682e-02
4.392184e-02 4.307243e-02 0.000000e+00 4.472795e-02 4.578279e-02 4.472599e-02 4.413850e-02 4.402561e-02 4.390804e-02 4.400245e-02
4.643887e-02 4.562771e-02 4.472795e-02 0.000000e+00 4.829820e-02 4.724509e-02 4.665586e-02 4.640226e-02 4.642323e-02 4.651814e-02
4.727791e-02 4.647215e-02 4.578279e-02 4.829820e-02 0.000000e+00 4.732940e-02 4.703332e-02 4.664631e-02 4.618794e-02 4.739907e-02
4.626112e-02 4.507066e-02 4.472599e-02 4.724509e-02 4.732940e-02 0.000000e+00 4.181322e-02 4.389374e-02 4.067565e-02 4.268689e-02
4.521773e-02 4.486417e-02 4.413850e-02 4.665586e-02 4.703332e-02 4.181322e-02 0.000000e+00 4.149355e-02 4.094844e-02 4.178271e-02
4.555248e-02 4.474185e-02 4.402561e-02 4.640226e-02 4.664631e-02 4.389374e-02 4.149355e-02 0.000000e+00 4.017684e-02 4.001189e-02
4.543972e-02 4.463273e-02 4.390804e-02 4.642323e-02 4.618794e-02 4.067565e-02 4.094844e-02 4.017684e-02 0.000000e+00 4.304987e-02
4.507742e-02 4.472682e-02 4.400245e-02 4.651814e-02 4.739907e-02 4.268689e-02 4.178271e-02 4.001189e-02 4.304987e-02 0.000000e+00
