0.000000e+00 2.817081e-03 2.772490e-03 2.840368e-03 2.868923e-03 2.738104e-03 2.688501e-03 2.649293e-03 2.665791e-03 2.681684e-03
2.817081e-03 0.000000e+00 2.728683e-03 2.794911e-03 2.815494e-03 2.668840e-03 2.671350e-03 2.611704e-03 2.628117e-03 2.664594e-03
2.772490e-03 2.728683e-03 0.000000e+00 2.733381e-03 2.780021e-03 2.647516e-03 2.627014e-03 2.570298e-03 2.584063e-03 2.620256e-03
2.840368e-03 2.794911e-03 2.733381e-03 0.000000e+00 2.846857e-03 2.714924e-03 2.694255e-03 2.624164e-03 2.651301e-03 2.687663e-03
2.868923e-03 2.815494e-03 2.780021e-03 2.846857e-03 0.000000e+00 2.693732e-03 2.694641e-03 2.619310e-03 2.611104e-03 2.715450e-03
2.738104e-03 2.668840e-03 2.647516e-03 2.714924e-03 2.693732e-03 0.000000e+00 2.293842e-03 2.352013e-03 2.197642e-03 2.319867e-03
2.688501e-03 2.671350e-03 2.627014e-03 2.694255e-03 2.694641e-03 2.293842e-03 0.000000e+00 2.227241e-03 2.213867e-03 2.291474e-03
2.649293e-03 2.611704e-03 2.570298e-03 2.624164e-03 2.619310e-03 2.352013e-03 2.227241e-03 0.000000e+00 2.120923e-03 2.131402e-03
2.665791e-03 2.628117e-03 2.584063e-03 2.651301e-03 2.611104e-03 2.197642e-03 2.213867e-03 2.120923e-03 0.000000e+00 2.310791e-03
2.681684e-03 2.664594e-03 2.620256e-03 2.687663e-03 2.715450e-03 2.319867e-03 2.291474e-03 2.131402e-03 2.310791e-03 0.000000e+00
