0.000000e+00 1.900668e-03 1.870323e-03 1.958489e-03 1.989717e-03 1.928726e-03 1.889887e-03 1.896089e-03 1.888822e-03 1.885440e-03
1.900668e-03 0.000000e+00 1.826571e-03 1.915771e-03 1.947528e-03 1.871076e-03 1.866605e-03 1.853880e-03 1.847961e-03 1.863166e-03
1.870323e-03 1.826571e-03 0.000000e+00 1.878509e-03 1.919891e-03 1.856362e-03 1.836752e-03 1.827296e-03 1.818498e-03 1.833928e-03
1.958489e-03 1.915771e-03 1.878509e-03 0.000000e+00 2.007145e-03 1.945292e-03 1.924973e-03 1.909023e-03 1.905792e-03 1.921345e-03
1.989717e-03 1.947528e-03 1.919891e-03 2.007145e-03 0.000000e+00 1.946283e-03 1.937061e-03 1.915852e-03 1.893422e-03 1.954952e-03
1.928726e-03 1.871076e-03 1.856362e-03 1.945292e-03 1.946283e-03 0.000000e+00 1.702629e-03 1.781812e-03 1.648838e-03 1.739051e-03
1.889887e-03 1.866605e-03 1.836752e-03 1.924973e-03 1.937061e-03 1.702629e-03 0.000000e+00 1.684311e-03 1.663783e-03 1.700286e-03
1.896089e-03 1.853880e-03 1.827296e-03 1.909023e-03 1.915852e-03 1.781812e-03 1.684311e-03 0.000000e+00 1.625417e-03 1.626685e-03
1.888822e-03 1.847961e-03 1.818498e-03 1.905792e-03 1.893422e-03 1.648838e-03 1.663783e-03 1.625417e-03 0.000000e+00 1.749181e-03
1.885440e-03 1.863166e-03 1.833928e-03 1.921345e-03 1.954952e-03 1.739051e-03 1.700286e-03 1.626685e-03 1.749181e-03 0.000000e+00
