0.000000e+00 3.549863e-02 3.481249e-02 3.585631e-02 3.632911e-02 3.474317e-02 3.412070e-02 3.362905e-02 3.390661e-02 3.394423e-02
3.549863e-02 0.000000e+00 3.430395e-02 3.534357e-02 3.569978e-02 3.393354e-02 3.394578e-02 3.321917e-02 3.347050e-02 3.377010e-02
3.481249e-02 3.430395e-02 0.000000e+00 3.444877e-02 3.513341e-02 3.354110e-02 3.326012e-02 3.254314e-02 3.278556e-02 3.308442e-02
3.585631e-02 3.534357e-02 3.444877e-02 0.000000e+00 3.617522e-02 3.458402e-02 3.430263e-02 3.341352e-02 3.382799e-02 3.412731e-02
3.632911e-02 3.569978e-02 3.513341e-02 3.617522e-02 0.000000e+00 3.442466e-02 3.441922e-02 3.346266e-02 3.342123e-02 3.459848e-02
3.474317e-02 3.393354e-02 3.354110e-02 3.458402e-02 3.442466e-02 0.000000e+00 2.945674e-02 3.019522e-02 2.827597e-02 2.968567e-02
3.412070e-02 3.394578e-02 3.326012e-02 3.430263e-02 3.441922e-02 2.945674e-02 0.000000e+00 2.860714e-02 2.846836e-02 2.936738e-02
3.362905e-02 3.321917e-02 3.254314e-02 3.341352e-02 3.346266e-02 3.019522e-02 2.860714e-02 0.000000e+00 2.728623e-02 2.730945e-02
3.390661e-02 3.347050e-02 3.278556e-02 3.382799e-02 3.342123e-02 2.827597e-02 2.846836e-02 2.728623e-02 0.000000e+00 2.964258e-02
3.394423e-02 3.377010e-02 3.308442e-02 3.412731e-02 3.459848e-02 2.968567e-02 2.936738e-02 2.730945e-02 2.964258e-02 0.000000e+00
