0.000000e+00 1.896560e-01 1.866941e-01 1.889978e-01 1.905850e-01 1.759883e-01 1.704254e-01 1.672148e-01 1.718757e-01 1.736099e-01
1.896560e-01 0.000000e+00 1.872169e-01 1.888581e-01 1.891200e-01 1.741740e-01 1.720067e-01 1.683394e-01 1.735568e-01 1.751929e-01
1.866941e-01 1.872169e-01 0.000000e+00 1.824435e-01 1.881459e-01 1.735492e-01 1.697427e-01 1.660756e-01 1.717114e-01 1.729288e-01
1.889978e-01 1.888581e-01 1.824435e-01 0.000000e+00 1.897871e-01 1.751904e-01 1.713839e-01 1.663217e-01 1.733525e-01 1.745700e-01
1.905850e-01 1.891200e-01 1.881459e-01 1.897871e-01 0.000000e+00 1.733335e-01 1.701330e-01 1.659098e-01 1.687680e-01 1.761217e-01
1.759883e-01 1.741740e-01 1.735492e-01 1.751904e-01 1.733335e-01 0.000000e+00 1.338259e-01 1.363588e-01 1.315822e-01 1.368482e-01
1.704254e-01 1.720067e-01 1.697427e-01 1.713839e-01 1.701330e-01 1.338259e-01 0.000000e+00 1.275271e-01 1.296217e-01 1.339782e-01
1.672148e-01 1.683394e-01 1.660756e-01 1.663217e-01 1.659098e-01 1.363588e-01 1.275271e-01 0.000000e+00 1.241854e-01 1.230801e-01
1.718757e-01 1.735568e-01 1.717114e-01 1.733525e-01 1.687680e-01 1.315822e-01 1.296217e-01 1.241854e-01 0.000000e+00 1.360139e-01
1.736099e-01 1.751929e-01 1.729288e-01 1.745700e-01 1.761217e-01 1.368482e-01 1.339782e-01 1.230801e-01 1.360139e-01 0.000000e+00
