0.000000e+00 4.198082e-03 4.151953e-03 4.197638e-03 4.227353e-03 3.978614e-03 3.898882e-03 3.805143e-03 3.861891e-03 3.910528e-03
4.198082e-03 0.000000e+00 4.114326e-03 4.158947e-03 4.168611e-03 3.906440e-03 3.899172e-03 3.788679e-03 3.855604e-03 3.910877e-03
4.151953e-03 4.114326e-03 0.000000e+00 4.058086e-03 4.142870e-03 3.894858e-03 3.853044e-03 3.742553e-03 3.809479e-03 3.864747e-03
4.197638e-03 4.158947e-03 4.058086e-03 0.000000e+00 4.188923e-03 3.940545e-03 3.898729e-03 3.762648e-03 3.855163e-03 3.910433e-03
4.227353e-03 4.168611e-03 4.142870e-03 4.188923e-03 0.000000e+00 3.897317e-03 3.878313e-03 3.747428e-03 3.766252e-03 3.940148e-03
3.978614e-03 3.906440e-03 3.894858e-03 3.940545e-03 3.897317e-03 0.000000e+00 3.196569e-03 3.234552e-03 3.062976e-03 3.221585e-03
3.898882e-03 3.899172e-03 3.853044e-03 3.898729e-03 3.878313e-03 3.196569e-03 0.000000e+00 3.062258e-03 3.057747e-03 3.192719e-03
3.805143e-03 3.788679e-03 3.742553e-03 3.762648e-03 3.747428e-03 3.234552e-03 3.062258e-03 0.000000e+00 2.922679e-03 2.916865e-03
3.861891e-03 3.855604e-03 3.809479e-03 3.855163e-03 3.766252e-03 3.062976e-03 3.057747e-03 2.922679e-03 0.000000e+00 3.182384e-03
3.910528e-03 3.910877e-03 3.864747e-03 3.910433e-03 3.940148e-03 3.221585e-03 3.192719e-03 2.916865e-03 3.182384e-03 0.000000e+00
