0.000000e+00 3.568962e-02 3.512044e-02 3.558565e-02 3.591225e-02 3.342383e-02 3.248655e-02 3.177605e-02 3.250328e-02 3.289837e-02
3.568962e-02 0.000000e+00 3.509246e-02 3.547616e-02 3.558264e-02 3.301263e-02 3.270313e-02 3.188587e-02 3.274318e-02 3.311534e-02
3.512044e-02 3.509246e-02 0.000000e+00 3.434449e-02 3.531508e-02 3.282666e-02 3.221554e-02 3.139831e-02 3.227192e-02 3.262774e-02
3.558565e-02 3.547616e-02 3.434449e-02 0.000000e+00 3.569879e-02 3.321037e-02 3.259924e-02 3.153743e-02 3.265559e-02 3.301143e-02
3.591225e-02 3.558264e-02 3.531508e-02 3.569879e-02 0.000000e+00 3.290603e-02 3.243836e-02 3.149117e-02 3.188630e-02 3.333795e-02
3.342383e-02 3.301263e-02 3.282666e-02 3.321037e-02 3.290603e-02 0.000000e+00 2.606757e-02 2.647200e-02 2.531087e-02 2.646241e-02
3.248655e-02 3.270313e-02 3.221554e-02 3.259924e-02 3.243836e-02 2.606757e-02 0.000000e+00 2.488065e-02 2.501294e-02 2.601614e-02
3.177605e-02 3.188587e-02 3.139831e-02 3.153743e-02 3.149117e-02 2.647200e-02 2.488065e-02 0.000000e+00 2.396437e-02 2.380194e-02
3.250328e-02 3.274318e-02 3.227192e-02 3.265559e-02 3.188630e-02 2.531087e-02 2.501294e-02 2.396437e-02 0.000000e+00 2.614405e-02
3.289837e-02 3.311534e-02 3.262774e-02 3.301143e-02 3.333795e-02 2.646241e-02 2.601614e-02 2.380194e-02 2.614405e-02 0.000000e+00
