0.000000e+00 1.727648e-01 1.701208e-01 1.725505e-01 1.740790e-01 1.642751e-01 1.609405e-01 1.570661e-01 1.593531e-01 1.610774e-01
1.727648e-01 0.000000e+00 1.682305e-01 1.706575e-01 1.712699e-01 1.609228e-01 1.606498e-01 1.560670e-01 1.587851e-01 1.607889e-01
1.701208e-01 1.682305e-01 0.000000e+00 1.658179e-01 1.695427e-01 1.597407e-01 1.580061e-01 1.534235e-01 1.561416e-01 1.581451e-01
1.725505e-01 1.706575e-01 1.658179e-01 0.000000e+00 1.719735e-01 1.621706e-01 1.604359e-01 1.547705e-01 1.585713e-01 1.605749e-01
1.740790e-01 1.712699e-01 1.695427e-01 1.719735e-01 0.000000e+00 1.606195e-01 1.598511e-01 1.544049e-01 1.551272e-01 1.621029e-01
1.642751e-01 1.609228e-01 1.597407e-01 1.621706e-01 1.606195e-01 0.000000e+00 1.319044e-01 1.336039e-01 1.263480e-01 1.327171e-01
1.609405e-01 1.606498e-01 1.580061e-01 1.604359e-01 1.598511e-01 1.319044e-01 0.000000e+00 1.264467e-01 1.261423e-01 1.315140e-01
1.570661e-01 1.560670e-01 1.534235e-01 1.547705e-01 1.544049e-01 1.336039e-01 1.264467e-01 0.000000e+00 1.205214e-01 1.199368e-01
1.593531e-01 1.587851e-01 1.561416e-01 1.585713e-01 1.551272e-01 1.263480e-01 1.261423e-01 1.205214e-01 0.000000e+00 1.311645e-01
1.610774e-01 1.607889e-01 1.581451e-01 1.605749e-01 1.621029e-01 1.327171e-01 1.315140e-01 1.199368e-01 1.311645e-01 0.000000e+00
