0.000000e+00 3.354877e-02 3.300302e-02 3.488055e-02 3.550772e-02 3.472858e-02 3.394946e-02 3.419481e-02 3.410778e-02 3.384486e-02
3.354877e-02 0.000000e+00 3.235801e-02 3.426411e-02 3.489572e-02 3.382839e-02 3.367667e-02 3.357891e-02 3.349551e-02 3.357502e-02
3.300302e-02 3.235801e-02 0.000000e+00 3.358849e-02 3.437841e-02 3.356889e-02 3.313171e-02 3.304334e-02 3.295149e-02 3.303136e-02
3.488055e-02 3.426411e-02 3.358849e-02 0.000000e+00 3.625427e-02 3.544843e-02 3.500954e-02 3.481524e-02 3.482722e-02 3.490752e-02
3.550772e-02 3.489572e-02 3.437841e-02 3.625427e-02 0.000000e+00 3.551045e-02 3.529054e-02 3.499631e-02 3.464905e-02 3.556691e-02
3.472858e-02 3.382839e-02 3.356889e-02 3.544843e-02 3.551045e-02 0.000000e+00 3.135794e-02 3.291386e-02 3.049907e-02 3.201352e-02
3.394946e-02 3.367667e-02 3.313171e-02 3.500954e-02 3.529054e-02 3.135794e-02 0.000000e+00 3.111379e-02 3.070623e-02 3.133324e-02
3.419481e-02 3.357891e-02 3.304334e-02 3.481524e-02 3.499631e-02 3.291386e-02 3.111379e-02 0.000000e+00 3.012233e-02 3.000452e-02
3.410778e-02 3.349551e-02 3.295149e-02 3.482722e-02 3.464905e-02 3.049907e-02 3.070623e-02 3.012233e-02 0.000000e+00 3.228204e-02
3.384486e-02 3.357502e-02 3.303136e-02 3.490752e-02 3.556691e-02 3.201352e-02 3.133324e-02 3.000452e-02 3.228204e-02 0.000000e+00
