0.000000e+00 7.126014e-02 6.984207e-02 7.199227e-02 7.297711e-02 6.981264e-02 6.856247e-02 6.757585e-02 6.815782e-02 6.818299e-02
7.126014e-02 0.000000e+00 6.884397e-02 7.098997e-02 7.173601e-02 6.821641e-02 6.823433e-02 6.678393e-02 6.730415e-02 6.785644e-02
6.984207e-02 6.884397e-02 0.000000e+00 6.915367e-02 7.055988e-02 6.738892e-02 6.681678e-02 6.537621e-02 6.588739e-02 6.643886e-02
7.199227e-02 7.098997e-02 6.915367e-02 0.000000e+00 7.270816e-02 6.953832e-02 6.896569e-02 6.717834e-02 6.803612e-02 6.858817e-02
7.297711e-02 7.173601e-02 7.055988e-02 7.270816e-02 0.000000e+00 6.925120e-02 6.923414e-02 6.731090e-02 6.725021e-02 6.957132e-02
6.981264e-02 6.821641e-02 6.738892e-02 6.953832e-02 6.925120e-02 0.000000e+00 5.929606e-02 6.078052e-02 5.693478e-02 5.972586e-02
6.856247e-02 6.823433e-02 6.681678e-02 6.896569e-02 6.923414e-02 5.929606e-02 0.000000e+00 5.758624e-02 5.731902e-02 5.910141e-02
6.757585e-02 6.678393e-02 6.537621e-02 6.717834e-02 6.731090e-02 6.078052e-02 5.758624e-02 0.000000e+00 5.494153e-02 5.495517e-02
6.815782e-02 6.730415e-02 6.588739e-02 6.803612e-02 6.725021e-02 5.693478e-02 5.731902e-02 5.494153e-02 0.000000e+00 5.966411e-02
6.818299e-02 6.785644e-02 6.643886e-02 6.858817e-02 6.957132e-02 5.972586e-02 5.910141e-02 5.495517e-02 5.966411e-02 0.000000e+00
