0.000000e+00 1.137541e-01 1.118499e-01 1.133540e-01 1.144690e-01 1.065481e-01 1.035599e-01 1.012949e-01 1.036127e-01 1.048728e-01
1.137541e-01 0.000000e+00 1.117445e-01 1.129888e-01 1.134021e-01 1.052211e-01 1.042341e-01 1.016287e-01 1.043611e-01 1.055482e-01
1.118499e-01 1.117445e-01 0.000000e+00 1.092915e-01 1.124594e-01 1.045385e-01 1.025900e-01 9.998473e-02 1.027691e-01 1.039041e-01
1.133540e-01 1.129888e-01 1.092915e-01 0.000000e+00 1.137037e-01 1.057827e-01 1.038342e-01 1.004493e-01 1.040133e-01 1.051483e-01
1.144690e-01 1.134021e-01 1.124594e-01 1.137037e-01 0.000000e+00 1.048865e-01 1.033953e-01 1.003757e-01 1.016349e-01 1.062631e-01
1.065481e-01 1.052211e-01 1.045385e-01 1.057827e-01 1.048865e-01 0.000000e+00 8.309846e-02 8.438750e-02 8.068588e-02 8.435721e-02
1.035599e-01 1.042341e-01 1.025900e-01 1.038342e-01 1.033953e-01 8.309846e-02 0.000000e+00 7.931439e-02 7.973583e-02 8.293429e-02
1.012949e-01 1.016287e-01 9.998473e-02 1.004493e-01 1.003757e-01 8.438750e-02 7.931439e-02 0.000000e+00 7.639318e-02 7.587595e-02
1.036127e-01 1.043611e-01 1.027691e-01 1.040133e-01 1.016349e-01 8.068588e-02 7.973583e-02 7.639318e-02 0.000000e+00 8.334158e-02
1.048728e-01 1.055482e-01 1.039041e-01 1.051483e-01 1.062631e-01 8.435721e-02 8.293429e-02 7.587595e-02 8.334158e-02 0.000000e+00
