0.000000e+00 7.259673e-02 7.114097e-02 7.336180e-02 7.437318e-02 7.113488e-02 6.983322e-02 6.883236e-02 6.943538e-02 6.946281e-02
7.259673e-02 0.000000e+00 7.010184e-02 7.231826e-02 7.308114e-02 6.947323e-02 6.949017e-02 6.800698e-02 6.854599e-02 6.912120e-02
7.114097e-02 7.010184e-02 0.000000e+00 7.042724e-02 7.187716e-02 6.863209e-02 6.803496e-02 6.656206e-02 6.709161e-02 6.766595e-02
7.336180e-02 7.231826e-02 7.042724e-02 0.000000e+00 7.409596e-02 7.085207e-02 7.025443e-02 6.842064e-02 6.931090e-02 6.988585e-02
7.437318e-02 7.308114e-02 7.187716e-02 7.409596e-02 0.000000e+00 7.054274e-02 7.052322e-02 6.854761e-02 6.850002e-02 7.089545e-02
7.113488e-02 6.947323e-02 6.863209e-02 7.085207e-02 7.054274e-02 0.000000e+00 6.024234e-02 6.181288e-02 5.781136e-02 6.071333e-02
6.983322e-02 6.949017e-02 6.803496e-02 7.025443e-02 7.052322e-02 6.024234e-02 0.000000e+00 5.849252e-02 5.821116e-02 6.006537e-02
6.883236e-02 6.800698e-02 6.656206e-02 6.842064e-02 6.854761e-02 6.181288e-02 5.849252e-02 0.000000e+00 5.576329e-02 5.577777e-02
6.943538e-02 6.854599e-02 6.709161e-02 6.931090e-02 6.850002e-02 5.781136e-02 5.821116e-02 5.576329e-02 0.000000e+00 6.067295e-02
6.946281e-02 6.912120e-02 6.766595e-02 6.988585e-02 7.089545e-02 6.071333e-02 6.006537e-02 5.577777e-02 6.067295e-02 0.000000e+00
