0.000000e+00 4.438391e-02 4.369957e-02 4.424835e-02 4.460138e-02 4.118619e-02 3.988571e-02 3.913421e-02 4.022543e-02 4.063083e-02
4.438391e-02 0.000000e+00 4.382107e-02 4.421521e-02 4.425892e-02 4.076224e-02 4.025442e-02 3.939631e-02 4.061741e-02 4.099994e-02
4.369957e-02 4.382107e-02 0.000000e+00 4.272504e-02 4.403853e-02 4.062334e-02 3.973297e-02 3.887489e-02 4.019365e-02 4.047846e-02
4.424835e-02 4.421521e-02 4.272504e-02 0.000000e+00 4.443268e-02 4.101748e-02 4.012710e-02 3.894342e-02 4.058777e-02 4.087259e-02
4.460138e-02 4.425892e-02 4.403853e-02 4.443268e-02 0.000000e+00 4.056653e-02 3.981752e-02 3.882968e-02 3.949905e-02 4.121738e-02
4.118619e-02 4.076224e-02 4.062334e-02 4.101748e-02 4.056653e-02 0.000000e+00 3.133444e-02 3.192341e-02 3.081175e-02 3.204157e-02
3.988571e-02 4.025442e-02 3.973297e-02 4.012710e-02 3.981752e-02 3.133444e-02 0.000000e+00 2.985968e-02 3.035190e-02 3.136948e-02
3.913421e-02 3.939631e-02 3.887489e-02 3.894342e-02 3.882968e-02 3.192341e-02 2.985968e-02 0.000000e+00 2.908083e-02 2.882368e-02
4.022543e-02 4.061741e-02 4.019365e-02 4.058777e-02 3.949905e-02 3.081175e-02 3.035190e-02 2.908083e-02 0.000000e+00 3.184572e-02
4.063083e-02 4.099994e-02 4.047846e-02 4.087259e-02 4.121738e-02 3.204157e-02 3.136948e-02 2.882368e-02 3.184572e-02 0.000000e+00
