0.000000e+00 9.376170e-02 9.230512e-02 9.345127e-02 9.422015e-02 8.700683e-02 8.425954e-02 8.267184e-02 8.497677e-02 8.583370e-02
9.376170e-02 0.000000e+00 9.256196e-02 9.338152e-02 9.349714e-02 8.611168e-02 8.503843e-02 8.322560e-02 8.580482e-02 8.661345e-02
9.230512e-02 9.256196e-02 0.000000e+00 9.022310e-02 9.302040e-02 8.580708e-02 8.392591e-02 8.211315e-02 8.489862e-02 8.550086e-02
9.345127e-02 9.338152e-02 9.022310e-02 0.000000e+00 9.383997e-02 8.662663e-02 8.474544e-02 8.224504e-02 8.571811e-02 8.632040e-02
9.422015e-02 9.349714e-02 9.302040e-02 9.383997e-02 0.000000e+00 8.569746e-02 8.411484e-02 8.202800e-02 8.344180e-02 8.707181e-02
8.700683e-02 8.611168e-02 8.580708e-02 8.662663e-02 8.569746e-02 0.000000e+00 6.619832e-02 6.744160e-02 6.509428e-02 6.769219e-02
8.425954e-02 8.503843e-02 8.392591e-02 8.474544e-02 8.411484e-02 6.619832e-02 0.000000e+00 6.308239e-02 6.412240e-02 6.627205e-02
8.267184e-02 8.322560e-02 8.211315e-02 8.224504e-02 8.202800e-02 6.744160e-02 6.308239e-02 0.000000e+00 6.143743e-02 6.089495e-02
8.497677e-02 8.580482e-02 8.489862e-02 8.571811e-02 8.344180e-02 6.509428e-02 6.412240e-02 6.143743e-02 0.000000e+00 6.727771e-02
8.583370e-02 8.661345e-02 8.550086e-02 8.632040e-02 8.707181e-02 6.769219e-02 6.627205e-02 6.089495e-02 6.727771e-02 0.000000e+00
