0.000000e+00 2.809527e-03 2.765076e-03 2.832675e-03 2.861136e-03 2.730754e-03 2.681435e-03 2.642308e-03 2.658725e-03 2.674523e-03
2.809527e-03 0.000000e+00 2.721501e-03 2.787460e-03 2.807993e-03 2.661867e-03 2.664369e-03 2.604919e-03 2.621250e-03 2.657519e-03
2.765076e-03 2.721501e-03 0.000000e+00 2.726166e-03 2.772608e-03 2.640551e-03 2.620170e-03 2.563632e-03 2.577332e-03 2.613319e-03
2.832675e-03 2.787460e-03 2.726166e-03 0.000000e+00 2.839173e-03 2.707682e-03 2.687136e-03 2.617299e-03 2.644295e-03 2.680450e-03
2.861136e-03 2.807993e-03 2.772608e-03 2.839173e-03 0.000000e+00 2.686665e-03 2.687575e-03 2.612529e-03 2.604297e-03 2.708149e-03
2.730754e-03 2.661867e-03 2.640551e-03 2.707682e-03 2.686665e-03 0.000000e+00 2.288711e-03 2.346415e-03 2.192911e-03 2.314461e-03
2.681435e-03 2.664369e-03 2.620170e-03 2.687136e-03 2.687575e-03 2.288711e-03 0.000000e+00 2.222330e-03 2.209044e-03 2.286222e-03
2.642308e-03 2.604919e-03 2.563632e-03 2.617299e-03 2.612529e-03 2.346415e-03 2.222330e-03 0.000000e+00 2.116483e-03 2.126904e-03
2.658725e-03 2.621250e-03 2.577332e-03 2.644295e-03 2.604297e-03 2.192911e-03 2.209044e-03 2.116483e-03 0.000000e+00 2.305305e-03
2.674523e-03 2.657519e-03 2.613319e-03 2.680450e-03 2.708149e-03 2.314461e-03 2.286222e-03 2.126904e-03 2.305305e-03 0.000000e+00
