0.000000e+00 5.506273e-03 5.427190e-03 5.496913e-03 5.540192e-03 5.155247e-03 5.010746e-03 4.901184e-03 5.013446e-03 5.074238e-03
5.506273e-03 0.000000e+00 5.424291e-03 5.481437e-03 5.490756e-03 5.093231e-03 5.045585e-03 4.919554e-03 5.051882e-03 5.109136e-03
5.427190e-03 5.424291e-03 0.000000e+00 5.315569e-03 5.458209e-03 5.073264e-03 4.979082e-03 4.853052e-03 4.987897e-03 5.042632e-03
5.496913e-03 5.481437e-03 5.315569e-03 0.000000e+00 5.515356e-03 5.130411e-03 5.036227e-03 4.872465e-03 5.045042e-03 5.099778e-03
5.540192e-03 5.490756e-03 5.458209e-03 5.515356e-03 0.000000e+00 5.076361e-03 5.004314e-03 4.858237e-03 4.919272e-03 5.143055e-03
5.155247e-03 5.093231e-03 5.073264e-03 5.130411e-03 5.076361e-03 0.000000e+00 4.020405e-03 4.082855e-03 3.903753e-03 4.081282e-03
5.010746e-03 5.045585e-03 4.979082e-03 5.036227e-03 5.004314e-03 4.020405e-03 0.000000e+00 3.837425e-03 3.857873e-03 4.012521e-03
4.901184e-03 4.919554e-03 4.853052e-03 4.872465e-03 4.858237e-03 4.082855e-03 3.837425e-03 0.000000e+00 3.696143e-03 3.670961e-03
5.013446e-03 5.051882e-03 4.987897e-03 5.045042e-03 4.919272e-03 3.903753e-03 3.857873e-03 3.696143e-03 0.000000e+00 4.032349e-03
5.074238e-03 5.109136e-03 5.042632e-03 5.099778e-03 5.143055e-03 4.081282e-03 4.012521e-03 3.670961e-03 4.032349e-03 0.000000e+00
