0.000000e+00 2.809519e-03 2.765068e-03 2.832667e-03 2.861128e-03 2.730746e-03 2.681427e-03 2.642300e-03 2.658718e-03 2.674516e-03
2.809519e-03 0.000000e+00 2.721493e-03 2.787452e-03 2.807985e-03 2.661859e-03 2.664361e-03 2.604912e-03 2.621243e-03 2.657511e-03
2.765068e-03 2.721493e-03 0.000000e+00 2.726158e-03 2.772601e-03 2.640543e-03 2.620163e-03 2.563626e-03 2.577325e-03 2.613312e-03
2.832667e-03 2.787452e-03 2.726158e-03 0.000000e+00 2.839165e-03 2.707675e-03 2.687129e-03 2.617292e-03 2.644288e-03 2.680442e-03
2.861128e-03 2.807985e-03 2.772601e-03 2.839165e-03 0.000000e+00 2.686658e-03 2.687568e-03 2.612522e-03 2.604290e-03 2.708141e-03
2.730746e-03 2.661859e-03 2.640543e-03 2.707675e-03 2.686658e-03 0.000000e+00 2.288705e-03 2.346409e-03 2.192906e-03 2.314455e-03
2.681427e-03 2.664361e-03 2.620163e-03 2.687129e-03 2.687568e-03 2.288705e-03 0.000000e+00 2.222325e-03 2.209039e-03 2.286216e-03
2.642300e-03 2.604912e-03 2.563626e-03 2.617292e-03 2.612522e-03 2.346409e-03 2.222325e-03 0.000000e+00 2.116478e-03 2.126899e-03
2.658718e-03 2.621243e-03 2.577325e-03 2.644288e-03 2.604290e-03 2.192906e-03 2.209039e-03 2.116478e-03 0.000000e+00 2.305299e-03
2.674516e-03 2.657511e-03 2.613312e-03 2.680442e-03 2.708141e-03 2.314455e-03 2.286216e-03 2.126899e-03 2.305299e-03 0.000000e+00
