0.000000e+00 1.417431e-01 1.395346e-01 1.412592e-01 1.424356e-01 1.315316e-01 1.273784e-01 1.249782e-01 1.284626e-01 1.297581e-01
1.417431e-01 0.000000e+00 1.399229e-01 1.411538e-01 1.413427e-01 1.301784e-01 1.285559e-01 1.258153e-01 1.297144e-01 1.309369e-01
1.395346e-01 1.399229e-01 0.000000e+00 1.363726e-01 1.406153e-01 1.297113e-01 1.268675e-01 1.241270e-01 1.283379e-01 1.292484e-01
1.412592e-01 1.411538e-01 1.363726e-01 0.000000e+00 1.418463e-01 1.309423e-01 1.280984e-01 1.243184e-01 1.295687e-01 1.304793e-01
1.424356e-01 1.413427e-01 1.406153e-01 1.418463e-01 0.000000e+00 1.295517e-01 1.271591e-01 1.240044e-01 1.261416e-01 1.316292e-01
1.315316e-01 1.301784e-01 1.297113e-01 1.309423e-01 1.295517e-01 0.000000e+00 1.000752e-01 1.019545e-01 9.840617e-02 1.023335e-01
1.273784e-01 1.285559e-01 1.268675e-01 1.280984e-01 1.271591e-01 1.000752e-01 0.000000e+00 9.536460e-02 9.693686e-02 1.001866e-01
1.249782e-01 1.258153e-01 1.241270e-01 1.243184e-01 1.240044e-01 1.019545e-01 9.536460e-02 0.000000e+00 9.287793e-02 9.205796e-02
1.284626e-01 1.297144e-01 1.283379e-01 1.295687e-01 1.261416e-01 9.840617e-02 9.693686e-02 9.287793e-02 0.000000e+00 1.017068e-01
1.297581e-01 1.309369e-01 1.292484e-01 1.304793e-01 1.316292e-01 1.023335e-01 1.001866e-01 9.205796e-02 1.017068e-01 0.000000e+00
