0.000000e+00 1.708887e-02 1.677455e-02 1.725491e-02 1.746833e-02 1.669733e-02 1.639791e-02 1.616107e-02 1.628510e-02 1.632314e-02
1.708887e-02 0.000000e+00 1.652151e-02 1.699810e-02 1.715732e-02 1.629690e-02 1.630540e-02 1.595242e-02 1.606734e-02 1.623101e-02
1.677455e-02 1.652151e-02 0.000000e+00 1.658302e-02 1.690003e-02 1.612359e-02 1.599151e-02 1.564685e-02 1.575406e-02 1.591711e-02
1.725491e-02 1.699810e-02 1.658302e-02 0.000000e+00 1.737851e-02 1.660308e-02 1.647066e-02 1.604364e-02 1.623318e-02 1.639659e-02
1.746833e-02 1.715732e-02 1.690003e-02 1.737851e-02 0.000000e+00 1.651333e-02 1.651310e-02 1.605381e-02 1.602520e-02 1.660855e-02
1.669733e-02 1.629690e-02 1.612359e-02 1.660308e-02 1.651333e-02 0.000000e+00 1.411498e-02 1.446956e-02 1.354302e-02 1.423697e-02
1.639791e-02 1.630540e-02 1.599151e-02 1.647066e-02 1.651310e-02 1.411498e-02 0.000000e+00 1.370766e-02 1.363656e-02 1.407823e-02
1.616107e-02 1.595242e-02 1.564685e-02 1.604364e-02 1.605381e-02 1.446956e-02 1.370766e-02 0.000000e+00 1.306923e-02 1.309350e-02
1.628510e-02 1.606734e-02 1.575406e-02 1.623318e-02 1.602520e-02 1.354302e-02 1.363656e-02 1.306923e-02 0.000000e+00 1.420661e-02
1.632314e-02 1.623101e-02 1.591711e-02 1.639659e-02 1.660855e-02 1.423697e-02 1.407823e-02 1.309350e-02 1.420661e-02 0.000000e+00
