0.000000e+00 6.798864e-03 6.696134e-03 6.782712e-03 6.832400e-03 6.308827e-03 6.109532e-03 5.994471e-03 6.161706e-03 6.223649e-03
6.798864e-03 0.000000e+00 6.714748e-03 6.777571e-03 6.779750e-03 6.243670e-03 6.166101e-03 6.034671e-03 6.221853e-03 6.280276e-03
6.696134e-03 6.714748e-03 0.000000e+00 6.551066e-03 6.748283e-03 6.224710e-03 6.088379e-03 5.956951e-03 6.159136e-03 6.202553e-03
6.782712e-03 6.777571e-03 6.551066e-03 0.000000e+00 6.811107e-03 6.287533e-03 6.151202e-03 5.969763e-03 6.221958e-03 6.265376e-03
6.832400e-03 6.779750e-03 6.748283e-03 6.811107e-03 0.000000e+00 6.213781e-03 6.099177e-03 5.947820e-03 6.050422e-03 6.313812e-03
6.308827e-03 6.243670e-03 6.224710e-03 6.287533e-03 6.213781e-03 0.000000e+00 4.797344e-03 4.888173e-03 4.717050e-03 4.905652e-03
6.109532e-03 6.166101e-03 6.088379e-03 6.151202e-03 6.099177e-03 4.797344e-03 0.000000e+00 4.571664e-03 4.646858e-03 4.802867e-03
5.994471e-03 6.034671e-03 5.956951e-03 5.969763e-03 5.947820e-03 4.888173e-03 4.571664e-03 0.000000e+00 4.451995e-03 4.412214e-03
6.161706e-03 6.221853e-03 6.159136e-03 6.221958e-03 6.050422e-03 4.717050e-03 4.646858e-03 4.451995e-03 0.000000e+00 4.875982e-03
6.223649e-03 6.280276e-03 6.202553e-03 6.265376e-03 6.313812e-03 4.905652e-03 4.802867e-03 4.412214e-03 4.875982e-03 0.000000e+00
