0.000000e+00 2.837645e-01 2.793297e-01 2.827658e-01 2.851496e-01 2.633214e-01 2.550067e-01 2.502016e-01 2.571772e-01 2.597709e-01
2.837645e-01 0.000000e+00 2.801071e-01 2.825548e-01 2.829616e-01 2.606123e-01 2.573641e-01 2.518776e-01 2.596833e-01 2.621308e-01
2.793297e-01 2.801071e-01 0.000000e+00 2.729694e-01 2.814922e-01 2.596639e-01 2.539705e-01 2.484843e-01 2.569142e-01 2.587371e-01
2.827658e-01 2.825548e-01 2.729694e-01 0.000000e+00 2.839400e-01 2.621116e-01 2.564182e-01 2.488508e-01 2.593617e-01 2.611848e-01
2.851496e-01 2.829616e-01 2.814922e-01 2.839400e-01 0.000000e+00 2.593564e-01 2.545665e-01 2.482508e-01 2.525294e-01 2.635157e-01
2.633214e-01 2.606123e-01 2.596639e-01 2.621116e-01 2.593564e-01 0.000000e+00 2.003456e-01 2.041083e-01 1.970041e-01 2.048667e-01
2.550067e-01 2.573641e-01 2.539705e-01 2.564182e-01 2.545665e-01 2.003456e-01 0.000000e+00 1.909153e-01 1.940627e-01 2.005687e-01
2.502016e-01 2.518776e-01 2.484843e-01 2.488508e-01 2.482508e-01 2.041083e-01 1.909153e-01 0.000000e+00 1.859368e-01 1.842951e-01
2.571772e-01 2.596833e-01 2.569142e-01 2.593617e-01 2.525294e-01 1.970041e-01 1.940627e-01 1.859368e-01 0.000000e+00 2.036121e-01
2.597709e-01 2.621308e-01 2.587371e-01 2.611848e-01 2.635157e-01 2.048667e-01 2.005687e-01 1.842951e-01 2.036121e-01 0.000000e+00
