0.000000e+00 6.680636e-02 6.571929e-02 6.951299e-02 7.077499e-02 6.928397e-02 6.771298e-02 6.822628e-02 6.806213e-02 6.750135e-02
6.680636e-02 0.000000e+00 6.446191e-02 6.831320e-02 6.958251e-02 6.751408e-02 6.719826e-02 6.702699e-02 6.686651e-02 6.698958e-02
6.571929e-02 6.446191e-02 0.000000e+00 6.696606e-02 6.854975e-02 6.699946e-02 6.611191e-02 6.595009e-02 6.578121e-02 6.590451e-02
6.951299e-02 6.831320e-02 6.696606e-02 0.000000e+00 7.234196e-02 7.079535e-02 6.990599e-02 6.953407e-02 6.957299e-02 6.969695e-02
7.077499e-02 6.958251e-02 6.854975e-02 7.234196e-02 0.000000e+00 7.092419e-02 7.047603e-02 6.990389e-02 6.922370e-02 7.102015e-02
6.928397e-02 6.751408e-02 6.699946e-02 7.079535e-02 7.092419e-02 0.000000e+00 6.268601e-02 6.581379e-02 6.099213e-02 6.399497e-02
6.771298e-02 6.719826e-02 6.611191e-02 6.990599e-02 7.047603e-02 6.268601e-02 0.000000e+00 6.221564e-02 6.139593e-02 6.264386e-02
6.822628e-02 6.702699e-02 6.595009e-02 6.953407e-02 6.990389e-02 6.581379e-02 6.221564e-02 0.000000e+00 6.024970e-02 5.999059e-02
6.806213e-02 6.686651e-02 6.578121e-02 6.957299e-02 6.922370e-02 6.099213e-02 6.139593e-02 6.024970e-02 0.000000e+00 6.454654e-02
6.750135e-02 6.698958e-02 6.590451e-02 6.969695e-02 7.102015e-02 6.399497e-02 6.264386e-02 5.999059e-02 6.454654e-02 0.000000e+00
