0.000000e+00 4.448970e-02 4.380324e-02 4.435372e-02 4.470828e-02 4.128341e-02 3.997863e-02 3.922552e-02 4.031907e-02 4.072560e-02
4.448970e-02 0.000000e+00 4.392573e-02 4.432078e-02 4.436445e-02 4.085768e-02 4.034942e-02 3.948919e-02 4.071328e-02 4.109679e-02
4.380324e-02 4.392573e-02 0.000000e+00 4.282439e-02 4.414431e-02 4.071944e-02 3.982668e-02 3.896648e-02 4.028873e-02 4.057402e-02
4.435372e-02 4.432078e-02 4.282439e-02 0.000000e+00 4.453936e-02 4.111449e-02 4.022172e-02 3.903426e-02 4.068375e-02 4.096906e-02
4.470828e-02 4.436445e-02 4.414431e-02 4.453936e-02 0.000000e+00 4.066118e-02 3.991058e-02 3.891993e-02 3.959059e-02 4.131534e-02
4.128341e-02 4.085768e-02 4.071944e-02 4.111449e-02 4.066118e-02 0.000000e+00 3.139288e-02 3.198710e-02 3.086674e-02 3.210181e-02
3.997863e-02 4.034942e-02 3.982668e-02 4.022172e-02 3.991058e-02 3.139288e-02 0.000000e+00 2.991547e-02 3.040695e-02 3.142870e-02
3.922552e-02 3.948919e-02 3.896648e-02 3.903426e-02 3.891993e-02 3.198710e-02 2.991547e-02 0.000000e+00 2.913172e-02 2.887224e-02
4.031907e-02 4.071328e-02 4.028873e-02 4.068375e-02 3.959059e-02 3.086674e-02 3.040695e-02 2.913172e-02 0.000000e+00 3.190640e-02
4.072560e-02 4.109679e-02 4.057402e-02 4.096906e-02 4.131534e-02 3.210181e-02 3.142870e-02 2.887224e-02 3.190640e-02 0.000000e+00
