0.000000e+00 9.400867e-02 9.254709e-02 9.369712e-02 9.446972e-02 8.723382e-02 8.447646e-02 8.288504e-02 8.519540e-02 8.605494e-02
9.400867e-02 0.000000e+00 9.280623e-02 9.362783e-02 9.374351e-02 8.633449e-02 8.526023e-02 8.344242e-02 8.602864e-02 8.683956e-02
9.254709e-02 9.280623e-02 0.000000e+00 9.045484e-02 9.326727e-02 8.603136e-02 8.414464e-02 8.232691e-02 8.512053e-02 8.572390e-02
9.369712e-02 9.362783e-02 9.045484e-02 0.000000e+00 9.408888e-02 8.685296e-02 8.496621e-02 8.245698e-02 8.594206e-02 8.654548e-02
9.446972e-02 9.374351e-02 9.326727e-02 9.408888e-02 0.000000e+00 8.591843e-02 8.433208e-02 8.223872e-02 8.365552e-02 8.730053e-02
8.723382e-02 8.633449e-02 8.603136e-02 8.685296e-02 8.591843e-02 0.000000e+00 6.633476e-02 6.759030e-02 6.522267e-02 6.783284e-02
8.447646e-02 8.526023e-02 8.414464e-02 8.496621e-02 8.433208e-02 6.633476e-02 0.000000e+00 6.321263e-02 6.425091e-02 6.641030e-02
8.288504e-02 8.344242e-02 8.232691e-02 8.245698e-02 8.223872e-02 6.759030e-02 6.321263e-02 0.000000e+00 6.155625e-02 6.100832e-02
8.519540e-02 8.602864e-02 8.512053e-02 8.594206e-02 8.365552e-02 6.522267e-02 6.425091e-02 6.155625e-02 0.000000e+00 6.741939e-02
8.605494e-02 8.683956e-02 8.572390e-02 8.654548e-02 8.730053e-02 6.783284e-02 6.641030e-02 6.100832e-02 6.741939e-02 0.000000e+00
