0.000000e+00 2.277095e-01 2.238452e-01 2.268685e-01 2.291437e-01 2.132940e-01 2.073120e-01 2.027777e-01 2.074176e-01 2.099403e-01
2.277095e-01 0.000000e+00 2.236243e-01 2.261275e-01 2.269981e-01 2.106277e-01 2.086517e-01 2.034361e-01 2.089061e-01 2.112825e-01
2.238452e-01 2.236243e-01 0.000000e+00 2.186738e-01 2.250584e-01 2.092087e-01 2.053081e-01 2.000928e-01 2.056667e-01 2.079388e-01
2.268685e-01 2.261275e-01 2.186738e-01 0.000000e+00 2.275617e-01 2.117119e-01 2.078112e-01 2.010352e-01 2.081697e-01 2.104419e-01
2.291437e-01 2.269981e-01 2.250584e-01 2.275617e-01 0.000000e+00 2.099608e-01 2.069756e-01 2.009308e-01 2.034515e-01 2.127165e-01
2.132940e-01 2.106277e-01 2.092087e-01 2.117119e-01 2.099608e-01 0.000000e+00 1.663512e-01 1.689316e-01 1.615216e-01 1.688710e-01
2.073120e-01 2.086517e-01 2.053081e-01 2.078112e-01 2.069756e-01 1.663512e-01 0.000000e+00 1.587760e-01 1.596197e-01 1.660226e-01
2.027777e-01 2.034361e-01 2.000928e-01 2.010352e-01 2.009308e-01 1.689316e-01 1.587760e-01 0.000000e+00 1.529282e-01 1.518928e-01
2.074176e-01 2.089061e-01 2.056667e-01 2.081697e-01 2.034515e-01 1.615216e-01 1.596197e-01 1.529282e-01 0.000000e+00 1.668379e-01
2.099403e-01 2.112825e-01 2.079388e-01 2.104419e-01 2.127165e-01 1.688710e-01 1.660226e-01 1.518928e-01 1.668379e-01 0.000000e+00
