0.000000e+00 1.517955e-01 1.492370e-01 1.512482e-01 1.527505e-01 1.421828e-01 1.381951e-01 1.351726e-01 1.382655e-01 1.399472e-01
1.517955e-01 0.000000e+00 1.490931e-01 1.507576e-01 1.513235e-01 1.404086e-01 1.390915e-01 1.356148e-01 1.392610e-01 1.408452e-01
1.492370e-01 1.490931e-01 0.000000e+00 1.458064e-01 1.500480e-01 1.394803e-01 1.368801e-01 1.334035e-01 1.371191e-01 1.386337e-01
1.512482e-01 1.507576e-01 1.458064e-01 0.000000e+00 1.517126e-01 1.411448e-01 1.385446e-01 1.340276e-01 1.387835e-01 1.402982e-01
1.527505e-01 1.513235e-01 1.500480e-01 1.517126e-01 0.000000e+00 1.399631e-01 1.379732e-01 1.339437e-01 1.356240e-01 1.418001e-01
1.421828e-01 1.404086e-01 1.394803e-01 1.411448e-01 1.399631e-01 0.000000e+00 1.108904e-01 1.126106e-01 1.076710e-01 1.125702e-01
1.381951e-01 1.390915e-01 1.368801e-01 1.385446e-01 1.379732e-01 1.108904e-01 0.000000e+00 1.058408e-01 1.064032e-01 1.106714e-01
1.351726e-01 1.356148e-01 1.334035e-01 1.340276e-01 1.339437e-01 1.126106e-01 1.058408e-01 0.000000e+00 1.019426e-01 1.012524e-01
1.382655e-01 1.392610e-01 1.371191e-01 1.387835e-01 1.356240e-01 1.076710e-01 1.064032e-01 1.019426e-01 0.000000e+00 1.112149e-01
1.399472e-01 1.408452e-01 1.386337e-01 1.402982e-01 1.418001e-01 1.125702e-01 1.106714e-01 1.012524e-01 1.112149e-01 0.000000e+00
