0.000000e+00 1.892051e-01 1.862523e-01 1.885491e-01 1.901293e-01 1.755738e-01 1.700294e-01 1.668255e-01 1.714765e-01 1.732060e-01
1.892051e-01 0.000000e+00 1.867710e-01 1.884085e-01 1.886701e-01 1.737672e-01 1.716017e-01 1.679435e-01 1.731481e-01 1.747800e-01
1.862523e-01 1.867710e-01 0.000000e+00 1.820206e-01 1.876952e-01 1.731397e-01 1.693434e-01 1.656853e-01 1.713063e-01 1.725216e-01
1.885491e-01 1.884085e-01 1.820206e-01 0.000000e+00 1.893328e-01 1.747773e-01 1.709809e-01 1.659348e-01 1.729437e-01 1.741592e-01
1.901293e-01 1.886701e-01 1.876952e-01 1.893328e-01 0.000000e+00 1.729300e-01 1.697364e-01 1.655250e-01 1.683778e-01 1.757041e-01
1.755738e-01 1.737672e-01 1.731397e-01 1.747773e-01 1.729300e-01 0.000000e+00 1.335767e-01 1.360873e-01 1.313478e-01 1.365914e-01
1.700294e-01 1.716017e-01 1.693434e-01 1.709809e-01 1.697364e-01 1.335767e-01 0.000000e+00 1.272893e-01 1.293871e-01 1.337258e-01
1.668255e-01 1.679435e-01 1.656853e-01 1.659348e-01 1.655250e-01 1.360873e-01 1.272893e-01 0.000000e+00 1.239685e-01 1.228731e-01
1.714765e-01 1.731481e-01 1.713063e-01 1.729437e-01 1.683778e-01 1.313478e-01 1.293871e-01 1.239685e-01 0.000000e+00 1.357553e-01
1.732060e-01 1.747800e-01 1.725216e-01 1.741592e-01 1.757041e-01 1.365914e-01 1.337258e-01 1.228731e-01 1.357553e-01 0.000000e+00
