0.000000e+00 1.130312e-01 1.113362e-01 1.128955e-01 1.138704e-01 1.074755e-01 1.053207e-01 1.027797e-01 1.042820e-01 1.054122e-01
1.130312e-01 0.000000e+00 1.101163e-01 1.116730e-01 1.120625e-01 1.053191e-01 1.051283e-01 1.021332e-01 1.039113e-01 1.052214e-01
1.113362e-01 1.101163e-01 0.000000e+00 1.085649e-01 1.109537e-01 1.045605e-01 1.034335e-01 1.004385e-01 1.022167e-01 1.035265e-01
1.128955e-01 1.116730e-01 1.085649e-01 0.000000e+00 1.125139e-01 1.061199e-01 1.049928e-01 1.013043e-01 1.037759e-01 1.050859e-01
1.138704e-01 1.120625e-01 1.109537e-01 1.125139e-01 0.000000e+00 1.051177e-01 1.046088e-01 1.010610e-01 1.015356e-01 1.060605e-01
1.074755e-01 1.053191e-01 1.045605e-01 1.061199e-01 1.051177e-01 0.000000e+00 8.657419e-02 8.760309e-02 8.298450e-02 8.709437e-02
1.053207e-01 1.051283e-01 1.034335e-01 1.049928e-01 1.046088e-01 8.657419e-02 0.000000e+00 8.299039e-02 8.283306e-02 8.630222e-02
1.027797e-01 1.021332e-01 1.004385e-01 1.013043e-01 1.010610e-01 8.760309e-02 8.299039e-02 0.000000e+00 7.917221e-02 7.882576e-02
1.042820e-01 1.039113e-01 1.022167e-01 1.037759e-01 1.015356e-01 8.298450e-02 8.283306e-02 7.917221e-02 0.000000e+00 8.605295e-02
1.054122e-01 1.052214e-01 1.035265e-01 1.050859e-01 1.060605e-01 8.709437e-02 8.630222e-02 7.882576e-02 8.605295e-02 0.000000e+00
