0.000000e+00 2.234764e-02 2.198419e-02 2.321702e-02 2.363054e-02 2.309194e-02 2.257924e-02 2.273465e-02 2.267374e-02 2.251069e-02
2.234764e-02 0.000000e+00 2.154576e-02 2.279739e-02 2.321436e-02 2.248493e-02 2.238830e-02 2.231557e-02 2.225824e-02 2.232265e-02
2.198419e-02 2.154576e-02 0.000000e+00 2.234789e-02 2.287061e-02 2.231137e-02 2.202565e-02 2.196218e-02 2.189649e-02 2.196131e-02
2.321702e-02 2.279739e-02 2.234789e-02 0.000000e+00 2.410173e-02 2.354614e-02 2.325877e-02 2.312444e-02 2.312758e-02 2.319275e-02
2.363054e-02 2.321436e-02 2.287061e-02 2.410173e-02 0.000000e+00 2.358566e-02 2.344251e-02 2.324201e-02 2.300708e-02 2.362867e-02
2.309194e-02 2.248493e-02 2.231137e-02 2.354614e-02 2.358566e-02 0.000000e+00 2.080948e-02 2.183641e-02 2.023203e-02 2.124511e-02
2.257924e-02 2.238830e-02 2.202565e-02 2.325877e-02 2.344251e-02 2.080948e-02 0.000000e+00 2.064171e-02 2.037289e-02 2.079082e-02
2.273465e-02 2.231557e-02 2.196218e-02 2.312444e-02 2.324201e-02 2.183641e-02 2.064171e-02 0.000000e+00 1.997853e-02 1.990802e-02
2.267374e-02 2.225824e-02 2.189649e-02 2.312758e-02 2.300708e-02 2.023203e-02 2.037289e-02 1.997853e-02 0.000000e+00 2.141855e-02
2.251069e-02 2.232265e-02 2.196131e-02 2.319275e-02 2.362867e-02 2.124511e-02 2.079082e-02 1.990802e-02 2.141855e-02 0.000000e+00
