0.000000e+00 2.240421e-02 2.203766e-02 2.327631e-02 2.369152e-02 2.315129e-02 2.263573e-02 2.279155e-02 2.273142e-02 2.256806e-02
2.240421e-02 0.000000e+00 2.159777e-02 2.285527e-02 2.327390e-02 2.254181e-02 2.244464e-02 2.237106e-02 2.231453e-02 2.237988e-02
2.203766e-02 2.159777e-02 0.000000e+00 2.240219e-02 2.292717e-02 2.236623e-02 2.207889e-02 2.201464e-02 2.194970e-02 2.201545e-02
2.327631e-02 2.285527e-02 2.240219e-02 0.000000e+00 2.416409e-02 2.360682e-02 2.331783e-02 2.318232e-02 2.318659e-02 2.325270e-02
2.369152e-02 2.327390e-02 2.292717e-02 2.416409e-02 0.000000e+00 2.364600e-02 2.350203e-02 2.329995e-02 2.306559e-02 2.369039e-02
2.315129e-02 2.254181e-02 2.236623e-02 2.360682e-02 2.364600e-02 0.000000e+00 2.085587e-02 2.188806e-02 2.027593e-02 2.129513e-02
2.263573e-02 2.244464e-02 2.207889e-02 2.331783e-02 2.350203e-02 2.085587e-02 0.000000e+00 2.068684e-02 2.041760e-02 2.083838e-02
2.279155e-02 2.237106e-02 2.201464e-02 2.318232e-02 2.329995e-02 2.188806e-02 2.068684e-02 0.000000e+00 2.002056e-02 1.995026e-02
2.273142e-02 2.231453e-02 2.194970e-02 2.318659e-02 2.306559e-02 2.027593e-02 2.041760e-02 2.002056e-02 0.000000e+00 2.147022e-02
2.256806e-02 2.237988e-02 2.201545e-02 2.325270e-02 2.369039e-02 2.129513e-02 2.083838e-02 1.995026e-02 2.147022e-02 0.000000e+00
