0.000000e+00 1.901206e-03 1.870834e-03 1.959042e-03 1.990283e-03 1.929267e-03 1.890405e-03 1.896606e-03 1.889345e-03 1.885967e-03
1.901206e-03 0.000000e+00 1.827066e-03 1.916307e-03 1.948077e-03 1.871591e-03 1.867117e-03 1.854381e-03 1.848469e-03 1.863687e-03
1.870834e-03 1.827066e-03 0.000000e+00 1.879014e-03 1.920415e-03 1.856859e-03 1.837238e-03 1.827773e-03 1.818979e-03 1.834423e-03
1.959042e-03 1.916307e-03 1.879014e-03 0.000000e+00 2.007709e-03 1.945831e-03 1.925501e-03 1.909538e-03 1.906314e-03 1.921881e-03
1.990283e-03 1.948077e-03 1.920415e-03 2.007709e-03 0.000000e+00 1.946818e-03 1.937591e-03 1.916366e-03 1.893938e-03 1.955502e-03
1.929267e-03 1.871591e-03 1.856859e-03 1.945831e-03 1.946818e-03 0.000000e+00 1.703034e-03 1.782259e-03 1.649218e-03 1.739488e-03
1.890405e-03 1.867117e-03 1.837238e-03 1.925501e-03 1.937591e-03 1.703034e-03 0.000000e+00 1.684702e-03 1.664172e-03 1.700700e-03
1.896606e-03 1.854381e-03 1.827773e-03 1.909538e-03 1.916366e-03 1.782259e-03 1.684702e-03 0.000000e+00 1.625779e-03 1.627053e-03
1.889345e-03 1.848469e-03 1.818979e-03 1.906314e-03 1.893938e-03 1.649218e-03 1.664172e-03 1.625779e-03 0.000000e+00 1.749629e-03
1.885967e-03 1.863687e-03 1.834423e-03 1.921881e-03 1.955502e-03 1.739488e-03 1.700700e-03 1.627053e-03 1.749629e-03 0.000000e+00
