0.000000e+00 8.635996e-02 8.507160e-02 8.626001e-02 8.701247e-02 8.209087e-02 8.042441e-02 7.848894e-02 7.963400e-02 8.050991e-02
8.635996e-02 0.000000e+00 8.414096e-02 8.532654e-02 8.562360e-02 8.042983e-02 8.029284e-02 7.800349e-02 7.936388e-02 8.037943e-02
8.507160e-02 8.414096e-02 0.000000e+00 8.293576e-02 8.479159e-02 7.987182e-02 7.900465e-02 7.671540e-02 7.807582e-02 7.909120e-02
8.626001e-02 8.532654e-02 8.293576e-02 0.000000e+00 8.598092e-02 8.106030e-02 8.019307e-02 7.736290e-02 7.926416e-02 8.027965e-02
8.701247e-02 8.562360e-02 8.479159e-02 8.598092e-02 0.000000e+00 8.027435e-02 7.988988e-02 7.716923e-02 7.753262e-02 8.103189e-02
8.209087e-02 8.042983e-02 7.987182e-02 8.106030e-02 8.027435e-02 0.000000e+00 6.589778e-02 6.674675e-02 6.311949e-02 6.631578e-02
8.042441e-02 8.029284e-02 7.900465e-02 8.019307e-02 7.988988e-02 6.589778e-02 0.000000e+00 6.316686e-02 6.301736e-02 6.571539e-02
7.848894e-02 7.800349e-02 7.671540e-02 7.736290e-02 7.716923e-02 6.674675e-02 6.316686e-02 0.000000e+00 6.020944e-02 5.993193e-02
7.963400e-02 7.936388e-02 7.807582e-02 7.926416e-02 7.753262e-02 6.311949e-02 6.301736e-02 6.020944e-02 0.000000e+00 6.553821e-02
8.050991e-02 8.037943e-02 7.909120e-02 8.027965e-02 8.103189e-02 6.631578e-02 6.571539e-02 5.993193e-02 6.553821e-02 0.000000e+00
