0.000000e+00 2.845120e-01 2.800618e-01 2.835095e-01 2.859049e-01 2.640083e-01 2.556632e-01 2.508468e-01 2.578389e-01 2.604405e-01
2.845120e-01 0.000000e+00 2.808462e-01 2.832999e-01 2.837072e-01 2.612867e-01 2.580353e-01 2.525338e-01 2.603607e-01 2.628151e-01
2.800618e-01 2.808462e-01 0.000000e+00 2.736703e-01 2.822391e-01 2.603425e-01 2.546323e-01 2.491310e-01 2.575856e-01 2.594119e-01
2.835095e-01 2.832999e-01 2.736703e-01 0.000000e+00 2.846929e-01 2.627963e-01 2.570860e-01 2.494919e-01 2.600391e-01 2.618656e-01
2.859049e-01 2.837072e-01 2.822391e-01 2.846929e-01 0.000000e+00 2.600251e-01 2.552240e-01 2.488885e-01 2.531762e-01 2.642078e-01
2.640083e-01 2.612867e-01 2.603425e-01 2.627963e-01 2.600251e-01 0.000000e+00 2.007585e-01 2.045583e-01 1.973927e-01 2.052924e-01
2.556632e-01 2.580353e-01 2.546323e-01 2.570860e-01 2.552240e-01 2.007585e-01 0.000000e+00 1.913095e-01 1.944517e-01 2.009871e-01
2.508468e-01 2.525338e-01 2.491310e-01 2.494919e-01 2.488885e-01 2.045583e-01 1.913095e-01 0.000000e+00 1.862964e-01 1.846383e-01
2.578389e-01 2.603607e-01 2.575856e-01 2.600391e-01 2.531762e-01 1.973927e-01 1.944517e-01 1.862964e-01 0.000000e+00 2.040409e-01
2.604405e-01 2.628151e-01 2.594119e-01 2.618656e-01 2.642078e-01 2.052924e-01 2.009871e-01 1.846383e-01 2.040409e-01 0.000000e+00
