0.000000e+00 1.067683e-01 1.046228e-01 1.078724e-01 1.093662e-01 1.046346e-01 1.027612e-01 1.012831e-01 1.021678e-01 1.021798e-01
1.067683e-01 0.000000e+00 1.031391e-01 1.063845e-01 1.075180e-01 1.022579e-01 1.022814e-01 1.001124e-01 1.008999e-01 1.017024e-01
1.046228e-01 1.031391e-01 0.000000e+00 1.036127e-01 1.057359e-01 1.009978e-01 1.001365e-01 9.797740e-02 9.875586e-02 9.955739e-02
1.078724e-01 1.063845e-01 1.036127e-01 0.000000e+00 1.089836e-01 1.042467e-01 1.033848e-01 1.007055e-01 1.020039e-01 1.028061e-01
1.093662e-01 1.075180e-01 1.057359e-01 1.089836e-01 0.000000e+00 1.038332e-01 1.038045e-01 1.009214e-01 1.008419e-01 1.042982e-01
1.046346e-01 1.022579e-01 1.009978e-01 1.042467e-01 1.038332e-01 0.000000e+00 8.892631e-02 9.115153e-02 8.539302e-02 8.955514e-02
1.027612e-01 1.022814e-01 1.001365e-01 1.033848e-01 1.038045e-01 8.892631e-02 0.000000e+00 8.636231e-02 8.596774e-02 8.862694e-02
1.012831e-01 1.001124e-01 9.797740e-02 1.007055e-01 1.009214e-01 9.115153e-02 8.636231e-02 0.000000e+00 8.240328e-02 8.240690e-02
1.021678e-01 1.008999e-01 9.875586e-02 1.020039e-01 1.008419e-01 8.539302e-02 8.596774e-02 8.240328e-02 0.000000e+00 8.947529e-02
1.021798e-01 1.017024e-01 9.955739e-02 1.028061e-01 1.042982e-01 8.955514e-02 8.862694e-02 8.240690e-02 8.947529e-02 0.000000e+00
