0.000000e+00 1.695569e-01 1.669820e-01 1.693464e-01 1.708204e-01 1.612469e-01 1.580135e-01 1.542008e-01 1.564525e-01 1.581346e-01
1.695569e-01 0.000000e+00 1.651385e-01 1.675003e-01 1.680935e-01 1.579977e-01 1.577122e-01 1.532178e-01 1.558836e-01 1.578356e-01
1.669820e-01 1.651385e-01 0.000000e+00 1.628099e-01 1.664001e-01 1.568284e-01 1.551376e-01 1.506435e-01 1.533094e-01 1.552610e-01
1.693464e-01 1.675003e-01 1.628099e-01 0.000000e+00 1.687655e-01 1.591929e-01 1.575021e-01 1.519669e-01 1.556737e-01 1.576255e-01
1.708204e-01 1.680935e-01 1.664001e-01 1.687655e-01 0.000000e+00 1.576992e-01 1.569363e-01 1.516123e-01 1.523220e-01 1.590990e-01
1.612469e-01 1.579977e-01 1.568284e-01 1.591929e-01 1.576992e-01 0.000000e+00 1.298985e-01 1.314443e-01 1.245134e-01 1.306680e-01
1.580135e-01 1.577122e-01 1.551376e-01 1.575021e-01 1.569363e-01 1.298985e-01 0.000000e+00 1.245254e-01 1.242860e-01 1.294788e-01
1.542008e-01 1.532178e-01 1.506435e-01 1.519669e-01 1.516123e-01 1.314443e-01 1.245254e-01 0.000000e+00 1.187923e-01 1.182578e-01
1.564525e-01 1.558836e-01 1.533094e-01 1.556737e-01 1.523220e-01 1.245134e-01 1.242860e-01 1.187923e-01 0.000000e+00 1.291077e-01
1.581346e-01 1.578356e-01 1.552610e-01 1.576255e-01 1.590990e-01 1.306680e-01 1.294788e-01 1.182578e-01 1.291077e-01 0.000000e+00
