0.000000e+00 2.673039e-02 2.636880e-02 2.670713e-02 2.692383e-02 2.538651e-02 2.487744e-02 2.427803e-02 2.463553e-02 2.491908e-02
2.673039e-02 0.000000e+00 2.609695e-02 2.643286e-02 2.651417e-02 2.489367e-02 2.484804e-02 2.414147e-02 2.456407e-02 2.489006e-02
2.636880e-02 2.609695e-02 0.000000e+00 2.573133e-02 2.628882e-02 2.475305e-02 2.448649e-02 2.377995e-02 2.420256e-02 2.452851e-02
2.670713e-02 2.643286e-02 2.573133e-02 0.000000e+00 2.662789e-02 2.509140e-02 2.482483e-02 2.395461e-02 2.454087e-02 2.486685e-02
2.692383e-02 2.651417e-02 2.628882e-02 2.662789e-02 0.000000e+00 2.484154e-02 2.472086e-02 2.388387e-02 2.399892e-02 2.508350e-02
2.538651e-02 2.489367e-02 2.475305e-02 2.509140e-02 2.484154e-02 0.000000e+00 2.042833e-02 2.067137e-02 1.957842e-02 2.056516e-02
2.487744e-02 2.484804e-02 2.448649e-02 2.482483e-02 2.472086e-02 2.042833e-02 0.000000e+00 1.957773e-02 1.954355e-02 2.037911e-02
2.427803e-02 2.414147e-02 2.377995e-02 2.395461e-02 2.388387e-02 2.067137e-02 1.957773e-02 0.000000e+00 1.867986e-02 1.861499e-02
2.463553e-02 2.456407e-02 2.420256e-02 2.454087e-02 2.399892e-02 1.957842e-02 1.954355e-02 1.867986e-02 0.000000e+00 2.031749e-02
2.491908e-02 2.489006e-02 2.452851e-02 2.486685e-02 2.508350e-02 2.056516e-02 2.037911e-02 1.861499e-02 2.031749e-02 0.000000e+00
