0.000000e+00 5.504758e-03 5.425698e-03 5.495398e-03 5.538660e-03 5.153841e-03 5.009397e-03 4.899861e-03 5.012096e-03 5.072871e-03
5.504758e-03 0.000000e+00 5.422791e-03 5.479922e-03 5.489244e-03 5.091852e-03 5.044208e-03 4.918213e-03 5.050502e-03 5.107741e-03
5.425698e-03 5.422791e-03 0.000000e+00 5.314127e-03 5.456692e-03 5.071873e-03 4.977720e-03 4.851727e-03 4.986530e-03 5.041252e-03
5.495398e-03 5.479922e-03 5.314127e-03 0.000000e+00 5.513823e-03 5.129004e-03 5.034851e-03 4.871146e-03 5.043659e-03 5.098382e-03
5.538660e-03 5.489244e-03 5.456692e-03 5.513823e-03 0.000000e+00 5.074991e-03 5.002961e-03 4.856932e-03 4.917952e-03 5.141642e-03
5.153841e-03 5.091852e-03 5.071873e-03 5.129004e-03 5.074991e-03 0.000000e+00 4.019519e-03 4.081895e-03 3.902932e-03 4.080377e-03
5.009397e-03 5.044208e-03 4.977720e-03 5.034851e-03 5.002961e-03 4.019519e-03 0.000000e+00 3.836577e-03 3.857050e-03 4.011628e-03
4.899861e-03 4.918213e-03 4.851727e-03 4.871146e-03 4.856932e-03 4.081895e-03 3.836577e-03 0.000000e+00 3.695377e-03 3.670229e-03
5.012096e-03 5.050502e-03 4.986530e-03 5.043659e-03 4.917952e-03 3.902932e-03 3.857050e-03 3.695377e-03 0.000000e+00 4.031444e-03
5.072871e-03 5.107741e-03 5.041252e-03 5.098382e-03 5.141642e-03 4.080377e-03 4.011628e-03 3.670229e-03 4.031444e-03 0.000000e+00
