0.000000e+00 2.235301e-02 2.198926e-02 2.322265e-02 2.363633e-02 2.309757e-02 2.258460e-02 2.274005e-02 2.267922e-02 2.251613e-02
2.235301e-02 0.000000e+00 2.155070e-02 2.280288e-02 2.322001e-02 2.249033e-02 2.239365e-02 2.232083e-02 2.226358e-02 2.232809e-02
2.198926e-02 2.155070e-02 0.000000e+00 2.235304e-02 2.287598e-02 2.231658e-02 2.203070e-02 2.196715e-02 2.190154e-02 2.196644e-02
2.322265e-02 2.280288e-02 2.235304e-02 0.000000e+00 2.410765e-02 2.355189e-02 2.326437e-02 2.312993e-02 2.313318e-02 2.319844e-02
2.363633e-02 2.322001e-02 2.287598e-02 2.410765e-02 0.000000e+00 2.359139e-02 2.344816e-02 2.324751e-02 2.301263e-02 2.363453e-02
2.309757e-02 2.249033e-02 2.231658e-02 2.355189e-02 2.359139e-02 0.000000e+00 2.081389e-02 2.184132e-02 2.023620e-02 2.124986e-02
2.258460e-02 2.239365e-02 2.203070e-02 2.326437e-02 2.344816e-02 2.081389e-02 0.000000e+00 2.064600e-02 2.037713e-02 2.079534e-02
2.274005e-02 2.232083e-02 2.196715e-02 2.312993e-02 2.324751e-02 2.184132e-02 2.064600e-02 0.000000e+00 1.998252e-02 1.991203e-02
2.267922e-02 2.226358e-02 2.190154e-02 2.313318e-02 2.301263e-02 2.023620e-02 2.037713e-02 1.998252e-02 0.000000e+00 2.142345e-02
2.251613e-02 2.232809e-02 2.196644e-02 2.319844e-02 2.363453e-02 2.124986e-02 2.079534e-02 1.991203e-02 2.142345e-02 0.000000e+00
