0.000000e+00 4.198093e-03 4.151964e-03 4.197650e-03 4.227365e-03 3.978625e-03 3.898893e-03 3.805153e-03 3.861901e-03 3.910538e-03
4.198093e-03 0.000000e+00 4.114338e-03 4.158959e-03 4.168623e-03 3.906451e-03 3.899183e-03 3.788690e-03 3.855615e-03 3.910887e-03
4.151964e-03 4.114338e-03 0.000000e+00 4.058097e-03 4.142882e-03 3.894869e-03 3.853054e-03 3.742563e-03 3.809489e-03 3.864758e-03
4.197650e-03 4.158959e-03 4.058097e-03 0.000000e+00 4.188934e-03 3.940556e-03 3.898740e-03 3.762658e-03 3.855174e-03 3.910444e-03
4.227365e-03 4.168623e-03 4.142882e-03 4.188934e-03 0.000000e+00 3.897327e-03 3.878323e-03 3.747438e-03 3.766262e-03 3.940159e-03
3.978625e-03 3.906451e-03 3.894869e-03 3.940556e-03 3.897327e-03 0.000000e+00 3.196576e-03 3.234560e-03 3.062982e-03 3.221592e-03
3.898893e-03 3.899183e-03 3.853054e-03 3.898740e-03 3.878323e-03 3.196576e-03 0.000000e+00 3.062265e-03 3.057754e-03 3.192726e-03
3.805153e-03 3.788690e-03 3.742563e-03 3.762658e-03 3.747438e-03 3.234560e-03 3.062265e-03 0.000000e+00 2.922685e-03 2.916871e-03
3.861901e-03 3.855615e-03 3.809489e-03 3.855174e-03 3.766262e-03 3.062982e-03 3.057754e-03 2.922685e-03 0.000000e+00 3.182391e-03
3.910538e-03 3.910887e-03 3.864758e-03 3.910444e-03 3.940159e-03 3.221592e-03 3.192726e-03 2.916871e-03 3.182391e-03 0.000000e+00
