0.000000e+00 4.464721e-02 4.392083e-02 4.643775e-02 4.727675e-02 4.626000e-02 4.521665e-02 4.555140e-02 4.543862e-02 4.507633e-02
4.464721e-02 0.000000e+00 4.307145e-02 4.562662e-02 4.647102e-02 4.506957e-02 4.486310e-02 4.474080e-02 4.463166e-02 4.472573e-02
4.392083e-02 4.307145e-02 0.000000e+00 4.472692e-02 4.578172e-02 4.472495e-02 4.413749e-02 4.402461e-02 4.390703e-02 4.400142e-02
4.643775e-02 4.562662e-02 4.472692e-02 0.000000e+00 4.829702e-02 4.724393e-02 4.665473e-02 4.640116e-02 4.642210e-02 4.651700e-02
4.727675e-02 4.647102e-02 4.578172e-02 4.829702e-02 0.000000e+00 4.732825e-02 4.703218e-02 4.664521e-02 4.618683e-02 4.739789e-02
4.626000e-02 4.506957e-02 4.472495e-02 4.724393e-02 4.732825e-02 0.000000e+00 4.181233e-02 4.389276e-02 4.067481e-02 4.268593e-02
4.521665e-02 4.486310e-02 4.413749e-02 4.665473e-02 4.703218e-02 4.181233e-02 0.000000e+00 4.149268e-02 4.094759e-02 4.178180e-02
4.555140e-02 4.474080e-02 4.402461e-02 4.640116e-02 4.664521e-02 4.389276e-02 4.149268e-02 0.000000e+00 4.017604e-02 4.001109e-02
4.543862e-02 4.463166e-02 4.390703e-02 4.642210e-02 4.618683e-02 4.067481e-02 4.094759e-02 4.017604e-02 0.000000e+00 4.304889e-02
4.507633e-02 4.472573e-02 4.400142e-02 4.651700e-02 4.739789e-02 4.268593e-02 4.178180e-02 4.001109e-02 4.304889e-02 0.000000e+00
