0.000000e+00 8.473196e-02 8.347723e-02 8.463365e-02 8.535896e-02 8.055510e-02 7.894004e-02 7.703581e-02 7.816284e-02 7.901678e-02
8.473196e-02 0.000000e+00 8.256945e-02 8.372317e-02 8.401087e-02 7.894552e-02 7.880220e-02 7.655768e-02 7.789146e-02 7.888015e-02
8.347723e-02 8.256945e-02 0.000000e+00 8.140686e-02 8.319465e-02 7.839254e-02 7.754763e-02 7.530320e-02 7.663702e-02 7.762554e-02
8.463365e-02 8.372317e-02 8.140686e-02 0.000000e+00 8.435195e-02 7.954903e-02 7.870406e-02 7.593989e-02 7.779337e-02 7.878200e-02
8.535896e-02 8.401087e-02 8.319465e-02 8.435195e-02 0.000000e+00 7.879265e-02 7.841099e-02 7.575226e-02 7.610918e-02 7.950710e-02
8.055510e-02 7.894552e-02 7.839254e-02 7.954903e-02 7.879265e-02 0.000000e+00 6.488091e-02 6.565198e-02 6.218957e-02 6.527647e-02
7.894004e-02 7.880220e-02 7.754763e-02 7.870406e-02 7.841099e-02 6.488091e-02 0.000000e+00 6.219307e-02 6.207639e-02 6.468314e-02
7.703581e-02 7.655768e-02 7.530320e-02 7.593989e-02 7.575226e-02 6.565198e-02 6.219307e-02 0.000000e+00 5.933294e-02 5.908026e-02
7.816284e-02 7.789146e-02 7.663702e-02 7.779337e-02 7.610918e-02 6.218957e-02 6.207639e-02 5.933294e-02 0.000000e+00 6.449513e-02
7.901678e-02 7.888015e-02 7.762554e-02 7.878200e-02 7.950710e-02 6.527647e-02 6.468314e-02 5.908026e-02 6.449513e-02 0.000000e+00
