0.000000e+00 1.517993e-01 1.492407e-01 1.512520e-01 1.527544e-01 1.421863e-01 1.381985e-01 1.351759e-01 1.382689e-01 1.399506e-01
1.517993e-01 0.000000e+00 1.490968e-01 1.507614e-01 1.513273e-01 1.404121e-01 1.390949e-01 1.356181e-01 1.392645e-01 1.408487e-01
1.492407e-01 1.490968e-01 0.000000e+00 1.458099e-01 1.500518e-01 1.394837e-01 1.368835e-01 1.334068e-01 1.371226e-01 1.386372e-01
1.512520e-01 1.507614e-01 1.458099e-01 0.000000e+00 1.517164e-01 1.411483e-01 1.385480e-01 1.340309e-01 1.387870e-01 1.403017e-01
1.527544e-01 1.513273e-01 1.500518e-01 1.517164e-01 0.000000e+00 1.399666e-01 1.379766e-01 1.339470e-01 1.356273e-01 1.418036e-01
1.421863e-01 1.404121e-01 1.394837e-01 1.411483e-01 1.399666e-01 0.000000e+00 1.108927e-01 1.126130e-01 1.076730e-01 1.125724e-01
1.381985e-01 1.390949e-01 1.368835e-01 1.385480e-01 1.379766e-01 1.108927e-01 0.000000e+00 1.058429e-01 1.064052e-01 1.106736e-01
1.351759e-01 1.356181e-01 1.334068e-01 1.340309e-01 1.339470e-01 1.126130e-01 1.058429e-01 0.000000e+00 1.019445e-01 1.012542e-01
1.382689e-01 1.392645e-01 1.371226e-01 1.387870e-01 1.356273e-01 1.076730e-01 1.064052e-01 1.019445e-01 0.000000e+00 1.112171e-01
1.399506e-01 1.408487e-01 1.386372e-01 1.403017e-01 1.418036e-01 1.125724e-01 1.106736e-01 1.012542e-01 1.112171e-01 0.000000e+00
