0.000000e+00 1.518372e-01 1.492779e-01 1.512898e-01 1.527928e-01 1.422216e-01 1.382323e-01 1.352090e-01 1.383028e-01 1.399849e-01
1.518372e-01 0.000000e+00 1.491341e-01 1.507991e-01 1.513652e-01 1.404467e-01 1.391294e-01 1.356517e-01 1.392991e-01 1.408836e-01
1.492779e-01 1.491341e-01 0.000000e+00 1.458456e-01 1.500896e-01 1.395184e-01 1.369174e-01 1.334398e-01 1.371566e-01 1.386715e-01
1.512898e-01 1.507991e-01 1.458456e-01 0.000000e+00 1.517546e-01 1.411834e-01 1.385823e-01 1.340638e-01 1.388214e-01 1.403365e-01
1.527928e-01 1.513652e-01 1.500896e-01 1.517546e-01 0.000000e+00 1.400009e-01 1.380105e-01 1.339797e-01 1.356604e-01 1.418390e-01
1.422216e-01 1.404467e-01 1.395184e-01 1.411834e-01 1.400009e-01 0.000000e+00 1.109149e-01 1.126371e-01 1.076936e-01 1.125951e-01
1.382323e-01 1.391294e-01 1.369174e-01 1.385823e-01 1.380105e-01 1.109149e-01 0.000000e+00 1.058642e-01 1.064259e-01 1.106960e-01
1.352090e-01 1.356517e-01 1.334398e-01 1.340638e-01 1.339797e-01 1.126371e-01 1.058642e-01 0.000000e+00 1.019637e-01 1.012726e-01
1.383028e-01 1.392991e-01 1.371566e-01 1.388214e-01 1.356604e-01 1.076936e-01 1.064259e-01 1.019637e-01 0.000000e+00 1.112398e-01
1.399849e-01 1.408836e-01 1.386715e-01 1.403365e-01 1.418390e-01 1.125951e-01 1.106960e-01 1.012726e-01 1.112398e-01 0.000000e+00
