0.000000e+00 7.526383e-02 7.402094e-02 7.501206e-02 7.573583e-02 7.049310e-02 6.851610e-02 6.701754e-02 6.855105e-02 6.938474e-02
7.526383e-02 0.000000e+00 7.395433e-02 7.477356e-02 7.503310e-02 6.961827e-02 6.896526e-02 6.724154e-02 6.904938e-02 6.983473e-02
7.402094e-02 7.395433e-02 0.000000e+00 7.234438e-02 7.442631e-02 6.918358e-02 6.789447e-02 6.617082e-02 6.801303e-02 6.876389e-02
7.501206e-02 7.477356e-02 7.234438e-02 0.000000e+00 7.524556e-02 7.000281e-02 6.871368e-02 6.647422e-02 6.883219e-02 6.958311e-02
7.573583e-02 7.503310e-02 7.442631e-02 7.524556e-02 0.000000e+00 6.939589e-02 6.840932e-02 6.641156e-02 6.724467e-02 7.030667e-02
7.049310e-02 6.961827e-02 6.918358e-02 7.000281e-02 6.939589e-02 0.000000e+00 5.497860e-02 5.583145e-02 5.338245e-02 5.581139e-02
6.851610e-02 6.896526e-02 6.789447e-02 6.871368e-02 6.840932e-02 5.497860e-02 0.000000e+00 5.247506e-02 5.275391e-02 5.487000e-02
6.701754e-02 6.724154e-02 6.617082e-02 6.647422e-02 6.641156e-02 5.583145e-02 5.247506e-02 0.000000e+00 5.054239e-02 5.020015e-02
6.855105e-02 6.904938e-02 6.801303e-02 6.883219e-02 6.724467e-02 5.338245e-02 5.275391e-02 5.054239e-02 0.000000e+00 5.513950e-02
6.938474e-02 6.983473e-02 6.876389e-02 6.958311e-02 7.030667e-02 5.581139e-02 5.487000e-02 5.020015e-02 5.513950e-02 0.000000e+00
