0.000000e+00 4.437282e-02 4.368870e-02 4.423730e-02 4.459017e-02 4.117599e-02 3.987597e-02 3.912463e-02 4.021560e-02 4.062089e-02
4.437282e-02 0.000000e+00 4.381010e-02 4.420415e-02 4.424786e-02 4.075223e-02 4.024446e-02 3.938657e-02 4.060735e-02 4.098978e-02
4.368870e-02 4.381010e-02 0.000000e+00 4.271462e-02 4.402744e-02 4.061327e-02 3.972314e-02 3.886529e-02 4.018368e-02 4.046844e-02
4.423730e-02 4.420415e-02 4.271462e-02 0.000000e+00 4.442149e-02 4.100731e-02 4.011717e-02 3.893389e-02 4.057770e-02 4.086248e-02
4.459017e-02 4.424786e-02 4.402744e-02 4.442149e-02 0.000000e+00 4.055660e-02 3.980776e-02 3.882021e-02 3.948945e-02 4.120710e-02
4.117599e-02 4.075223e-02 4.061327e-02 4.100731e-02 4.055660e-02 0.000000e+00 3.132831e-02 3.191673e-02 3.080598e-02 3.203525e-02
3.987597e-02 4.024446e-02 3.972314e-02 4.011717e-02 3.980776e-02 3.132831e-02 0.000000e+00 2.985383e-02 3.034613e-02 3.136327e-02
3.912463e-02 3.938657e-02 3.886529e-02 3.893389e-02 3.882021e-02 3.191673e-02 2.985383e-02 0.000000e+00 2.907549e-02 2.881859e-02
4.021560e-02 4.060735e-02 4.018368e-02 4.057770e-02 3.948945e-02 3.080598e-02 3.034613e-02 2.907549e-02 0.000000e+00 3.183936e-02
4.062089e-02 4.098978e-02 4.046844e-02 4.086248e-02 4.120710e-02 3.203525e-02 3.136327e-02 2.881859e-02 3.183936e-02 0.000000e+00
