0.000000e+00 3.549766e-02 3.481154e-02 3.585532e-02 3.632810e-02 3.474221e-02 3.411977e-02 3.362814e-02 3.390568e-02 3.394330e-02
3.549766e-02 0.000000e+00 3.430304e-02 3.534260e-02 3.569881e-02 3.393263e-02 3.394487e-02 3.321828e-02 3.346960e-02 3.376918e-02
3.481154e-02 3.430304e-02 0.000000e+00 3.444784e-02 3.513245e-02 3.354019e-02 3.325923e-02 3.254228e-02 3.278468e-02 3.308353e-02
3.585532e-02 3.534260e-02 3.444784e-02 0.000000e+00 3.617422e-02 3.458307e-02 3.430170e-02 3.341262e-02 3.382706e-02 3.412637e-02
3.632810e-02 3.569881e-02 3.513245e-02 3.617422e-02 0.000000e+00 3.442373e-02 3.441828e-02 3.346176e-02 3.342032e-02 3.459752e-02
3.474221e-02 3.393263e-02 3.354019e-02 3.458307e-02 3.442373e-02 0.000000e+00 2.945606e-02 3.019447e-02 2.827533e-02 2.968495e-02
3.411977e-02 3.394487e-02 3.325923e-02 3.430170e-02 3.441828e-02 2.945606e-02 0.000000e+00 2.860648e-02 2.846772e-02 2.936668e-02
3.362814e-02 3.321828e-02 3.254228e-02 3.341262e-02 3.346176e-02 3.019447e-02 2.860648e-02 0.000000e+00 2.728563e-02 2.730885e-02
3.390568e-02 3.346960e-02 3.278468e-02 3.382706e-02 3.342032e-02 2.827533e-02 2.846772e-02 2.728563e-02 0.000000e+00 2.964185e-02
3.394330e-02 3.376918e-02 3.308353e-02 3.412637e-02 3.459752e-02 2.968495e-02 2.936668e-02 2.730885e-02 2.964185e-02 0.000000e+00
