0.000000e+00 3.550733e-02 3.482095e-02 3.586522e-02 3.633819e-02 3.475178e-02 3.412898e-02 3.363724e-02 3.391494e-02 3.395257e-02
3.550733e-02 0.000000e+00 3.431214e-02 3.535220e-02 3.570852e-02 3.394172e-02 3.395395e-02 3.322713e-02 3.347859e-02 3.377834e-02
3.482095e-02 3.431214e-02 0.000000e+00 3.445705e-02 3.514198e-02 3.354920e-02 3.326806e-02 3.255088e-02 3.279341e-02 3.309243e-02
3.586522e-02 3.535220e-02 3.445705e-02 0.000000e+00 3.618424e-02 3.459256e-02 3.431101e-02 3.342161e-02 3.383628e-02 3.413576e-02
3.633819e-02 3.570852e-02 3.514198e-02 3.618424e-02 0.000000e+00 3.443306e-02 3.442760e-02 3.347071e-02 3.342934e-02 3.460710e-02
3.475178e-02 3.394172e-02 3.354920e-02 3.459256e-02 3.443306e-02 0.000000e+00 2.946289e-02 3.020193e-02 2.828166e-02 2.969209e-02
3.412898e-02 3.395395e-02 3.326806e-02 3.431101e-02 3.442760e-02 2.946289e-02 0.000000e+00 2.861302e-02 2.847416e-02 2.937364e-02
3.363724e-02 3.322713e-02 3.255088e-02 3.342161e-02 3.347071e-02 3.020193e-02 2.861302e-02 0.000000e+00 2.729157e-02 2.731479e-02
3.391494e-02 3.347859e-02 3.279341e-02 3.383628e-02 3.342934e-02 2.828166e-02 2.847416e-02 2.729157e-02 0.000000e+00 2.964914e-02
3.395257e-02 3.377834e-02 3.309243e-02 3.413576e-02 3.460710e-02 2.969209e-02 2.937364e-02 2.731479e-02 2.964914e-02 0.000000e+00
