0.000000e+00 3.354886e-02 3.300310e-02 3.488064e-02 3.550782e-02 3.472867e-02 3.394955e-02 3.419490e-02 3.410787e-02 3.384495e-02
3.354886e-02 0.000000e+00 3.235809e-02 3.426420e-02 3.489581e-02 3.382848e-02 3.367676e-02 3.357899e-02 3.349560e-02 3.357511e-02
3.300310e-02 3.235809e-02 0.000000e+00 3.358857e-02 3.437850e-02 3.356898e-02 3.313179e-02 3.304343e-02 3.295158e-02 3.303145e-02
3.488064e-02 3.426420e-02 3.358857e-02 0.000000e+00 3.625437e-02 3.544853e-02 3.500964e-02 3.481533e-02 3.482731e-02 3.490762e-02
3.550782e-02 3.489581e-02 3.437850e-02 3.625437e-02 0.000000e+00 3.551054e-02 3.529063e-02 3.499640e-02 3.464914e-02 3.556700e-02
3.472867e-02 3.382848e-02 3.356898e-02 3.544853e-02 3.551054e-02 0.000000e+00 3.135801e-02 3.291394e-02 3.049914e-02 3.201360e-02
3.394955e-02 3.367676e-02 3.313179e-02 3.500964e-02 3.529063e-02 3.135801e-02 0.000000e+00 3.111386e-02 3.070630e-02 3.133332e-02
3.419490e-02 3.357899e-02 3.304343e-02 3.481533e-02 3.499640e-02 3.291394e-02 3.111386e-02 0.000000e+00 3.012240e-02 3.000458e-02
3.410787e-02 3.349560e-02 3.295158e-02 3.482731e-02 3.464914e-02 3.049914e-02 3.070630e-02 3.012240e-02 0.000000e+00 3.228212e-02
3.384495e-02 3.357511e-02 3.303145e-02 3.490762e-02 3.556700e-02 3.201360e-02 3.133332e-02 3.000458e-02 3.228212e-02 0.000000e+00
