0.000000e+00 5.347272e-02 5.241896e-02 5.401856e-02 5.474850e-02 5.236904e-02 5.143106e-02 5.069064e-02 5.112104e-02 5.115272e-02
5.347272e-02 0.000000e+00 5.166417e-02 5.325953e-02 5.381149e-02 5.116380e-02 5.117894e-02 5.008848e-02 5.047486e-02 5.090179e-02
5.241896e-02 5.166417e-02 0.000000e+00 5.189177e-02 5.293889e-02 5.055296e-02 5.012568e-02 4.904503e-02 4.942236e-02 4.984851e-02
5.401856e-02 5.325953e-02 5.189177e-02 0.000000e+00 5.453652e-02 5.215170e-02 5.172397e-02 5.038341e-02 5.102052e-02 5.144719e-02
5.474850e-02 5.381149e-02 5.293889e-02 5.453652e-02 0.000000e+00 5.192791e-02 5.191667e-02 5.047426e-02 5.042299e-02 5.217546e-02
5.236904e-02 5.116380e-02 5.055296e-02 5.215170e-02 5.192791e-02 0.000000e+00 4.445314e-02 4.556659e-02 4.267895e-02 4.478324e-02
5.143106e-02 5.117894e-02 5.012568e-02 5.172397e-02 5.191667e-02 4.445314e-02 0.000000e+00 4.317121e-02 4.296778e-02 4.431096e-02
5.069064e-02 5.008848e-02 4.904503e-02 5.038341e-02 5.047426e-02 4.556659e-02 4.317121e-02 0.000000e+00 4.118486e-02 4.120348e-02
5.112104e-02 5.047486e-02 4.942236e-02 5.102052e-02 5.042299e-02 4.267895e-02 4.296778e-02 4.118486e-02 0.000000e+00 4.473061e-02
5.115272e-02 5.090179e-02 4.984851e-02 5.144719e-02 5.217546e-02 4.478324e-02 4.431096e-02 4.120348e-02 4.473061e-02 0.000000e+00
