0.000000e+00 1.713382e-02 1.681839e-02 1.730088e-02 1.751511e-02 1.674163e-02 1.644049e-02 1.620318e-02 1.632785e-02 1.636610e-02
1.713382e-02 0.000000e+00 1.656392e-02 1.704262e-02 1.720234e-02 1.633893e-02 1.634744e-02 1.599333e-02 1.610885e-02 1.627343e-02
1.681839e-02 1.656392e-02 0.000000e+00 1.662587e-02 1.694427e-02 1.616531e-02 1.603245e-02 1.568672e-02 1.579448e-02 1.595843e-02
1.730088e-02 1.704262e-02 1.662587e-02 0.000000e+00 1.742486e-02 1.664693e-02 1.651372e-02 1.608516e-02 1.627572e-02 1.644003e-02
1.751511e-02 1.720234e-02 1.694427e-02 1.742486e-02 0.000000e+00 1.655635e-02 1.655607e-02 1.609505e-02 1.606674e-02 1.665278e-02
1.674163e-02 1.633893e-02 1.616531e-02 1.664693e-02 1.655635e-02 0.000000e+00 1.414641e-02 1.450387e-02 1.357211e-02 1.426988e-02
1.644049e-02 1.634744e-02 1.603245e-02 1.651372e-02 1.655607e-02 1.414641e-02 0.000000e+00 1.373776e-02 1.366618e-02 1.411029e-02
1.620318e-02 1.599333e-02 1.568672e-02 1.608516e-02 1.609505e-02 1.450387e-02 1.373776e-02 0.000000e+00 1.309652e-02 1.312090e-02
1.632785e-02 1.610885e-02 1.579448e-02 1.627572e-02 1.606674e-02 1.357211e-02 1.366618e-02 1.309652e-02 0.000000e+00 1.424018e-02
1.636610e-02 1.627343e-02 1.595843e-02 1.644003e-02 1.665278e-02 1.426988e-02 1.411029e-02 1.312090e-02 1.424018e-02 0.000000e+00
