0.000000e+00 1.891578e-01 1.862060e-01 1.885021e-01 1.900815e-01 1.755304e-01 1.699878e-01 1.667847e-01 1.714346e-01 1.731636e-01
1.891578e-01 0.000000e+00 1.867242e-01 1.883614e-01 1.886230e-01 1.737245e-01 1.715592e-01 1.679019e-01 1.731052e-01 1.747367e-01
1.862060e-01 1.867242e-01 0.000000e+00 1.819762e-01 1.876479e-01 1.730968e-01 1.693016e-01 1.656444e-01 1.712638e-01 1.724789e-01
1.885021e-01 1.883614e-01 1.819762e-01 0.000000e+00 1.892851e-01 1.747339e-01 1.709387e-01 1.658943e-01 1.729009e-01 1.741161e-01
1.900815e-01 1.886230e-01 1.876479e-01 1.892851e-01 0.000000e+00 1.728877e-01 1.696948e-01 1.654847e-01 1.683368e-01 1.756603e-01
1.755304e-01 1.737245e-01 1.730968e-01 1.747339e-01 1.728877e-01 0.000000e+00 1.335506e-01 1.360588e-01 1.313232e-01 1.365644e-01
1.699878e-01 1.715592e-01 1.693016e-01 1.709387e-01 1.696948e-01 1.335506e-01 0.000000e+00 1.272644e-01 1.293625e-01 1.336993e-01
1.667847e-01 1.679019e-01 1.656444e-01 1.658943e-01 1.654847e-01 1.360588e-01 1.272644e-01 0.000000e+00 1.239457e-01 1.228514e-01
1.714346e-01 1.731052e-01 1.712638e-01 1.729009e-01 1.683368e-01 1.313232e-01 1.293625e-01 1.239457e-01 0.000000e+00 1.357281e-01
1.731636e-01 1.747367e-01 1.724789e-01 1.741161e-01 1.756603e-01 1.365644e-01 1.336993e-01 1.228514e-01 1.357281e-01 0.000000e+00
