0.000000e+00 1.067712e-01 1.046256e-01 1.078753e-01 1.093692e-01 1.046375e-01 1.027640e-01 1.012858e-01 1.021706e-01 1.021826e-01
1.067712e-01 0.000000e+00 1.031418e-01 1.063874e-01 1.075210e-01 1.022606e-01 1.022841e-01 1.001151e-01 1.009026e-01 1.017051e-01
1.046256e-01 1.031418e-01 0.000000e+00 1.036154e-01 1.057387e-01 1.010005e-01 1.001391e-01 9.797998e-02 9.875849e-02 9.956006e-02
1.078753e-01 1.063874e-01 1.036154e-01 0.000000e+00 1.089866e-01 1.042495e-01 1.033876e-01 1.007082e-01 1.020067e-01 1.028089e-01
1.093692e-01 1.075210e-01 1.057387e-01 1.089866e-01 0.000000e+00 1.038360e-01 1.038073e-01 1.009241e-01 1.008447e-01 1.043011e-01
1.046375e-01 1.022606e-01 1.010005e-01 1.042495e-01 1.038360e-01 0.000000e+00 8.892837e-02 9.115379e-02 8.539494e-02 8.955729e-02
1.027640e-01 1.022841e-01 1.001391e-01 1.033876e-01 1.038073e-01 8.892837e-02 0.000000e+00 8.636428e-02 8.596969e-02 8.862904e-02
1.012858e-01 1.001151e-01 9.797998e-02 1.007082e-01 1.009241e-01 9.115379e-02 8.636428e-02 0.000000e+00 8.240508e-02 8.240870e-02
1.021706e-01 1.009026e-01 9.875849e-02 1.020067e-01 1.008447e-01 8.539494e-02 8.596969e-02 8.240508e-02 0.000000e+00 8.947750e-02
1.021826e-01 1.017051e-01 9.956006e-02 1.028089e-01 1.043011e-01 8.955729e-02 8.862904e-02 8.240870e-02 8.947750e-02 0.000000e+00
