0.000000e+00 3.549776e-02 3.481163e-02 3.585541e-02 3.632820e-02 3.474230e-02 3.411987e-02 3.362823e-02 3.390578e-02 3.394339e-02
3.549776e-02 0.000000e+00 3.430313e-02 3.534270e-02 3.569890e-02 3.393272e-02 3.394496e-02 3.321837e-02 3.346969e-02 3.376927e-02
3.481163e-02 3.430313e-02 0.000000e+00 3.444793e-02 3.513254e-02 3.354028e-02 3.325932e-02 3.254237e-02 3.278477e-02 3.308362e-02
3.585541e-02 3.534270e-02 3.444793e-02 0.000000e+00 3.617432e-02 3.458316e-02 3.430179e-02 3.341271e-02 3.382715e-02 3.412646e-02
3.632820e-02 3.569890e-02 3.513254e-02 3.617432e-02 0.000000e+00 3.442382e-02 3.441838e-02 3.346185e-02 3.342041e-02 3.459762e-02
3.474230e-02 3.393272e-02 3.354028e-02 3.458316e-02 3.442382e-02 0.000000e+00 2.945612e-02 3.019454e-02 2.827540e-02 2.968502e-02
3.411987e-02 3.394496e-02 3.325932e-02 3.430179e-02 3.441838e-02 2.945612e-02 0.000000e+00 2.860654e-02 2.846778e-02 2.936675e-02
3.362823e-02 3.321837e-02 3.254237e-02 3.341271e-02 3.346185e-02 3.019454e-02 2.860654e-02 0.000000e+00 2.728569e-02 2.730891e-02
3.390578e-02 3.346969e-02 3.278477e-02 3.382715e-02 3.342041e-02 2.827540e-02 2.846778e-02 2.728569e-02 0.000000e+00 2.964192e-02
3.394339e-02 3.376927e-02 3.308362e-02 3.412646e-02 3.459762e-02 2.968502e-02 2.936675e-02 2.730891e-02 2.964192e-02 0.000000e+00
