0.000000e+00 1.695145e-01 1.669406e-01 1.693041e-01 1.707773e-01 1.612067e-01 1.579748e-01 1.541628e-01 1.564141e-01 1.580956e-01
1.695145e-01 0.000000e+00 1.650977e-01 1.674586e-01 1.680515e-01 1.579589e-01 1.576733e-01 1.531801e-01 1.558452e-01 1.577965e-01
1.669406e-01 1.650977e-01 0.000000e+00 1.627702e-01 1.663586e-01 1.567898e-01 1.550996e-01 1.506066e-01 1.532718e-01 1.552228e-01
1.693041e-01 1.674586e-01 1.627702e-01 0.000000e+00 1.687232e-01 1.591535e-01 1.574632e-01 1.519297e-01 1.556352e-01 1.575864e-01
1.707773e-01 1.680515e-01 1.663586e-01 1.687232e-01 0.000000e+00 1.576605e-01 1.568977e-01 1.515753e-01 1.522849e-01 1.590592e-01
1.612067e-01 1.579589e-01 1.567898e-01 1.591535e-01 1.576605e-01 0.000000e+00 1.298719e-01 1.314156e-01 1.244891e-01 1.306408e-01
1.579748e-01 1.576733e-01 1.550996e-01 1.574632e-01 1.568977e-01 1.298719e-01 0.000000e+00 1.244999e-01 1.242613e-01 1.294518e-01
1.541628e-01 1.531801e-01 1.506066e-01 1.519297e-01 1.515753e-01 1.314156e-01 1.244999e-01 0.000000e+00 1.187694e-01 1.182356e-01
1.564141e-01 1.558452e-01 1.532718e-01 1.556352e-01 1.522849e-01 1.244891e-01 1.242613e-01 1.187694e-01 0.000000e+00 1.290804e-01
1.580956e-01 1.577965e-01 1.552228e-01 1.575864e-01 1.590592e-01 1.306408e-01 1.294518e-01 1.182356e-01 1.290804e-01 0.000000e+00
