0.000000e+00 2.320867e-01 2.281308e-01 2.312262e-01 2.335676e-01 2.173459e-01 2.111980e-01 2.065865e-01 2.113028e-01 2.138808e-01
2.320867e-01 0.000000e+00 2.279281e-01 2.304821e-01 2.313617e-01 2.145980e-01 2.126121e-01 2.072922e-01 2.128727e-01 2.152973e-01
2.281308e-01 2.279281e-01 0.000000e+00 2.227905e-01 2.294089e-01 2.131872e-01 2.091983e-01 2.038785e-01 2.095673e-01 2.118833e-01
2.312262e-01 2.304821e-01 2.227905e-01 0.000000e+00 2.319630e-01 2.157413e-01 2.117522e-01 2.048081e-01 2.121210e-01 2.144372e-01
2.335676e-01 2.313617e-01 2.294089e-01 2.319630e-01 0.000000e+00 2.139023e-01 2.108687e-01 2.046853e-01 2.072480e-01 2.167780e-01
2.173459e-01 2.145980e-01 2.131872e-01 2.157413e-01 2.139023e-01 0.000000e+00 1.688987e-01 1.716936e-01 1.638798e-01 1.714747e-01
2.111980e-01 2.126121e-01 2.091983e-01 2.117522e-01 2.108687e-01 1.688987e-01 0.000000e+00 1.612169e-01 1.619829e-01 1.685936e-01
2.065865e-01 2.072922e-01 2.038785e-01 2.048081e-01 2.046853e-01 1.716936e-01 1.612169e-01 0.000000e+00 1.551293e-01 1.539989e-01
2.113028e-01 2.128727e-01 2.095673e-01 2.121210e-01 2.072480e-01 1.638798e-01 1.619829e-01 1.551293e-01 0.000000e+00 1.694402e-01
2.138808e-01 2.152973e-01 2.118833e-01 2.144372e-01 2.167780e-01 1.714747e-01 1.685936e-01 1.539989e-01 1.694402e-01 0.000000e+00
