0.000000e+00 1.417471e-01 1.395385e-01 1.412632e-01 1.424396e-01 1.315352e-01 1.273819e-01 1.249816e-01 1.284661e-01 1.297617e-01
1.417471e-01 0.000000e+00 1.399268e-01 1.411578e-01 1.413466e-01 1.301820e-01 1.285594e-01 1.258188e-01 1.297180e-01 1.309405e-01
1.395385e-01 1.399268e-01 0.000000e+00 1.363763e-01 1.406193e-01 1.297149e-01 1.268710e-01 1.241305e-01 1.283414e-01 1.292520e-01
1.412632e-01 1.411578e-01 1.363763e-01 0.000000e+00 1.418503e-01 1.309459e-01 1.281019e-01 1.243218e-01 1.295723e-01 1.304829e-01
1.424396e-01 1.413466e-01 1.406193e-01 1.418503e-01 0.000000e+00 1.295552e-01 1.271626e-01 1.240077e-01 1.261450e-01 1.316329e-01
1.315352e-01 1.301820e-01 1.297149e-01 1.309459e-01 1.295552e-01 0.000000e+00 1.000773e-01 1.019569e-01 9.840822e-02 1.023358e-01
1.273819e-01 1.285594e-01 1.268710e-01 1.281019e-01 1.271626e-01 1.000773e-01 0.000000e+00 9.536669e-02 9.693892e-02 1.001888e-01
1.249816e-01 1.258188e-01 1.241305e-01 1.243218e-01 1.240077e-01 1.019569e-01 9.536669e-02 0.000000e+00 9.287983e-02 9.205978e-02
1.284661e-01 1.297180e-01 1.283414e-01 1.295723e-01 1.261450e-01 9.840822e-02 9.693892e-02 9.287983e-02 0.000000e+00 1.017091e-01
1.297617e-01 1.309405e-01 1.292520e-01 1.304829e-01 1.316329e-01 1.023358e-01 1.001888e-01 9.205978e-02 1.017091e-01 0.000000e+00
