0.000000e+00 1.444684e-01 1.422044e-01 1.439713e-01 1.451863e-01 1.340263e-01 1.297629e-01 1.273210e-01 1.308629e-01 1.321903e-01
1.444684e-01 0.000000e+00 1.426185e-01 1.438716e-01 1.440588e-01 1.326280e-01 1.309934e-01 1.281976e-01 1.321712e-01 1.334220e-01
1.422044e-01 1.426185e-01 0.000000e+00 1.389299e-01 1.433363e-01 1.321764e-01 1.292707e-01 1.264750e-01 1.307731e-01 1.316991e-01
1.439713e-01 1.438716e-01 1.389299e-01 0.000000e+00 1.445894e-01 1.334295e-01 1.305237e-01 1.266461e-01 1.320260e-01 1.329522e-01
1.451863e-01 1.440588e-01 1.433363e-01 1.445894e-01 0.000000e+00 1.319792e-01 1.295453e-01 1.263182e-01 1.284901e-01 1.341396e-01
1.340263e-01 1.326280e-01 1.321764e-01 1.334295e-01 1.319792e-01 0.000000e+00 1.015721e-01 1.035854e-01 9.981317e-02 1.038779e-01
1.297629e-01 1.309934e-01 1.292707e-01 1.305237e-01 1.295453e-01 1.015721e-01 0.000000e+00 9.679525e-02 9.834605e-02 1.017056e-01
1.273210e-01 1.281976e-01 1.264750e-01 1.266461e-01 1.263182e-01 1.035854e-01 9.679525e-02 0.000000e+00 9.418049e-02 9.330331e-02
1.308629e-01 1.321712e-01 1.307731e-01 1.320260e-01 1.284901e-01 9.981317e-02 9.834605e-02 9.418049e-02 0.000000e+00 1.032605e-01
1.321903e-01 1.334220e-01 1.316991e-01 1.329522e-01 1.341396e-01 1.038779e-01 1.017056e-01 9.330331e-02 1.032605e-01 0.000000e+00
