0.000000e+00 6.680460e-02 6.571762e-02 6.951113e-02 7.077307e-02 6.928210e-02 6.771121e-02 6.822449e-02 6.806031e-02 6.749955e-02
6.680460e-02 0.000000e+00 6.446028e-02 6.831138e-02 6.958064e-02 6.751229e-02 6.719648e-02 6.702524e-02 6.686473e-02 6.698778e-02
6.571762e-02 6.446028e-02 0.000000e+00 6.696436e-02 6.854798e-02 6.699773e-02 6.611024e-02 6.594844e-02 6.577953e-02 6.590281e-02
6.951113e-02 6.831138e-02 6.696436e-02 0.000000e+00 7.233999e-02 7.079343e-02 6.990412e-02 6.953224e-02 6.957112e-02 6.969505e-02
7.077307e-02 6.958064e-02 6.854798e-02 7.233999e-02 0.000000e+00 7.092228e-02 7.047415e-02 6.990206e-02 6.922184e-02 7.101820e-02
6.928210e-02 6.751229e-02 6.699773e-02 7.079343e-02 7.092228e-02 0.000000e+00 6.268453e-02 6.581215e-02 6.099073e-02 6.399338e-02
6.771121e-02 6.719648e-02 6.611024e-02 6.990412e-02 7.047415e-02 6.268453e-02 0.000000e+00 6.221420e-02 6.139450e-02 6.264235e-02
6.822449e-02 6.702524e-02 6.594844e-02 6.953224e-02 6.990206e-02 6.581215e-02 6.221420e-02 0.000000e+00 6.024836e-02 5.998925e-02
6.806031e-02 6.686473e-02 6.577953e-02 6.957112e-02 6.922184e-02 6.099073e-02 6.139450e-02 6.024836e-02 0.000000e+00 6.454490e-02
6.749955e-02 6.698778e-02 6.590281e-02 6.969505e-02 7.101820e-02 6.399338e-02 6.264235e-02 5.998925e-02 6.454490e-02 0.000000e+00
