0.00000000e+00 1.21598952e+06 1.14864373e+06 1.19215281e+06 1.09285805e+06 1.04945059e+06 1.07172321e+06 1.03769760e+06 1.08032221e+06 1.17674892e+06 1.08426415e+06 1.08893812e+06 1.21385470e+06 1.84423891e+06 1.72147766e+06 1.04249548e+06 1.68662252e+06 1.23724601e+06 1.09891365e+06 1.87348958e+06 2.19271765e+06 2.32738297e+06 1.89283059e+06 1.59795290e+06 1.80302584e+06 1.81530377e+06 1.82327618e+06 1.79515592e+06 2.23050329e+06
1.21598952e+06 0.00000000e+00 3.89297402e+05 6.99540811e+05 4.82690951e+05 3.86534314e+05 5.27469112e+05 3.94293530e+05 2.81287016e+05 1.19723351e+05 4.00766038e+05 4.41814589e+05 1.87860600e+05 1.13924192e+06 1.39290330e+06 5.06581573e+05 1.34157812e+06 2.08018789e+05 4.58933661e+05 1.39965014e+06 1.67591021e+06 1.80059654e+06 1.57436341e+06 1.25970232e+06 1.21650915e+06 1.34646320e+06 1.32288520e+06 1.35060955e+06 1.70323695e+06
1.14864373e+06 3.89297402e+05 0.00000000e+00 5.27655594e+05 4.04762361e+05 2.74292501e+05 4.45373940e+05 2.75368723e+05 3.00514537e+05 3.30016719e+05 3.17058802e+05 3.20910343e+05 3.68708793e+05 1.25818770e+06 1.20059410e+06 4.15262043e+05 1.15718635e+06 4.11823151e+05 3.37794833e+05 1.42554583e+06 1.69868150e+06 1.78469480e+06 1.49858059e+06 1.20040439e+06 1.30512210e+06 1.37146033e+06 1.41057058e+06 1.33011310e+06 1.72614555e+06
1.19215281e+06 6.99540811e+05 5.27655594e+05 0.00000000e+00 3.94096877e+05 4.23489539e+05 3.13579741e+05 3.90000289e+05 4.73856901e+05 6.73715810e+05 4.34534805e+05 4.70823262e+05 7.19968362e+05 9.84676597e+05 7.69762001e+05 2.95827172e+05 6.72354275e+05 7.23780436e+05 4.93343392e+05 1.40071757e+06 1.64562058e+06 1.78226472e+06 1.40334925e+06 1.22647940e+06 1.52247978e+06 1.35140691e+06 1.52636482e+06 1.41766617e+06 1.67379944e+06
1.09285805e+06 4.82690951e+05 4.04762361e+05 3.94096877e+05 0.00000000e+00 2.13501077e+05 2.03859586e+05 1.85464291e+05 2.78875133e+05 4.73259529e+05 2.07819455e+05 2.53486104e+05 5.11823025e+05 1.31511461e+06 1.10050166e+06 1.84222416e+05 1.03297955e+06 5.07662270e+05 2.77093533e+05 1.39595601e+06 1.69348813e+06 1.81108377e+06 1.46037004e+06 1.20986248e+06 1.38021219e+06 1.38291087e+06 1.43600659e+06 1.37271713e+06 1.72401890e+06
1.04945059e+06 3.86534314e+05 2.74292501e+05 4.23489539e+05 2.13501077e+05 0.00000000e+00 2.41876376e+05 8.63832780e+04 1.73879859e+05 2.84404378e+05 1.27644701e+05 1.21921311e+05 3.66062233e+05 1.33948767e+06 1.09776240e+06 2.35716548e+05 1.06509921e+06 4.10003380e+05 1.54659807e+05 1.32205944e+06 1.59178510e+06 1.73381404e+06 1.40764464e+06 1.19372849e+06 1.27844294e+06 1.30785480e+06 1.38487416e+06 1.27037608e+06 1.62227719e+06
1.07172321e+06 5.27469112e+05 4.45373940e+05 3.13579741e+05 2.03859586e+05 2.41876376e+05 0.00000000e+00 2.13472787e+05 3.06108513e+05 5.01347802e+05 2.57420462e+05 2.93298682e+05 5.48016684e+05 1.24111619e+06 1.02957754e+06 1.18544035e+05 9.53298611e+05 5.43027270e+05 3.17822195e+05 1.40452538e+06 1.69044305e+06 1.83283143e+06 1.41660238e+06 1.18758320e+06 1.40054835e+06 1.33603162e+06 1.40666757e+06 1.37472074e+06 1.72126041e+06
1.03769760e+06 3.94293530e+05 2.75368723e+05 3.90000289e+05 1.85464291e+05 8.63832780e+04 2.13472787e+05 0.00000000e+00 1.59762672e+05 3.18805183e+05 5.10153195e+04 1.38539543e+05 3.69478758e+05 1.31250994e+06 1.07170599e+06 1.91955004e+05 1.03230225e+06 4.02225492e+05 1.47424870e+05 1.30198510e+06 1.59942593e+06 1.70264791e+06 1.38704591e+06 1.16276716e+06 1.27588218e+06 1.31586700e+06 1.37604788e+06 1.27467810e+06 1.62764377e+06
1.08032221e+06 2.81287016e+05 3.00514537e+05 4.73856901e+05 2.78875133e+05 1.73879859e+05 3.06108513e+05 1.59762672e+05 0.00000000e+00 2.15700283e+05 2.01097615e+05 2.52377730e+05 3.04565769e+05 1.22823896e+06 1.17689722e+06 2.86506811e+05 1.11589988e+06 3.24005217e+05 2.68946461e+05 1.29310942e+06 1.59415342e+06 1.75185429e+06 1.45651330e+06 1.21082675e+06 1.24831773e+06 1.38397458e+06 1.35584452e+06 1.26844342e+06 1.62081098e+06
1.17674892e+06 1.19723351e+05 3.30016719e+05 6.73715810e+05 4.73259529e+05 2.84404378e+05 5.01347802e+05 3.18805183e+05 2.15700283e+05 0.00000000e+00 3.60397080e+05 3.67397930e+05 1.15558072e+05 1.11806542e+06 1.33058896e+06 4.82784502e+05 1.31549079e+06 1.74033594e+05 3.83785643e+05 1.35493595e+06 1.63010534e+06 1.75813195e+06 1.53293602e+06 1.21931961e+06 1.16946883e+06 1.30724046e+06 1.28283161e+06 1.30298779e+06 1.65795725e+06
1.08426415e+06 4.00766038e+05 3.17058802e+05 4.34534805e+05 2.07819455e+05 1.27644701e+05 2.57420462e+05 5.10153195e+04 2.01097615e+05 3.60397080e+05 0.00000000e+00 1.80437103e+05 4.11520170e+05 1.35966896e+06 1.11867856e+06 2.35685246e+05 1.08014920e+06 4.44196585e+05 1.88983763e+05 1.34817002e+06 1.64843847e+06 1.74928112e+06 1.43676899e+06 1.21035196e+06 1.30395880e+06 1.36375483e+06 1.42441961e+06 1.32339254e+06 1.67699340e+06
1.08893812e+06 4.41814589e+05 3.20910343e+05 4.70823262e+05 2.53486104e+05 1.21921311e+05 2.93298682e+05 1.38539543e+05 2.52377730e+05 3.67397930e+05 1.80437103e+05 0.00000000e+00 3.34216626e+05 1.38077577e+06 1.13036163e+06 2.71307000e+05 1.10586813e+06 4.52858115e+05 1.92038811e+05 1.35491248e+06 1.62936638e+06 1.77046244e+06 1.44341566e+06 1.23072074e+06 1.31930381e+06 1.34928794e+06 1.42417597e+06 1.30949719e+06 1.65903005e+06
1.21385470e+06 1.87860600e+05 3.68708793e+05 7.19968362e+05 5.11823025e+05 3.66062233e+05 5.48016684e+05 3.69478758e+05 3.04565769e+05 1.15558072e+05 4.11520170e+05 3.34216626e+05 0.00000000e+00 1.15740893e+06 1.36835313e+06 5.19641512e+05 1.35438852e+06 2.16866575e+05 4.22847379e+05 1.39240775e+06 1.66764717e+06 1.79758435e+06 1.57264914e+06 1.25925454e+06 1.21069042e+06 1.34575311e+06 1.32137529e+06 1.34297095e+06 1.69550744e+06
1.84423891e+06 1.13924192e+06 1.25818770e+06 9.84676597e+05 1.31511461e+06 1.33948767e+06 1.24111619e+06 1.31250994e+06 1.22823896e+06 1.11806542e+06 1.35966896e+06 1.38077577e+06 1.15740893e+06 0.00000000e+00 3.78934767e+05 1.22056223e+06 3.85399127e+05 1.15122593e+06 1.39517697e+06 1.52426390e+06 1.54952500e+06 1.65533096e+06 2.03618458e+06 1.80547721e+06 1.98111247e+06 1.64808359e+06 1.61269152e+06 2.01296843e+06 1.57989199e+06
1.72147766e+06 1.39290330e+06 1.20059410e+06 7.69762001e+05 1.10050166e+06 1.09776240e+06 1.02957754e+06 1.07170599e+06 1.17689722e+06 1.33058896e+06 1.11867856e+06 1.13036163e+06 1.36835313e+06 3.78934767e+05 0.00000000e+00 1.00465653e+06 1.73611538e+05 1.41017036e+06 1.11959709e+06 1.48702512e+06 1.51064032e+06 1.63781620e+06 1.92195654e+06 1.78601662e+06 2.08673392e+06 1.66235981e+06 1.71808273e+06 1.97845937e+06 1.54293960e+06
1.04249548e+06 5.06581573e+05 4.15262043e+05 2.95827172e+05 1.84222416e+05 2.35716548e+05 1.18544035e+05 1.91955004e+05 2.86506811e+05 4.82784502e+05 2.35685246e+05 2.71307000e+05 5.19641512e+05 1.22056223e+06 1.00465653e+06 0.00000000e+00 9.35224184e+05 5.16429885e+05 2.86719634e+05 1.38147811e+06 1.66648284e+06 1.80683873e+06 1.39089151e+06 1.16026489e+06 1.37411478e+06 1.31136062e+06 1.38254186e+06 1.34732248e+06 1.69715311e+06
1.68662252e+06 1.34157812e+06 1.15718635e+06 6.72354275e+05 1.03297955e+06 1.06509921e+06 9.53298611e+05 1.03230225e+06 1.11589988e+06 1.31549079e+06 1.08014920e+06 1.10586813e+06 1.35438852e+06 3.85399127e+05 1.73611538e+05 9.35224184e+05 0.00000000e+00 1.35797268e+06 1.12466233e+06 1.44567721e+06 1.46285374e+06 1.58303939e+06 1.87730883e+06 1.74285667e+06 2.05367710e+06 1.61775552e+06 1.67778773e+06 1.94279121e+06 1.49617568e+06
1.23724601e+06 2.08018789e+05 4.11823151e+05 7.23780436e+05 5.07662270e+05 4.10003380e+05 5.43027270e+05 4.02225492e+05 3.24005217e+05 1.74033594e+05 4.44196585e+05 4.52858115e+05 2.16866575e+05 1.15122593e+06 1.41017036e+06 5.16429885e+05 1.35797268e+06 0.00000000e+00 4.26896484e+05 1.41634137e+06 1.69234639e+06 1.82216697e+06 1.59687652e+06 1.28381595e+06 1.23825244e+06 1.37091217e+06 1.34696214e+06 1.36847344e+06 1.72046309e+06
1.09891365e+06 4.58933661e+05 3.37794833e+05 4.93343392e+05 2.77093533e+05 1.54659807e+05 3.17822195e+05 1.47424870e+05 2.68946461e+05 3.83785643e+05 1.88983763e+05 1.92038811e+05 4.22847379e+05 1.39517697e+06 1.11959709e+06 2.86719634e+05 1.12466233e+06 4.26896484e+05 0.00000000e+00 1.36858249e+06 1.64189809e+06 1.78528179e+06 1.46372759e+06 1.24584560e+06 1.33161002e+06 1.36730387e+06 1.43480419e+06 1.32044269e+06 1.67149344e+06
1.87348958e+06 1.39965014e+06 1.42554583e+06 1.40071757e+06 1.39595601e+06 1.32205944e+06 1.40452538e+06 1.30198510e+06 1.29310942e+06 1.35493595e+06 1.34817002e+06 1.35491248e+06 1.39240775e+06 1.52426390e+06 1.48702512e+06 1.38147811e+06 1.44567721e+06 1.41634137e+06 1.36858249e+06 0.00000000e+00 1.61302494e+06 1.99956855e+06 2.11440351e+06 1.78265582e+06 1.99370471e+06 1.95724208e+06 1.95722935e+06 1.95822315e+06 1.62938894e+06
2.19271765e+06 1.67591021e+06 1.69868150e+06 1.64562058e+06 1.69348813e+06 1.59178510e+06 1.69044305e+06 1.59942593e+06 1.59415342e+06 1.63010534e+06 1.64843847e+06 1.62936638e+06 1.66764717e+06 1.54952500e+06 1.51064032e+06 1.66648284e+06 1.46285374e+06 1.69234639e+06 1.64189809e+06 1.61302494e+06 0.00000000e+00 2.00615160e+06 2.45667619e+06 2.42224853e+06 2.31551429e+06 2.04108197e+06 2.12285864e+06 2.26348406e+06 1.46126304e+06
2.32738297e+06 1.80059654e+06 1.78469480e+06 1.78226472e+06 1.81108377e+06 1.73381404e+06 1.83283143e+06 1.70264791e+06 1.75185429e+06 1.75813195e+06 1.74928112e+06 1.77046244e+06 1.79758435e+06 1.65533096e+06 1.63781620e+06 1.80683873e+06 1.58303939e+06 1.82216697e+06 1.78528179e+06 1.99956855e+06 2.00615160e+06 0.00000000e+00 2.61337558e+06 2.34174143e+06 2.50331276e+06 2.19230647e+06 2.21255119e+06 2.64841804e+06 2.04392401e+06
1.89283059e+06 1.57436341e+06 1.49858059e+06 1.40334925e+06 1.46037004e+06 1.40764464e+06 1.41660238e+06 1.38704591e+06 1.45651330e+06 1.53293602e+06 1.43676899e+06 1.44341566e+06 1.57264914e+06 2.03618458e+06 1.92195654e+06 1.39089151e+06 1.87730883e+06 1.59687652e+06 1.46372759e+06 2.11440351e+06 2.45667619e+06 2.61337558e+06 0.00000000e+00 1.78784537e+06 2.13308106e+06 1.88263410e+06 2.24901166e+06 2.08499238e+06 2.45542933e+06
1.59795290e+06 1.25970232e+06 1.20040439e+06 1.22647940e+06 1.20986248e+06 1.19372849e+06 1.18758320e+06 1.16276716e+06 1.21082675e+06 1.21931961e+06 1.21035196e+06 1.23072074e+06 1.25925454e+06 1.80547721e+06 1.78601662e+06 1.16026489e+06 1.74285667e+06 1.28381595e+06 1.24584560e+06 1.78265582e+06 2.42224853e+06 2.34174143e+06 1.78784537e+06 0.00000000e+00 1.76542246e+06 1.72327500e+06 1.87584373e+06 1.89724391e+06 2.45277208e+06
1.80302584e+06 1.21650915e+06 1.30512210e+06 1.52247978e+06 1.38021219e+06 1.27844294e+06 1.40054835e+06 1.27588218e+06 1.24831773e+06 1.16946883e+06 1.30395880e+06 1.31930381e+06 1.21069042e+06 1.98111247e+06 2.08673392e+06 1.37411478e+06 2.05367710e+06 1.23825244e+06 1.33161002e+06 1.99370471e+06 2.31551429e+06 2.50331276e+06 2.13308106e+06 1.76542246e+06 0.00000000e+00 1.87680266e+06 1.94901663e+06 1.94590954e+06 2.35483554e+06
1.81530377e+06 1.34646320e+06 1.37146033e+06 1.35140691e+06 1.38291087e+06 1.30785480e+06 1.33603162e+06 1.31586700e+06 1.38397458e+06 1.30724046e+06 1.36375483e+06 1.34928794e+06 1.34575311e+06 1.64808359e+06 1.66235981e+06 1.31136062e+06 1.61775552e+06 1.37091217e+06 1.36730387e+06 1.95724208e+06 2.04108197e+06 2.19230647e+06 1.88263410e+06 1.72327500e+06 1.87680266e+06 0.00000000e+00 1.90091696e+06 2.01769456e+06 2.06561055e+06
1.82327618e+06 1.32288520e+06 1.41057058e+06 1.52636482e+06 1.43600659e+06 1.38487416e+06 1.40666757e+06 1.37604788e+06 1.35584452e+06 1.28283161e+06 1.42441961e+06 1.42417597e+06 1.32137529e+06 1.61269152e+06 1.71808273e+06 1.38254186e+06 1.67778773e+06 1.34696214e+06 1.43480419e+06 1.95722935e+06 2.12285864e+06 2.21255119e+06 2.24901166e+06 1.87584373e+06 1.94901663e+06 1.90091696e+06 0.00000000e+00 2.11274977e+06 2.15172936e+06
1.79515592e+06 1.35060955e+06 1.33011310e+06 1.41766617e+06 1.37271713e+06 1.27037608e+06 1.37472074e+06 1.27467810e+06 1.26844342e+06 1.30298779e+06 1.32339254e+06 1.30949719e+06 1.34297095e+06 2.01296843e+06 1.97845937e+06 1.34732248e+06 1.94279121e+06 1.36847344e+06 1.32044269e+06 1.95822315e+06 2.26348406e+06 2.64841804e+06 2.08499238e+06 1.89724391e+06 1.94590954e+06 2.01769456e+06 2.11274977e+06 0.00000000e+00 2.29019227e+06
2.23050329e+06 1.70323695e+06 1.72614555e+06 1.67379944e+06 1.72401890e+06 1.62227719e+06 1.72126041e+06 1.62764377e+06 1.62081098e+06 1.65795725e+06 1.67699340e+06 1.65903005e+06 1.69550744e+06 1.57989199e+06 1.54293960e+06 1.69715311e+06 1.49617568e+06 1.72046309e+06 1.67149344e+06 1.62938894e+06 1.46126304e+06 2.04392401e+06 2.45542933e+06 2.45277208e+06 2.35483554e+06 2.06561055e+06 2.15172936e+06 2.29019227e+06 0.00000000e+00
