0.00000000e+00 1.65242719e+07 1.56264856e+07 1.61552737e+07 1.48060359e+07 1.42581228e+07 1.45051718e+07 1.41003582e+07 1.46372097e+07 1.59749488e+07 1.46750908e+07 1.47910463e+07 1.64702309e+07 2.49432130e+07 2.33028240e+07 1.41533169e+07 2.27584966e+07 1.67809506e+07 1.49404103e+07 2.56027725e+07 2.91166849e+07 3.05161280e+07 2.47539307e+07 2.14311733e+07 2.36876391e+07 2.45144035e+07 2.45109135e+07 2.35897673e+07 2.96290499e+07
1.65242719e+07 0.00000000e+00 5.19589192e+06 9.30131030e+06 6.40934047e+06 5.14477092e+06 6.98617939e+06 5.24822163e+06 3.72101094e+06 1.58897468e+06 5.31048460e+06 5.88340469e+06 2.49779059e+06 1.51775007e+07 1.85790746e+07 6.74094904e+06 1.78188450e+07 2.76401747e+06 6.11975893e+06 1.89146244e+07 2.18727564e+07 2.31854883e+07 2.01975316e+07 1.66325654e+07 1.56140183e+07 1.79330260e+07 1.75062981e+07 1.73879929e+07 2.22525130e+07
1.56264856e+07 5.19589192e+06 0.00000000e+00 7.02131665e+06 5.37678768e+06 3.65137202e+06 5.90334166e+06 3.66594023e+06 3.98366563e+06 4.39502614e+06 4.20160213e+06 4.27353661e+06 4.91080819e+06 1.67807917e+07 1.60263770e+07 5.53106808e+06 1.53834441e+07 5.48383904e+06 4.50494175e+06 1.92834178e+07 2.21827707e+07 2.29907848e+07 1.92146351e+07 1.58546361e+07 1.67843352e+07 1.82804537e+07 1.86960623e+07 1.71256840e+07 2.25703819e+07
1.61552737e+07 9.30131030e+06 7.02131665e+06 0.00000000e+00 5.21097375e+06 5.62091499e+06 4.14961630e+06 5.17433307e+06 6.28180930e+06 8.95135960e+06 5.74241085e+06 6.24857798e+06 9.56323415e+06 1.30897902e+07 1.02395057e+07 3.92008222e+06 8.90999651e+06 9.61279970e+06 6.55810729e+06 1.88942457e+07 2.14203346e+07 2.28981955e+07 1.79294433e+07 1.61556808e+07 1.95972429e+07 1.79608353e+07 2.01941366e+07 1.82316010e+07 2.18232948e+07
1.48060359e+07 6.40934047e+06 5.37678768e+06 5.21097375e+06 0.00000000e+00 2.82345103e+06 2.67673117e+06 2.45154485e+06 3.67378110e+06 6.27257991e+06 2.73847579e+06 3.35510842e+06 6.78496421e+06 1.74581309e+07 1.46191334e+07 2.43443410e+06 1.36615204e+07 6.72829720e+06 3.67531092e+06 1.88022367e+07 2.20239991e+07 2.32348257e+07 1.86468710e+07 1.59183816e+07 1.77052128e+07 1.83551865e+07 1.89556695e+07 1.76202339e+07 2.24498144e+07
1.42581228e+07 5.14477092e+06 3.65137202e+06 5.62091499e+06 2.82345103e+06 0.00000000e+00 3.19220470e+06 1.14599937e+06 2.29960420e+06 3.78437881e+06 1.68574726e+06 1.61595607e+06 4.86610143e+06 1.78194817e+07 1.46115499e+07 3.12666521e+06 1.41168344e+07 5.44905388e+06 2.05518081e+06 1.78544029e+07 2.07228872e+07 2.22556274e+07 1.79792784e+07 1.57314003e+07 1.63972095e+07 1.73904238e+07 1.83121309e+07 1.63043480e+07 2.11443891e+07
1.45051718e+07 6.98617939e+06 5.90334166e+06 4.14961630e+06 2.67673117e+06 3.19220470e+06 0.00000000e+00 2.81360597e+06 4.04333035e+06 6.63761049e+06 3.38357582e+06 3.87181713e+06 7.25486434e+06 1.64711935e+07 1.36715473e+07 1.55498881e+06 1.26149468e+07 7.18775013e+06 4.20455291e+06 1.89135501e+07 2.19740082e+07 2.35121288e+07 1.80644407e+07 1.56109150e+07 1.79637489e+07 1.77218825e+07 1.85631031e+07 1.76332133e+07 2.24034729e+07
1.41003582e+07 5.24822163e+06 3.66594023e+06 5.17433307e+06 2.45154485e+06 1.14599937e+06 2.81360597e+06 0.00000000e+00 2.10906173e+06 4.24000490e+06 6.71314752e+05 1.83772254e+06 4.91159638e+06 1.74592827e+07 1.42642953e+07 2.54430947e+06 1.36783991e+07 5.34529188e+06 1.95929331e+06 1.75843336e+07 2.08168978e+07 2.18457468e+07 1.77082933e+07 1.53200886e+07 1.63603670e+07 1.74965483e+07 1.81935637e+07 1.63584917e+07 2.12131541e+07
1.46372097e+07 3.72101094e+06 3.98366563e+06 6.28180930e+06 3.67378110e+06 2.29960420e+06 4.04333035e+06 2.10906173e+06 0.00000000e+00 2.85568160e+06 2.64575269e+06 3.33578254e+06 4.03205068e+06 1.63012671e+07 1.56309365e+07 3.78921216e+06 1.47683831e+07 4.28930688e+06 3.56389295e+06 1.74280610e+07 2.07106079e+07 2.24578017e+07 1.85853007e+07 1.59252950e+07 1.59802976e+07 1.83650075e+07 1.78990144e+07 1.62524491e+07 2.10865282e+07
1.59749488e+07 1.58897468e+06 4.39502614e+06 8.95135960e+06 6.27257991e+06 3.78437881e+06 6.63761049e+06 4.24000490e+06 2.85568160e+06 0.00000000e+00 4.77146977e+06 4.88459275e+06 1.53346307e+06 1.48725520e+07 1.77192773e+07 6.41386588e+06 1.74481380e+07 2.31013917e+06 5.11088070e+06 1.82957517e+07 2.12382170e+07 2.25993826e+07 1.96282091e+07 1.60766245e+07 1.49800370e+07 1.73861889e+07 1.69522570e+07 1.67433993e+07 2.16247889e+07
1.46750908e+07 5.31048460e+06 4.20160213e+06 5.74241085e+06 2.73847579e+06 1.68574726e+06 3.38357582e+06 6.71314752e+05 2.64575269e+06 4.77146977e+06 0.00000000e+00 2.38362334e+06 5.44750512e+06 1.80216065e+07 1.48368388e+07 3.11105301e+06 1.42644076e+07 5.87929813e+06 2.50051551e+06 1.81411923e+07 2.14027716e+07 2.23996386e+07 1.83164989e+07 1.59047147e+07 1.66884617e+07 1.80768627e+07 1.87781537e+07 1.69567136e+07 2.18024042e+07
1.47910463e+07 5.88340469e+06 4.27353661e+06 6.24857798e+06 3.35510842e+06 1.61595607e+06 3.87181713e+06 1.83772254e+06 3.33578254e+06 4.88459275e+06 2.38362334e+06 0.00000000e+00 4.44493832e+06 1.83737311e+07 1.50499832e+07 3.59989348e+06 1.46589241e+07 6.02045018e+06 2.55323664e+06 1.82977438e+07 2.12263857e+07 2.27438099e+07 1.84563118e+07 1.62259786e+07 1.69383658e+07 1.79471867e+07 1.88379548e+07 1.68246147e+07 2.16372774e+07
1.64702309e+07 2.49779059e+06 4.91080819e+06 9.56323415e+06 6.78496421e+06 4.86610143e+06 7.25486434e+06 4.91159638e+06 4.03205068e+06 1.53346307e+06 5.44750512e+06 4.44493832e+06 0.00000000e+00 1.53953093e+07 1.82203345e+07 6.90420409e+06 1.79621256e+07 2.88150534e+06 5.63180878e+06 1.87950334e+07 2.17349046e+07 2.31188050e+07 2.01517928e+07 1.66062827e+07 1.55237582e+07 1.78978466e+07 1.74641051e+07 1.72712486e+07 2.21214755e+07
2.49432130e+07 1.51775007e+07 1.67807917e+07 1.30897902e+07 1.74581309e+07 1.78194817e+07 1.64711935e+07 1.74592827e+07 1.63012671e+07 1.48725520e+07 1.80216065e+07 1.83737311e+07 1.53953093e+07 0.00000000e+00 5.04876525e+06 1.62337127e+07 5.11207221e+06 1.53108388e+07 1.85902218e+07 2.05351696e+07 2.02181004e+07 2.13555794e+07 2.62865667e+07 2.38659872e+07 2.56844947e+07 2.19429193e+07 2.13620380e+07 2.60969563e+07 2.06617793e+07
2.33028240e+07 1.85790746e+07 1.60263770e+07 1.02395057e+07 1.46191334e+07 1.46115499e+07 1.36715473e+07 1.42642953e+07 1.56309365e+07 1.77192773e+07 1.48368388e+07 1.50499832e+07 1.82203345e+07 5.04876525e+06 0.00000000e+00 1.33709021e+07 2.29733511e+06 1.87754269e+07 1.49240779e+07 2.00529989e+07 1.97131193e+07 2.11180085e+07 2.47970016e+07 2.36195981e+07 2.70763726e+07 2.21468749e+07 2.27798325e+07 2.56505959e+07 2.01829455e+07
1.41533169e+07 6.74094904e+06 5.53106808e+06 3.92008222e+06 2.43443410e+06 3.12666521e+06 1.55498881e+06 2.54430947e+06 3.78921216e+06 6.41386588e+06 3.11105301e+06 3.59989348e+06 6.90420409e+06 1.62337127e+07 1.33709021e+07 0.00000000e+00 1.23933431e+07 6.86005721e+06 3.81275328e+06 1.86424551e+07 2.16998537e+07 2.32096870e+07 1.77608524e+07 1.52841166e+07 1.76487270e+07 1.74319680e+07 1.82765505e+07 1.73073886e+07 2.21277393e+07
2.27584966e+07 1.78188450e+07 1.53834441e+07 8.90999651e+06 1.36615204e+07 1.41168344e+07 1.26149468e+07 1.36783991e+07 1.47683831e+07 1.74481380e+07 1.42644076e+07 1.46589241e+07 1.79621256e+07 5.11207221e+06 2.29733511e+06 1.23933431e+07 0.00000000e+00 1.80088952e+07 1.49284608e+07 1.94350520e+07 1.90260801e+07 2.03490829e+07 2.41366772e+07 2.29725896e+07 2.65607431e+07 2.14834965e+07 2.21821325e+07 2.51009308e+07 1.95080272e+07
1.67809506e+07 2.76401747e+06 5.48383904e+06 9.61279970e+06 6.72829720e+06 5.44905388e+06 7.18775013e+06 5.34529188e+06 4.28930688e+06 2.31013917e+06 5.87929813e+06 6.02045018e+06 2.88150534e+06 1.53108388e+07 1.87754269e+07 6.86005721e+06 1.80088952e+07 0.00000000e+00 5.68443228e+06 1.91126908e+07 2.20600768e+07 2.34415430e+07 2.04692016e+07 1.69302195e+07 1.58858194e+07 1.82306834e+07 1.78037847e+07 1.76056926e+07 2.24499518e+07
1.49404103e+07 6.11975893e+06 4.50494175e+06 6.55810729e+06 3.67531092e+06 2.05518081e+06 4.20455291e+06 1.95929331e+06 3.56389295e+06 5.11088070e+06 2.50051551e+06 2.55323664e+06 5.63180878e+06 1.85902218e+07 1.49240779e+07 3.81275328e+06 1.49284608e+07 5.68443228e+06 0.00000000e+00 1.85018858e+07 2.14145149e+07 2.29634365e+07 1.87400588e+07 1.64458747e+07 1.71197584e+07 1.82060864e+07 1.90026430e+07 1.69873738e+07 2.18244612e+07
2.56027725e+07 1.89146244e+07 1.92834178e+07 1.88942457e+07 1.88022367e+07 1.78544029e+07 1.89135501e+07 1.75843336e+07 1.74280610e+07 1.82957517e+07 1.81411923e+07 1.82977438e+07 1.87950334e+07 2.05351696e+07 2.00529989e+07 1.86424551e+07 1.94350520e+07 1.91126908e+07 1.85018858e+07 0.00000000e+00 2.12896588e+07 2.61102446e+07 2.76161436e+07 2.38445652e+07 2.61522971e+07 2.63466480e+07 2.62470970e+07 2.56769295e+07 2.15403937e+07
2.91166849e+07 2.18727564e+07 2.21827707e+07 2.14203346e+07 2.20239991e+07 2.07228872e+07 2.19740082e+07 2.08168978e+07 2.07106079e+07 2.12382170e+07 2.14027716e+07 2.12263857e+07 2.17349046e+07 2.02181004e+07 1.97131193e+07 2.16998537e+07 1.90260801e+07 2.20600768e+07 2.14145149e+07 2.12896588e+07 0.00000000e+00 2.55994541e+07 3.13609379e+07 3.15574857e+07 2.96632741e+07 2.67238495e+07 2.77207450e+07 2.89837079e+07 1.88137306e+07
3.05161280e+07 2.31854883e+07 2.29907848e+07 2.28981955e+07 2.32348257e+07 2.22556274e+07 2.35121288e+07 2.18457468e+07 2.24578017e+07 2.25993826e+07 2.23996386e+07 2.27438099e+07 2.31188050e+07 2.13555794e+07 2.11180085e+07 2.32096870e+07 2.03490829e+07 2.34415430e+07 2.29634365e+07 2.61102446e+07 2.55994541e+07 0.00000000e+00 3.30351653e+07 3.01511251e+07 3.17533256e+07 2.83891084e+07 2.85647651e+07 3.36461032e+07 2.61149098e+07
2.47539307e+07 2.01975316e+07 1.92146351e+07 1.79294433e+07 1.86468710e+07 1.79792784e+07 1.80644407e+07 1.77082933e+07 1.85853007e+07 1.96282091e+07 1.83164989e+07 1.84563118e+07 2.01517928e+07 2.62865667e+07 2.47970016e+07 1.77608524e+07 2.41366772e+07 2.04692016e+07 1.87400588e+07 2.76161436e+07 3.13609379e+07 3.30351653e+07 0.00000000e+00 2.29308959e+07 2.69895797e+07 2.43185205e+07 2.90403145e+07 2.63409530e+07 3.14230890e+07
2.14311733e+07 1.66325654e+07 1.58546361e+07 1.61556808e+07 1.59183816e+07 1.57314003e+07 1.56109150e+07 1.53200886e+07 1.59252950e+07 1.60766245e+07 1.59047147e+07 1.62259786e+07 1.66062827e+07 2.38659872e+07 2.36195981e+07 1.52841166e+07 2.29725896e+07 1.69302195e+07 1.64458747e+07 2.38445652e+07 3.15574857e+07 3.01511251e+07 2.29308959e+07 0.00000000e+00 2.27450897e+07 2.27811697e+07 2.47172960e+07 2.44638484e+07 3.19708637e+07
2.36876391e+07 1.56140183e+07 1.67843352e+07 1.95972429e+07 1.77052128e+07 1.63972095e+07 1.79637489e+07 1.63603670e+07 1.59802976e+07 1.49800370e+07 1.66884617e+07 1.69383658e+07 1.55237582e+07 2.56844947e+07 2.70763726e+07 1.76487270e+07 2.65607431e+07 1.58858194e+07 1.71197584e+07 2.61522971e+07 2.96632741e+07 3.17533256e+07 2.69895797e+07 2.27450897e+07 0.00000000e+00 2.43348477e+07 2.52220738e+07 2.46509427e+07 3.01819311e+07
2.45144035e+07 1.79330260e+07 1.82804537e+07 1.79608353e+07 1.83551865e+07 1.73904238e+07 1.77218825e+07 1.74965483e+07 1.83650075e+07 1.73861889e+07 1.80768627e+07 1.79471867e+07 1.78978466e+07 2.19429193e+07 2.21468749e+07 1.74319680e+07 2.14834965e+07 1.82306834e+07 1.82060864e+07 2.63466480e+07 2.67238495e+07 2.83891084e+07 2.43185205e+07 2.27811697e+07 2.43348477e+07 0.00000000e+00 2.51941351e+07 2.61884764e+07 2.70696631e+07
2.45109135e+07 1.75062981e+07 1.86960623e+07 2.01941366e+07 1.89556695e+07 1.83121309e+07 1.85631031e+07 1.81935637e+07 1.78990144e+07 1.69522570e+07 1.87781537e+07 1.88379548e+07 1.74641051e+07 2.13620380e+07 2.27798325e+07 1.82765505e+07 2.21821325e+07 1.78037847e+07 1.90026430e+07 2.62470970e+07 2.77207450e+07 2.85647651e+07 2.90403145e+07 2.47172960e+07 2.52220738e+07 2.51941351e+07 0.00000000e+00 2.73390099e+07 2.81144105e+07
2.35897673e+07 1.73879929e+07 1.71256840e+07 1.82316010e+07 1.76202339e+07 1.63043480e+07 1.76332133e+07 1.63584917e+07 1.62524491e+07 1.67433993e+07 1.69567136e+07 1.68246147e+07 1.72712486e+07 2.60969563e+07 2.56505959e+07 1.73073886e+07 2.51009308e+07 1.76056926e+07 1.69873738e+07 2.56769295e+07 2.89837079e+07 3.36461032e+07 2.63409530e+07 2.44638484e+07 2.46509427e+07 2.61884764e+07 2.73390099e+07 0.00000000e+00 2.93539987e+07
2.96290499e+07 2.22525130e+07 2.25703819e+07 2.18232948e+07 2.24498144e+07 2.11443891e+07 2.24034729e+07 2.12131541e+07 2.10865282e+07 2.16247889e+07 2.18024042e+07 2.16372774e+07 2.21214755e+07 2.06617793e+07 2.01829455e+07 2.21277393e+07 1.95080272e+07 2.24499518e+07 2.18244612e+07 2.15403937e+07 1.88137306e+07 2.61149098e+07 3.14230890e+07 3.19708637e+07 3.01819311e+07 2.70696631e+07 2.81144105e+07 2.93539987e+07 0.00000000e+00
