0.00000000e+00 3.72332867e+03 3.44935952e+03 3.64574969e+03 3.19294261e+03 3.13672153e+03 3.13111642e+03 3.11022321e+03 3.25360547e+03 3.64212397e+03 3.20742390e+03 3.22879435e+03 3.71824561e+03 5.92884032e+03 5.43802680e+03 3.05226365e+03 5.35685491e+03 3.76918457e+03 3.24650465e+03 5.59085154e+03 6.39719105e+03 6.58791647e+03 4.96751667e+03 4.30704841e+03 4.81528636e+03 5.19815167e+03 5.17065659e+03 4.77065009e+03 6.48807966e+03
3.72332867e+03 0.00000000e+00 1.35403338e+03 2.73009860e+03 1.79995473e+03 1.45647093e+03 1.98185470e+03 1.50818409e+03 1.04021182e+03 3.54245813e+02 1.50973545e+03 1.60420374e+03 5.37773185e+02 4.18116386e+03 5.24964373e+03 1.93318613e+03 5.11635942e+03 5.69046057e+02 1.64384424e+03 4.59459797e+03 5.29470382e+03 5.46374714e+03 4.58647113e+03 3.77966453e+03 3.27282624e+03 4.18162395e+03 4.00258500e+03 3.80971882e+03 5.35206034e+03
3.44935952e+03 1.35403338e+03 0.00000000e+00 2.00642453e+03 1.40895339e+03 9.61522440e+02 1.62029395e+03 9.90195346e+02 1.08518599e+03 1.18922040e+03 1.08388487e+03 1.08373369e+03 1.27445734e+03 4.68050006e+03 4.45507454e+03 1.53398385e+03 4.34511225e+03 1.39309394e+03 1.12535491e+03 4.73546460e+03 5.42224402e+03 5.40328096e+03 4.30027555e+03 3.55464568e+03 3.68067556e+03 4.32536475e+03 4.41639404e+03 3.75418514e+03 5.47930467e+03
3.64574969e+03 2.73009860e+03 2.00642453e+03 0.00000000e+00 1.41407602e+03 1.65006531e+03 1.11881972e+03 1.53110460e+03 1.87055118e+03 2.70301521e+03 1.63285481e+03 1.76715981e+03 2.81378108e+03 3.68445901e+03 2.76733669e+03 1.07749754e+03 2.47186091e+03 2.78650341e+03 1.83286131e+03 4.63312759e+03 5.22236423e+03 5.42329366e+03 3.88987745e+03 3.68435286e+03 4.63349066e+03 4.25176511e+03 4.92797939e+03 4.14561874e+03 5.28153102e+03
3.19294261e+03 1.79995473e+03 1.40895339e+03 1.41407602e+03 0.00000000e+00 7.25929391e+02 6.29172422e+02 6.15162738e+02 9.92378504e+02 1.79597447e+03 6.59938968e+02 8.13292042e+02 1.87940061e+03 4.88605589e+03 3.97470783e+03 5.67237192e+02 3.77195237e+03 1.82644177e+03 8.75114830e+02 4.58412868e+03 5.38202653e+03 5.49850253e+03 4.10558278e+03 3.58310192e+03 4.01252615e+03 4.36323937e+03 4.51656874e+03 3.92215867e+03 5.45321922e+03
3.13672153e+03 1.45647093e+03 9.61522440e+02 1.65006531e+03 7.25929391e+02 0.00000000e+00 8.87490953e+02 3.09210747e+02 6.91041423e+02 1.14658402e+03 4.05090975e+02 3.65821515e+02 1.37661044e+03 5.11842420e+03 4.10430702e+03 8.76315106e+02 4.03249052e+03 1.50368177e+03 4.57122508e+02 4.40246863e+03 5.08622315e+03 5.31212586e+03 4.02856464e+03 3.65374349e+03 3.70689653e+03 4.17581469e+03 4.43856083e+03 3.61718649e+03 5.15604963e+03
3.13111642e+03 1.98185470e+03 1.62029395e+03 1.11881972e+03 6.29172422e+02 8.87490953e+02 0.00000000e+00 7.75565380e+02 1.14740224e+03 1.95416963e+03 8.79039788e+02 1.01899139e+03 2.06828880e+03 4.61347651e+03 3.71700662e+03 3.22248499e+02 3.48277658e+03 2.01151869e+03 1.08339244e+03 4.65308668e+03 5.40015249e+03 5.62005541e+03 3.94761706e+03 3.51726806e+03 4.12967350e+03 4.18539819e+03 4.41824723e+03 3.96301644e+03 5.47094168e+03
3.11022321e+03 1.50818409e+03 9.90195346e+02 1.53110460e+03 6.15162738e+02 3.09210747e+02 7.75565380e+02 0.00000000e+00 6.13005651e+02 1.28403378e+03 1.26291801e+02 4.46574606e+02 1.41422518e+03 5.02264033e+03 4.01300549e+03 7.18913131e+02 3.92030328e+03 1.50229704e+03 4.59333702e+02 4.33718418e+03 5.14873009e+03 5.20090613e+03 3.96065924e+03 3.54008584e+03 3.72312986e+03 4.24051686e+03 4.42512097e+03 3.66558623e+03 5.20984649e+03
3.25360547e+03 1.04021182e+03 1.08518599e+03 1.87055118e+03 9.92378504e+02 6.91041423e+02 1.14740224e+03 6.13005651e+02 0.00000000e+00 8.70635669e+02 7.07744612e+02 9.06807687e+02 1.12311684e+03 4.63496837e+03 4.42360906e+03 1.10127874e+03 4.24890999e+03 1.14954891e+03 9.41873361e+02 4.24802282e+03 5.07339894e+03 5.36198226e+03 4.21553252e+03 3.70585535e+03 3.55387357e+03 4.49459650e+03 4.28087228e+03 3.59615367e+03 5.12744989e+03
3.64212397e+03 3.54245813e+02 1.18922040e+03 2.70301521e+03 1.79597447e+03 1.14658402e+03 1.95416963e+03 1.28403378e+03 8.70635669e+02 0.00000000e+00 1.37592876e+03 1.38572822e+03 3.27410119e+02 4.17375262e+03 5.08500119e+03 1.91622707e+03 5.08606313e+03 5.03876710e+02 1.42095355e+03 4.48406398e+03 5.18447902e+03 5.35734820e+03 4.50365742e+03 3.69904351e+03 3.15910912e+03 4.10414212e+03 3.91767252e+03 3.69620501e+03 5.24386164e+03
3.20742390e+03 1.50973545e+03 1.08388487e+03 1.63285481e+03 6.59938968e+02 4.05090975e+02 8.79039788e+02 1.26291801e+02 7.07744612e+02 1.37592876e+03 0.00000000e+00 5.43947236e+02 1.50705453e+03 5.11454505e+03 4.10940490e+03 8.22163729e+02 4.01953421e+03 1.59428284e+03 5.55246930e+02 4.42765603e+03 5.24266277e+03 5.28847877e+03 4.06263992e+03 3.63845117e+03 3.77405387e+03 4.33653651e+03 4.52238628e+03 3.76575244e+03 5.30456620e+03
3.22879435e+03 1.60420374e+03 1.08373369e+03 1.76715981e+03 8.13292042e+02 3.65821515e+02 1.01899139e+03 4.46574606e+02 9.06807687e+02 1.38572822e+03 5.43947236e+02 0.00000000e+00 1.26481396e+03 5.20853032e+03 4.15967964e+03 9.51651337e+02 4.12054366e+03 1.60771690e+03 5.39088066e+02 4.46173768e+03 5.16225849e+03 5.38258287e+03 4.09602293e+03 3.72904806e+03 3.79829607e+03 4.27112164e+03 4.52525035e+03 3.70083796e+03 5.22877211e+03
3.71824561e+03 5.37773185e+02 1.27445734e+03 2.81378108e+03 1.87940061e+03 1.37661044e+03 2.06828880e+03 1.41422518e+03 1.12311684e+03 3.27410119e+02 1.50705453e+03 1.26481396e+03 0.00000000e+00 4.25230642e+03 5.15686916e+03 1.99342728e+03 5.16200774e+03 6.02556234e+02 1.50751269e+03 4.55835108e+03 5.25498390e+03 5.43339348e+03 4.58335914e+03 3.78274793e+03 3.24807955e+03 4.18198428e+03 3.99595357e+03 3.77898259e+03 5.31418109e+03
5.92884032e+03 4.18116386e+03 4.68050006e+03 3.68445901e+03 4.88605589e+03 5.11842420e+03 4.61347651e+03 5.02264033e+03 4.63496837e+03 4.17375262e+03 5.11454505e+03 5.20853032e+03 4.25230642e+03 0.00000000e+00 1.37996268e+03 4.57814903e+03 1.39509288e+03 4.19555468e+03 5.24468738e+03 4.66576165e+03 4.38231889e+03 4.49636927e+03 5.97691600e+03 5.56801289e+03 5.96409252e+03 4.98305836e+03 4.79310276e+03 6.06984448e+03 4.44816913e+03
5.43802680e+03 5.24964373e+03 4.45507454e+03 2.76733669e+03 3.97470783e+03 4.10430702e+03 3.71700662e+03 4.01300549e+03 4.42360906e+03 5.08500119e+03 4.10940490e+03 4.15967964e+03 5.15686916e+03 1.37996268e+03 0.00000000e+00 3.65822596e+03 4.86051531e+02 5.27222379e+03 4.12000232e+03 4.56228977e+03 4.27728635e+03 4.47594570e+03 5.54056817e+03 5.54505894e+03 6.49491182e+03 5.10928601e+03 5.32277575e+03 5.97943606e+03 4.35147967e+03
3.05226365e+03 1.93318613e+03 1.53398385e+03 1.07749754e+03 5.67237192e+02 8.76315106e+02 3.22248499e+02 7.18913131e+02 1.10127874e+03 1.91622707e+03 8.22163729e+02 9.51651337e+02 1.99342728e+03 4.57814903e+03 3.65822596e+03 0.00000000e+00 3.44755287e+03 1.94300155e+03 9.91135778e+02 4.60765193e+03 5.35486978e+03 5.56858369e+03 3.88718520e+03 3.44989227e+03 4.07023628e+03 4.13228839e+03 4.37029354e+03 3.89844195e+03 5.42652918e+03
5.35685491e+03 5.11635942e+03 4.34511225e+03 2.47186091e+03 3.77195237e+03 4.03249052e+03 3.48277658e+03 3.92030328e+03 4.24890999e+03 5.08606313e+03 4.01953421e+03 4.12054366e+03 5.16200774e+03 1.39509288e+03 4.86051531e+02 3.44755287e+03 0.00000000e+00 5.13075001e+03 4.17352127e+03 4.46749220e+03 4.16785374e+03 4.33627379e+03 5.42767428e+03 5.43400528e+03 6.42406543e+03 4.99621409e+03 5.22760400e+03 5.90124790e+03 4.24436720e+03
3.76918457e+03 5.69046057e+02 1.39309394e+03 2.78650341e+03 1.82644177e+03 1.50368177e+03 2.01151869e+03 1.50229704e+03 1.14954891e+03 5.03876710e+02 1.59428284e+03 1.60771690e+03 6.02556234e+02 4.19555468e+03 5.27222379e+03 1.94300155e+03 5.13075001e+03 0.00000000e+00 1.51542457e+03 4.61028366e+03 5.30673366e+03 5.48267678e+03 4.63331892e+03 3.83571321e+03 3.31260276e+03 4.23686518e+03 4.05369191e+03 3.83503217e+03 5.36675635e+03
3.24650465e+03 1.64384424e+03 1.12535491e+03 1.83286131e+03 8.75114830e+02 4.57122508e+02 1.08339244e+03 4.59333702e+02 9.41873361e+02 1.42095355e+03 5.55246930e+02 5.39088066e+02 1.50751269e+03 5.24468738e+03 4.12000232e+03 9.91135778e+02 4.17352127e+03 1.51542457e+03 0.00000000e+00 4.49671086e+03 5.19053123e+03 5.42067290e+03 4.15419652e+03 3.76989762e+03 3.82366354e+03 4.32524853e+03 4.54675578e+03 3.72074113e+03 5.25724041e+03
5.59085154e+03 4.59459797e+03 4.73546460e+03 4.63312759e+03 4.58412868e+03 4.40246863e+03 4.65308668e+03 4.33718418e+03 4.24802282e+03 4.48406398e+03 4.42765603e+03 4.46173768e+03 4.55835108e+03 4.66576165e+03 4.56228977e+03 4.60765193e+03 4.46749220e+03 4.61028366e+03 4.49671086e+03 0.00000000e+00 4.30215897e+03 5.40786861e+03 5.87281173e+03 5.39487175e+03 5.62203368e+03 5.81567888e+03 5.71876777e+03 5.42724496e+03 4.32978119e+03
6.39719105e+03 5.29470382e+03 5.42224402e+03 5.22236423e+03 5.38202653e+03 5.08622315e+03 5.40015249e+03 5.14873009e+03 5.07339894e+03 5.18447902e+03 5.24266277e+03 5.16225849e+03 5.25498390e+03 4.38231889e+03 4.27728635e+03 5.35486978e+03 4.16785374e+03 5.30673366e+03 5.19053123e+03 4.30215897e+03 0.00000000e+00 5.08329085e+03 6.72910261e+03 7.09385435e+03 6.39482738e+03 5.71724408e+03 5.93894241e+03 6.17634639e+03 3.50424032e+03
6.58791647e+03 5.46374714e+03 5.40328096e+03 5.42329366e+03 5.49850253e+03 5.31212586e+03 5.62005541e+03 5.20090613e+03 5.36198226e+03 5.35734820e+03 5.28847877e+03 5.38258287e+03 5.43339348e+03 4.49636927e+03 4.47594570e+03 5.56858369e+03 4.33627379e+03 5.48267678e+03 5.42067290e+03 5.40786861e+03 5.08329085e+03 0.00000000e+00 6.98112130e+03 6.46886760e+03 6.72965774e+03 5.95361123e+03 5.98610290e+03 7.27000459e+03 5.16597962e+03
4.96751667e+03 4.58647113e+03 4.30027555e+03 3.88987745e+03 4.10558278e+03 4.02856464e+03 3.94761706e+03 3.96065924e+03 4.21553252e+03 4.50365742e+03 4.06263992e+03 4.09602293e+03 4.58335914e+03 5.97691600e+03 5.54056817e+03 3.88718520e+03 5.42767428e+03 4.63331892e+03 4.15419652e+03 5.87281173e+03 6.72910261e+03 6.98112130e+03 0.00000000e+00 4.55873020e+03 5.51491493e+03 4.99035917e+03 6.13363522e+03 5.25393273e+03 6.71721422e+03
4.30704841e+03 3.77966453e+03 3.55464568e+03 3.68435286e+03 3.58310192e+03 3.65374349e+03 3.51726806e+03 3.54008584e+03 3.70585535e+03 3.69904351e+03 3.63845117e+03 3.72904806e+03 3.78274793e+03 5.56801289e+03 5.54505894e+03 3.44989227e+03 5.43400528e+03 3.83571321e+03 3.76989762e+03 5.39487175e+03 7.09385435e+03 6.46886760e+03 4.55873020e+03 0.00000000e+00 4.61784801e+03 4.77414822e+03 5.19414398e+03 5.03215806e+03 7.15843390e+03
4.81528636e+03 3.27282624e+03 3.68067556e+03 4.63349066e+03 4.01252615e+03 3.70689653e+03 4.12967350e+03 3.72312986e+03 3.55387357e+03 3.15910912e+03 3.77405387e+03 3.79829607e+03 3.24807955e+03 5.96409252e+03 6.49491182e+03 4.07023628e+03 6.42406543e+03 3.31260276e+03 3.82366354e+03 5.62203368e+03 6.39482738e+03 6.72965774e+03 5.51491493e+03 4.61784801e+03 0.00000000e+00 5.04825039e+03 5.17455990e+03 4.90199224e+03 6.48736716e+03
5.19815167e+03 4.18162395e+03 4.32536475e+03 4.25176511e+03 4.36323937e+03 4.17581469e+03 4.18539819e+03 4.24051686e+03 4.49459650e+03 4.10414212e+03 4.33653651e+03 4.27112164e+03 4.18198428e+03 4.98305836e+03 5.10928601e+03 4.13228839e+03 4.99621409e+03 4.23686518e+03 4.32524853e+03 5.81567888e+03 5.71724408e+03 5.95361123e+03 4.99035917e+03 4.77414822e+03 5.04825039e+03 0.00000000e+00 5.33017140e+03 5.48291352e+03 5.76684696e+03
5.17065659e+03 4.00258500e+03 4.41639404e+03 4.92797939e+03 4.51656874e+03 4.43856083e+03 4.41824723e+03 4.42512097e+03 4.28087228e+03 3.91767252e+03 4.52238628e+03 4.52525035e+03 3.99595357e+03 4.79310276e+03 5.32277575e+03 4.37029354e+03 5.22760400e+03 4.05369191e+03 4.54675578e+03 5.71876777e+03 5.93894241e+03 5.98610290e+03 6.13363522e+03 5.19414398e+03 5.17455990e+03 5.33017140e+03 0.00000000e+00 5.78068994e+03 6.00638180e+03
4.77065009e+03 3.80971882e+03 3.75418514e+03 4.14561874e+03 3.92215867e+03 3.61718649e+03 3.96301644e+03 3.66558623e+03 3.59615367e+03 3.69620501e+03 3.76575244e+03 3.70083796e+03 3.77898259e+03 6.06984448e+03 5.97943606e+03 3.89844195e+03 5.90124790e+03 3.83503217e+03 3.72074113e+03 5.42724496e+03 6.17634639e+03 7.27000459e+03 5.25393273e+03 5.03215806e+03 4.90199224e+03 5.48291352e+03 5.78068994e+03 0.00000000e+00 6.22690679e+03
6.48807966e+03 5.35206034e+03 5.47930467e+03 5.28153102e+03 5.45321922e+03 5.15604963e+03 5.47094168e+03 5.20984649e+03 5.12744989e+03 5.24386164e+03 5.30456620e+03 5.22877211e+03 5.31418109e+03 4.44816913e+03 4.35147967e+03 5.42652918e+03 4.24436720e+03 5.36675635e+03 5.25724041e+03 4.32978119e+03 3.50424032e+03 5.16597962e+03 6.71721422e+03 7.15843390e+03 6.48736716e+03 5.76684696e+03 6.00638180e+03 6.22690679e+03 0.00000000e+00
