0.00000000e+00 2.74470107e+02 2.54221733e+02 2.70207581e+02 2.36342697e+02 2.31747681e+02 2.32798574e+02 2.29705325e+02 2.41700394e+02 2.69129934e+02 2.37901703e+02 2.38389553e+02 2.74725706e+02 4.38904014e+02 4.02267087e+02 2.25565565e+02 3.98122199e+02 2.78592420e+02 2.39450381e+02 4.09490120e+02 4.81939279e+02 5.02821103e+02 3.80253297e+02 3.21546746e+02 3.68358985e+02 3.85046526e+02 3.88790925e+02 3.64582131e+02 4.88656297e+02
2.74470107e+02 0.00000000e+00 1.01712649e+02 2.05893839e+02 1.35663681e+02 1.09740006e+02 1.50427057e+02 1.13549771e+02 7.95031565e+01 2.69831624e+01 1.14205301e+02 1.20645712e+02 4.06286426e+01 3.14104054e+02 3.93848332e+02 1.45502389e+02 3.85869202e+02 4.30480427e+01 1.23479336e+02 3.40722643e+02 4.05222476e+02 4.23737847e+02 3.56780218e+02 2.86364060e+02 2.56286398e+02 3.14055437e+02 3.06357330e+02 2.96690217e+02 4.09335184e+02
2.54221733e+02 1.01712649e+02 0.00000000e+00 1.51214195e+02 1.06256781e+02 7.25682189e+01 1.22891494e+02 7.46908274e+01 8.25229799e+01 8.96077677e+01 8.21200425e+01 8.16792577e+01 9.59458196e+01 3.51296009e+02 3.34136402e+02 1.15389432e+02 3.27342008e+02 1.04907449e+02 8.47058509e+01 3.50960328e+02 4.14890432e+02 4.18854897e+02 3.34898260e+02 2.69400814e+02 2.87275346e+02 3.24740240e+02 3.36940534e+02 2.92487964e+02 4.18803386e+02
2.70207581e+02 2.05893839e+02 1.51214195e+02 0.00000000e+00 1.07332678e+02 1.24586733e+02 8.46864557e+01 1.15673498e+02 1.41260243e+02 2.03735646e+02 1.23874691e+02 1.33519280e+02 2.12176995e+02 2.77747949e+02 2.08665412e+02 8.15516479e+01 1.86890032e+02 2.10128530e+02 1.38203006e+02 3.44512000e+02 4.01413430e+02 4.21888807e+02 3.04586921e+02 2.80332928e+02 3.60688106e+02 3.20559321e+02 3.76186345e+02 3.23418028e+02 4.05304046e+02
2.36342697e+02 1.35663681e+02 1.06256781e+02 1.07332678e+02 0.00000000e+00 5.50287546e+01 4.84967946e+01 4.66276631e+01 7.58995224e+01 1.35639739e+02 5.02025190e+01 6.15337413e+01 1.41847763e+02 3.68537489e+02 2.99678108e+02 4.30353145e+01 2.85911645e+02 1.37906042e+02 6.60517477e+01 3.41238215e+02 4.13673666e+02 4.28300899e+02 3.21217610e+02 2.72597952e+02 3.13722970e+02 3.29064397e+02 3.46051614e+02 3.06378202e+02 4.18728359e+02
2.31747681e+02 1.09740006e+02 7.25682189e+01 1.24586733e+02 5.50287546e+01 0.00000000e+00 6.75971145e+01 2.33619456e+01 5.25633507e+01 8.61955592e+01 3.07091222e+01 2.77881094e+01 1.03709056e+02 3.85347539e+02 3.08986391e+02 6.62469263e+01 3.04903517e+02 1.13295679e+02 3.45871072e+01 3.26965713e+02 3.90490333e+02 4.13423760e+02 3.14955755e+02 2.77535695e+02 2.89809518e+02 3.14490995e+02 3.39546581e+02 2.82629739e+02 3.95552395e+02
2.32798574e+02 1.50427057e+02 1.22891494e+02 8.46864557e+01 4.84967946e+01 6.75971145e+01 0.00000000e+00 5.92228618e+01 8.69775940e+01 1.47992561e+02 6.72941546e+01 7.77190106e+01 1.56714360e+02 3.48502362e+02 2.80823220e+02 2.49787677e+01 2.63672448e+02 1.52437822e+02 8.23686788e+01 3.46867024e+02 4.15834671e+02 4.38029878e+02 3.09907541e+02 2.68461692e+02 3.23025516e+02 3.16502871e+02 3.38816569e+02 3.10312661e+02 4.20848657e+02
2.29705325e+02 1.13549771e+02 7.46908274e+01 1.15673498e+02 4.66276631e+01 2.33619456e+01 5.92228618e+01 0.00000000e+00 4.67955588e+01 9.66003884e+01 9.62583993e+00 3.37793878e+01 1.06484588e+02 3.78108666e+02 3.02055772e+02 5.43860404e+01 2.96554136e+02 1.13157189e+02 3.46945909e+01 3.22048320e+02 3.95324485e+02 4.04909456e+02 3.09698991e+02 2.68913588e+02 2.91078305e+02 3.19288722e+02 3.38506972e+02 2.86285244e+02 3.99591293e+02
2.41700394e+02 7.95031565e+01 8.25229799e+01 1.41260243e+02 7.58995224e+01 5.25633507e+01 8.69775940e+01 4.67955588e+01 0.00000000e+00 6.61214459e+01 5.41799276e+01 6.91613564e+01 8.53408443e+01 3.50298499e+02 3.34179595e+02 8.36365778e+01 3.21724547e+02 8.73317198e+01 7.15640531e+01 3.16644921e+02 3.91038309e+02 4.18293783e+02 3.30479547e+02 2.82641148e+02 2.78798636e+02 3.39813246e+02 3.28325692e+02 2.82039323e+02 3.94755121e+02
2.69129934e+02 2.69831624e+01 8.96077677e+01 2.03735646e+02 1.35639739e+02 8.61955592e+01 1.47992561e+02 9.66003884e+01 6.61214459e+01 0.00000000e+00 1.03978789e+02 1.04384971e+02 2.48166681e+01 3.14317777e+02 3.82431736e+02 1.44434462e+02 3.84141699e+02 3.81157735e+01 1.06860097e+02 3.32965872e+02 3.97722547e+02 4.16345899e+02 3.51116681e+02 2.80817251e+02 2.47835330e+02 3.08984687e+02 3.00462741e+02 2.88448952e+02 4.01998798e+02
2.37901703e+02 1.14205301e+02 8.21200425e+01 1.23874691e+02 5.02025190e+01 3.07091222e+01 6.72941546e+01 9.62583993e+00 5.41799276e+01 1.03978789e+02 0.00000000e+00 4.13039041e+01 1.13972546e+02 3.86623601e+02 3.10584306e+02 6.24566476e+01 3.05223990e+02 1.20593140e+02 4.21051585e+01 3.30117601e+02 4.03870346e+02 4.12969800e+02 3.18468880e+02 2.77320203e+02 2.95907452e+02 3.27747528e+02 3.47140263e+02 2.94842586e+02 4.08222706e+02
2.38389553e+02 1.20645712e+02 8.16792577e+01 1.33519280e+02 6.15337413e+01 2.77881094e+01 7.77190106e+01 3.37793878e+01 6.91613564e+01 1.04384971e+02 4.13039041e+01 0.00000000e+00 9.51459054e+01 3.91909197e+02 3.12924021e+02 7.18833612e+01 3.11612567e+02 1.21010901e+02 4.06585683e+01 3.31179344e+02 3.95982538e+02 4.18604961e+02 3.19841039e+02 2.83029085e+02 2.96715485e+02 3.21399144e+02 3.46016604e+02 2.88778748e+02 4.00778916e+02
2.74725706e+02 4.06286426e+01 9.59458196e+01 2.12176995e+02 1.41847763e+02 1.03709056e+02 1.56714360e+02 1.06484588e+02 8.53408443e+01 2.48166681e+01 1.13972546e+02 9.51459054e+01 0.00000000e+00 3.20163499e+02 3.87785656e+02 1.50165146e+02 3.89928217e+02 4.53982828e+01 1.13243091e+02 3.38448815e+02 4.02962168e+02 4.22057259e+02 3.57075077e+02 2.87030966e+02 2.54565398e+02 3.14748478e+02 3.06327678e+02 2.94624918e+02 4.07227413e+02
4.38904014e+02 3.14104054e+02 3.51296009e+02 2.77747949e+02 3.68537489e+02 3.85347539e+02 3.48502362e+02 3.78108666e+02 3.50298499e+02 3.14317777e+02 3.86623601e+02 3.91909197e+02 3.20163499e+02 0.00000000e+00 1.03584024e+02 3.44621199e+02 1.05571503e+02 3.15950690e+02 3.94029600e+02 3.46883431e+02 3.36250383e+02 3.48828349e+02 4.62930604e+02 4.21745477e+02 4.61292493e+02 3.74441683e+02 3.65678675e+02 4.69491162e+02 3.40411186e+02
4.02267087e+02 3.93848332e+02 3.34136402e+02 2.08665412e+02 2.99678108e+02 3.08986391e+02 2.80823220e+02 3.02055772e+02 3.34179595e+02 3.82431736e+02 3.10584306e+02 3.12924021e+02 3.87785656e+02 1.03584024e+02 0.00000000e+00 2.75300752e+02 3.72317210e+01 3.96505074e+02 3.09543626e+02 3.38856034e+02 3.28099029e+02 3.47460853e+02 4.29403173e+02 4.19761259e+02 5.01597319e+02 3.83638316e+02 4.05196227e+02 4.62403915e+02 3.32867806e+02
2.25565565e+02 1.45502389e+02 1.15389432e+02 8.15516479e+01 4.30353145e+01 6.62469263e+01 2.49787677e+01 5.43860404e+01 8.36365778e+01 1.44434462e+02 6.24566476e+01 7.18833612e+01 1.50165146e+02 3.44621199e+02 2.75300752e+02 0.00000000e+00 2.60593552e+02 1.46397320e+02 7.46458963e+01 3.42368605e+02 4.10970606e+02 4.32923569e+02 3.04111437e+02 2.62178866e+02 3.17569633e+02 3.11206592e+02 3.34269056e+02 3.04248308e+02 4.16054445e+02
3.98122199e+02 3.85869202e+02 3.27342008e+02 1.86890032e+02 2.85911645e+02 3.04903517e+02 2.63672448e+02 2.96554136e+02 3.21724547e+02 3.84141699e+02 3.05223990e+02 3.11612567e+02 3.89928217e+02 1.05571503e+02 3.72317210e+01 2.60593552e+02 0.00000000e+00 3.87555630e+02 3.15064887e+02 3.33415782e+02 3.21252090e+02 3.37832430e+02 4.22643431e+02 4.13207636e+02 4.97934863e+02 3.76914130e+02 3.99081295e+02 4.58457841e+02 3.26251631e+02
2.78592420e+02 4.30480427e+01 1.04907449e+02 2.10128530e+02 1.37906042e+02 1.13295679e+02 1.52437822e+02 1.13157189e+02 8.73317198e+01 3.81157735e+01 1.20593140e+02 1.21010901e+02 4.53982828e+01 3.15950690e+02 3.96505074e+02 1.46397320e+02 3.87555630e+02 0.00000000e+00 1.13848759e+02 3.42399756e+02 4.06936169e+02 4.25829309e+02 3.60940318e+02 2.91090412e+02 2.59513789e+02 3.18936816e+02 3.10664481e+02 2.98953386e+02 4.11269026e+02
2.39450381e+02 1.23479336e+02 8.47058509e+01 1.38203006e+02 6.60517477e+01 3.45871072e+01 8.23686788e+01 3.46945909e+01 7.15640531e+01 1.06860097e+02 4.21051585e+01 4.06585683e+01 1.13243091e+02 3.94029600e+02 3.09543626e+02 7.46458963e+01 3.15064887e+02 1.13848759e+02 0.00000000e+00 3.33366837e+02 3.97657046e+02 4.20921627e+02 3.23957870e+02 2.85708402e+02 2.98207785e+02 3.25102514e+02 3.47088275e+02 2.89910463e+02 4.02474327e+02
4.09490120e+02 3.40722643e+02 3.50960328e+02 3.44512000e+02 3.41238215e+02 3.26965713e+02 3.46867024e+02 3.22048320e+02 3.16644921e+02 3.32965872e+02 3.30117601e+02 3.31179344e+02 3.38448815e+02 3.46883431e+02 3.38856034e+02 3.42368605e+02 3.33415782e+02 3.42399756e+02 3.33366837e+02 0.00000000e+00 3.26530600e+02 4.14849406e+02 4.49964639e+02 4.03676400e+02 4.30197760e+02 4.32236390e+02 4.30381104e+02 4.15479375e+02 3.28133777e+02
4.81939279e+02 4.05222476e+02 4.14890432e+02 4.01413430e+02 4.13673666e+02 3.90490333e+02 4.15834671e+02 3.95324485e+02 3.91038309e+02 3.97722547e+02 4.03870346e+02 3.95982538e+02 4.02962168e+02 3.36250383e+02 3.28099029e+02 4.10970606e+02 3.21252090e+02 4.06936169e+02 3.97657046e+02 3.26530600e+02 0.00000000e+00 3.99709104e+02 5.27983564e+02 5.44921853e+02 5.01041303e+02 4.37039136e+02 4.58442428e+02 4.84418805e+02 2.73366800e+02
5.02821103e+02 4.23737847e+02 4.18854897e+02 4.21888807e+02 4.28300899e+02 4.13423760e+02 4.38029878e+02 4.04909456e+02 4.18293783e+02 4.16345899e+02 4.12969800e+02 4.18604961e+02 4.22057259e+02 3.48828349e+02 3.47460853e+02 4.32923569e+02 3.37832430e+02 4.25829309e+02 4.20921627e+02 4.14849406e+02 3.99709104e+02 0.00000000e+00 5.53691059e+02 5.03412517e+02 5.32821427e+02 4.60401214e+02 4.67829111e+02 5.73779592e+02 4.05753201e+02
3.80253297e+02 3.56780218e+02 3.34898260e+02 3.04586921e+02 3.21217610e+02 3.14955755e+02 3.09907541e+02 3.09698991e+02 3.30479547e+02 3.51116681e+02 3.18468880e+02 3.19841039e+02 3.57075077e+02 4.62930604e+02 4.29403173e+02 3.04111437e+02 4.22643431e+02 3.60940318e+02 3.23957870e+02 4.49964639e+02 5.27983564e+02 5.53691059e+02 0.00000000e+00 3.56233944e+02 4.37906400e+02 3.86782029e+02 4.78602341e+02 4.18043828e+02 5.25229205e+02
3.21546746e+02 2.86364060e+02 2.69400814e+02 2.80332928e+02 2.72597952e+02 2.77535695e+02 2.68461692e+02 2.68913588e+02 2.82641148e+02 2.80817251e+02 2.77320203e+02 2.83029085e+02 2.87030966e+02 4.21745477e+02 4.19761259e+02 2.62178866e+02 4.13207636e+02 2.91090412e+02 2.85708402e+02 4.03676400e+02 5.44921853e+02 5.03412517e+02 3.56233944e+02 0.00000000e+00 3.60247781e+02 3.61533370e+02 3.98082987e+02 3.92015875e+02 5.49865160e+02
3.68358985e+02 2.56286398e+02 2.87275346e+02 3.60688106e+02 3.13722970e+02 2.89809518e+02 3.23025516e+02 2.91078305e+02 2.78798636e+02 2.47835330e+02 2.95907452e+02 2.96715485e+02 2.54565398e+02 4.61292493e+02 5.01597319e+02 3.17569633e+02 4.97934863e+02 2.59513789e+02 2.98207785e+02 4.30197760e+02 5.01041303e+02 5.32821427e+02 4.37906400e+02 3.60247781e+02 0.00000000e+00 3.91237100e+02 4.04657267e+02 3.90314000e+02 5.08314594e+02
3.85046526e+02 3.14055437e+02 3.24740240e+02 3.20559321e+02 3.29064397e+02 3.14490995e+02 3.16502871e+02 3.19288722e+02 3.39813246e+02 3.08984687e+02 3.27747528e+02 3.21399144e+02 3.14748478e+02 3.74441683e+02 3.83638316e+02 3.11206592e+02 3.76914130e+02 3.18936816e+02 3.25102514e+02 4.32236390e+02 4.37039136e+02 4.60401214e+02 3.86782029e+02 3.61533370e+02 3.91237100e+02 0.00000000e+00 4.06211706e+02 4.24059975e+02 4.40424543e+02
3.88790925e+02 3.06357330e+02 3.36940534e+02 3.76186345e+02 3.46051614e+02 3.39546581e+02 3.38816569e+02 3.38506972e+02 3.28325692e+02 3.00462741e+02 3.47140263e+02 3.46016604e+02 3.06327678e+02 3.65678675e+02 4.05196227e+02 3.34269056e+02 3.99081295e+02 3.10664481e+02 3.47088275e+02 4.30381104e+02 4.58442428e+02 4.67829111e+02 4.78602341e+02 3.98082987e+02 4.04657267e+02 4.06211706e+02 0.00000000e+00 4.52292332e+02 4.63911040e+02
3.64582131e+02 2.96690217e+02 2.92487964e+02 3.23418028e+02 3.06378202e+02 2.82629739e+02 3.10312661e+02 2.86285244e+02 2.82039323e+02 2.88448952e+02 2.94842586e+02 2.88778748e+02 2.94624918e+02 4.69491162e+02 4.62403915e+02 3.04248308e+02 4.58457841e+02 2.98953386e+02 2.89910463e+02 4.15479375e+02 4.84418805e+02 5.73779592e+02 4.18043828e+02 3.92015875e+02 3.90314000e+02 4.24059975e+02 4.52292332e+02 0.00000000e+00 4.87942960e+02
4.88656297e+02 4.09335184e+02 4.18803386e+02 4.05304046e+02 4.18728359e+02 3.95552395e+02 4.20848657e+02 3.99591293e+02 3.94755121e+02 4.01998798e+02 4.08222706e+02 4.00778916e+02 4.07227413e+02 3.40411186e+02 3.32867806e+02 4.16054445e+02 3.26251631e+02 4.11269026e+02 4.02474327e+02 3.28133777e+02 2.73366800e+02 4.05753201e+02 5.25229205e+02 5.49865160e+02 5.08314594e+02 4.40424543e+02 4.63911040e+02 4.87942960e+02 0.00000000e+00
