0.00000000e+00 7.31146765e-01 6.93505085e-01 7.23584176e-01 6.52374200e-01 6.59182354e-01 6.46050665e-01 6.58008087e-01 6.76186235e-01 7.29902291e-01 6.61799323e-01 6.64632927e-01 7.32033045e-01 9.57254326e-01 9.05448701e-01 6.38012717e-01 9.03463167e-01 7.34107769e-01 6.64194990e-01 8.76233602e-01 9.34132055e-01 9.30924482e-01 7.50190886e-01 7.04965298e-01 7.48276619e-01 8.19428988e-01 8.09104065e-01 7.41390987e-01 9.37620711e-01
7.31146765e-01 0.00000000e+00 4.84298123e-01 7.30484607e-01 5.80257468e-01 5.23700229e-01 6.11250855e-01 5.36791938e-01 4.41035481e-01 2.21514225e-01 5.33631080e-01 5.39615903e-01 2.65290360e-01 8.79144804e-01 9.97069513e-01 6.07474098e-01 9.91266685e-01 2.61997971e-01 5.42384237e-01 8.58742478e-01 9.12268370e-01 9.07840071e-01 8.04881316e-01 7.35224052e-01 6.27943591e-01 7.91145823e-01 7.58284112e-01 7.10397444e-01 9.12989551e-01
6.93505085e-01 4.84298123e-01 0.00000000e+00 6.19186721e-01 4.95247284e-01 4.10791380e-01 5.44603701e-01 4.22837981e-01 4.44423975e-01 4.63340816e-01 4.30415546e-01 4.27435404e-01 4.69530753e-01 9.36266193e-01 9.12667467e-01 5.33310084e-01 9.07464710e-01 4.84220041e-01 4.31895640e-01 8.79704060e-01 9.30575614e-01 9.02566572e-01 7.72005785e-01 7.07108697e-01 6.98915513e-01 8.15728735e-01 8.19494032e-01 7.07276370e-01 9.31387430e-01
7.23584176e-01 7.30484607e-01 6.19186721e-01 0.00000000e+00 5.05384026e-01 5.67448154e-01 4.48350416e-01 5.48659568e-01 6.07761553e-01 7.35217558e-01 5.55090680e-01 5.77267870e-01 7.41810612e-01 8.34035436e-01 7.08497144e-01 4.44692354e-01 6.79162138e-01 7.33770432e-01 5.84849578e-01 8.65736039e-01 9.07999674e-01 9.05453623e-01 7.09793466e-01 7.26905008e-01 8.32166288e-01 8.06057137e-01 8.84123070e-01 7.63598876e-01 9.09244299e-01
6.52374200e-01 5.80257468e-01 4.95247284e-01 5.05384026e-01 0.00000000e+00 3.50002730e-01 3.09505793e-01 3.17380441e-01 4.21308143e-01 5.83594660e-01 3.19922266e-01 3.57883786e-01 5.87884989e-01 9.56095160e-01 8.50096563e-01 2.91410760e-01 8.34562386e-01 5.74713717e-01 3.67383186e-01 8.59378743e-01 9.25110498e-01 9.12864410e-01 7.41569476e-01 7.11031015e-01 7.50211748e-01 8.20557881e-01 8.32778437e-01 7.31391241e-01 9.27564033e-01
6.59182354e-01 5.23700229e-01 4.10791380e-01 5.67448154e-01 3.50002730e-01 0.00000000e+00 4.04639406e-01 2.34714982e-01 3.69617129e-01 4.79240487e-01 2.49965844e-01 2.28908141e-01 5.09286246e-01 9.91733023e-01 8.79677971e-01 4.03260197e-01 8.77957963e-01 5.25242746e-01 2.51858698e-01 8.49730148e-01 9.03609153e-01 9.04324049e-01 7.47461925e-01 7.37450832e-01 7.20108943e-01 8.09724753e-01 8.36947440e-01 7.00997901e-01 9.05686248e-01
6.46050665e-01 6.11250855e-01 5.44603701e-01 4.48350416e-01 3.09505793e-01 4.04639406e-01 0.00000000e+00 3.76890593e-01 4.64312458e-01 6.16750452e-01 3.87655362e-01 4.21642925e-01 6.25594591e-01 9.29585404e-01 8.22242088e-01 1.98476064e-01 8.02071311e-01 6.12488570e-01 4.29952937e-01 8.70765187e-01 9.29967890e-01 9.29306968e-01 7.21948540e-01 7.04656206e-01 7.69386347e-01 7.99448568e-01 8.22247058e-01 7.40796163e-01 9.32365607e-01
6.58008087e-01 5.36791938e-01 4.22837981e-01 5.48659568e-01 3.17380441e-01 2.34714982e-01 3.76890593e-01 0.00000000e+00 3.42723524e-01 5.06974165e-01 1.09817442e-01 2.65907737e-01 5.20580555e-01 9.83062700e-01 8.70515228e-01 3.67219543e-01 8.67156459e-01 5.30349253e-01 2.64354859e-01 8.43538850e-01 9.13620642e-01 8.93187545e-01 7.39907959e-01 7.22966490e-01 7.25674022e-01 8.21376839e-01 8.37761502e-01 7.11985849e-01 9.14890096e-01
6.76186235e-01 4.41035481e-01 4.44423975e-01 6.07761553e-01 4.21308143e-01 3.69617129e-01 4.64312458e-01 3.42723524e-01 0.00000000e+00 4.18486979e-01 3.52632508e-01 4.04358710e-01 4.56263215e-01 9.38791400e-01 9.15027339e-01 4.60591905e-01 9.03390934e-01 4.52941397e-01 4.06063681e-01 8.27249837e-01 8.99892855e-01 9.07311377e-01 7.71161410e-01 7.42324676e-01 6.93806666e-01 8.50067466e-01 8.12784053e-01 6.96621322e-01 9.00547986e-01
7.29902291e-01 2.21514225e-01 4.63340816e-01 7.35217558e-01 5.83594660e-01 4.79240487e-01 6.16750452e-01 5.06974165e-01 4.18486979e-01 0.00000000e+00 5.12490687e-01 5.11684290e-01 2.05499940e-01 8.85777219e-01 9.88749757e-01 6.15400019e-01 9.94715803e-01 2.57999262e-01 5.13446602e-01 8.52769727e-01 9.07391903e-01 9.02371991e-01 8.03995926e-01 7.34247286e-01 6.19827673e-01 7.90775618e-01 7.56398926e-01 7.03753198e-01 9.08378053e-01
6.61799323e-01 5.33631080e-01 4.30415546e-01 5.55090680e-01 3.19922266e-01 2.49965844e-01 3.87655362e-01 1.09817442e-01 3.52632508e-01 5.12490687e-01 0.00000000e+00 2.79831901e-01 5.26023401e-01 9.83697044e-01 8.72298058e-01 3.78481181e-01 8.69131065e-01 5.35465420e-01 2.77914478e-01 8.44868276e-01 9.14315521e-01 8.93544749e-01 7.42655115e-01 7.25890679e-01 7.25577842e-01 8.23247973e-01 8.39709766e-01 7.14866261e-01 9.15637532e-01
6.64632927e-01 5.39615903e-01 4.27435404e-01 5.77267870e-01 3.57883786e-01 2.28908141e-01 4.21642925e-01 2.65907737e-01 4.04358710e-01 5.11684290e-01 2.79831901e-01 0.00000000e+00 4.89566039e-01 9.94047607e-01 8.78519611e-01 4.08490242e-01 8.80532330e-01 5.34304588e-01 2.62345051e-01 8.49279310e-01 9.04887866e-01 9.04890545e-01 7.47914641e-01 7.39259008e-01 7.24468253e-01 8.13953221e-01 8.40052061e-01 7.04223584e-01 9.06571868e-01
7.32033045e-01 2.65290360e-01 4.69530753e-01 7.41810612e-01 5.87884989e-01 5.09286246e-01 6.25594591e-01 5.20580555e-01 4.56263215e-01 2.05499940e-01 5.26023401e-01 4.89566039e-01 0.00000000e+00 8.86808297e-01 9.88987778e-01 6.18539438e-01 9.95442632e-01 2.72298303e-01 5.19055098e-01 8.53801804e-01 9.07618036e-01 9.03047512e-01 8.05624476e-01 7.36914723e-01 6.24090495e-01 7.92403018e-01 7.58259242e-01 7.06417048e-01 9.08514195e-01
9.57254326e-01 8.79144804e-01 9.36266193e-01 8.34035436e-01 9.56095160e-01 9.91733023e-01 9.29585404e-01 9.83062700e-01 9.38791400e-01 8.85777219e-01 9.83697044e-01 9.94047607e-01 8.86808297e-01 0.00000000e+00 5.00719264e-01 9.30303418e-01 5.03064689e-01 8.77686555e-01 9.95795591e-01 8.13288091e-01 7.47295806e-01 7.36071770e-01 9.13027782e-01 9.05740509e-01 9.27231080e-01 8.39063701e-01 8.11231005e-01 9.37043955e-01 7.49206900e-01
9.05448701e-01 9.97069513e-01 9.12667467e-01 7.08497144e-01 8.50096563e-01 8.79677971e-01 8.22242088e-01 8.70515228e-01 9.15027339e-01 9.88749757e-01 8.72298058e-01 8.78519611e-01 9.88987778e-01 5.00719264e-01 0.00000000e+00 8.19511823e-01 2.44795623e-01 9.95648683e-01 8.74270500e-01 8.06800284e-01 7.41086076e-01 7.41266370e-01 8.67328257e-01 9.10385453e-01 9.94842269e-01 8.63001707e-01 8.86886763e-01 9.33304522e-01 7.44176681e-01
6.38012717e-01 6.07474098e-01 5.33310084e-01 4.44692354e-01 2.91410760e-01 4.03260197e-01 1.98476064e-01 3.67219543e-01 4.60591905e-01 6.15400019e-01 3.78481181e-01 4.08490242e-01 6.18539438e-01 9.30303418e-01 8.19511823e-01 0.00000000e+00 8.02116226e-01 6.06233816e-01 4.13892749e-01 8.70079246e-01 9.29544314e-01 9.28354224e-01 7.17866536e-01 6.99592224e-01 7.66636893e-01 7.97295026e-01 8.21463321e-01 7.36868056e-01 9.32010263e-01
9.03463167e-01 9.91266685e-01 9.07464710e-01 6.79162138e-01 8.34562386e-01 8.77957963e-01 8.02071311e-01 8.67156459e-01 9.03390934e-01 9.94715803e-01 8.69131065e-01 8.80532330e-01 9.95442632e-01 5.03064689e-01 2.44795623e-01 8.02116226e-01 0.00000000e+00 9.88592003e-01 8.84221575e-01 8.04196938e-01 7.37143217e-01 7.32480653e-01 8.62008831e-01 9.05253074e-01 9.94033108e-01 8.57817916e-01 8.83544576e-01 9.32149250e-01 7.40542111e-01
7.34107769e-01 2.61997971e-01 4.84220041e-01 7.33770432e-01 5.74713717e-01 5.25242746e-01 6.12488570e-01 5.30349253e-01 4.52941397e-01 2.57999262e-01 5.35465420e-01 5.34304588e-01 2.72298303e-01 8.77686555e-01 9.95648683e-01 6.06233816e-01 9.88592003e-01 0.00000000e+00 5.18889690e-01 8.55522159e-01 9.08895892e-01 9.03853435e-01 8.06991987e-01 7.38974068e-01 6.28328845e-01 7.94437749e-01 7.60762237e-01 7.08965260e-01 9.09868196e-01
6.64194990e-01 5.42384237e-01 4.31895640e-01 5.84849578e-01 3.67383186e-01 2.51858698e-01 4.29952937e-01 2.64354859e-01 4.06063681e-01 5.13446602e-01 2.77914478e-01 2.62345051e-01 5.19055098e-01 9.95795591e-01 8.74270500e-01 4.13892749e-01 8.84221575e-01 5.18889690e-01 0.00000000e+00 8.51243762e-01 9.05870684e-01 9.07070955e-01 7.52991366e-01 7.42492444e-01 7.25107688e-01 8.18699240e-01 8.40267232e-01 7.04651744e-01 9.07619356e-01
8.76233602e-01 8.58742478e-01 8.79704060e-01 8.65736039e-01 8.59378743e-01 8.49730148e-01 8.70765187e-01 8.43538850e-01 8.27249837e-01 8.52769727e-01 8.44868276e-01 8.49279310e-01 8.53801804e-01 8.13288091e-01 8.06800284e-01 8.70079246e-01 8.04196938e-01 8.55522159e-01 8.51243762e-01 0.00000000e+00 6.98889019e-01 8.03998473e-01 8.62014744e-01 8.79181606e-01 8.52195274e-01 8.95212338e-01 8.73383316e-01 8.23587000e-01 6.97533183e-01
9.34132055e-01 9.12268370e-01 9.30575614e-01 9.07999674e-01 9.25110498e-01 9.03609153e-01 9.29967890e-01 9.13620642e-01 8.99892855e-01 9.07391903e-01 9.14315521e-01 9.04887866e-01 9.07618036e-01 7.47295806e-01 7.41086076e-01 9.29544314e-01 7.37143217e-01 9.08895892e-01 9.05870684e-01 6.98889019e-01 0.00000000e+00 7.34440192e-01 9.21948503e-01 9.93567808e-01 9.03103707e-01 8.53885195e-01 8.68400635e-01 8.77672587e-01 5.59739109e-01
9.30924482e-01 9.07840071e-01 9.02566572e-01 9.05453623e-01 9.12864410e-01 9.04324049e-01 9.29306968e-01 8.93187545e-01 9.07311377e-01 9.02371991e-01 8.93544749e-01 9.04890545e-01 9.03047512e-01 7.36071770e-01 7.41266370e-01 9.28354224e-01 7.32480653e-01 9.03853435e-01 9.07070955e-01 8.03998473e-01 7.34440192e-01 0.00000000e+00 9.22872938e-01 9.08617523e-01 9.09212971e-01 8.53131630e-01 8.51019237e-01 9.64895777e-01 7.37396963e-01
7.50190886e-01 8.04881316e-01 7.72005785e-01 7.09793466e-01 7.41569476e-01 7.47461925e-01 7.21948540e-01 7.39907959e-01 7.71161410e-01 8.03995926e-01 7.42655115e-01 7.47914641e-01 8.05624476e-01 9.13027782e-01 8.67328257e-01 7.17866536e-01 8.62008831e-01 8.06991987e-01 7.52991366e-01 8.62014744e-01 9.21948503e-01 9.22872938e-01 0.00000000e+00 7.03567455e-01 7.93982886e-01 7.63994006e-01 8.72293769e-01 7.51764976e-01 9.19212961e-01
7.04965298e-01 7.35224052e-01 7.07108697e-01 7.26905008e-01 7.11031015e-01 7.37450832e-01 7.04656206e-01 7.22966490e-01 7.42324676e-01 7.34247286e-01 7.25890679e-01 7.39259008e-01 7.36914723e-01 9.05740509e-01 9.10385453e-01 6.99592224e-01 9.05253074e-01 7.38974068e-01 7.42492444e-01 8.79181606e-01 9.93567808e-01 9.08617523e-01 7.03567455e-01 0.00000000e+00 7.24597959e-01 7.69371426e-01 8.01756152e-01 7.68018363e-01 9.94948932e-01
7.48276619e-01 6.27943591e-01 6.98915513e-01 8.32166288e-01 7.50211748e-01 7.20108943e-01 7.69386347e-01 7.25674022e-01 6.93806666e-01 6.19827673e-01 7.25577842e-01 7.24468253e-01 6.24090495e-01 9.27231080e-01 9.94842269e-01 7.66636893e-01 9.94033108e-01 6.28328845e-01 7.25107688e-01 8.52195274e-01 9.03103707e-01 9.09212971e-01 7.93982886e-01 7.24597959e-01 0.00000000e+00 7.76173919e-01 7.75264059e-01 7.22877811e-01 9.06752960e-01
8.19428988e-01 7.91145823e-01 8.15728735e-01 8.06057137e-01 8.20557881e-01 8.09724753e-01 7.99448568e-01 8.21376839e-01 8.50067466e-01 7.90775618e-01 8.23247973e-01 8.13953221e-01 7.92403018e-01 8.39063701e-01 8.63001707e-01 7.97295026e-01 8.57817916e-01 7.94437749e-01 8.18699240e-01 8.95212338e-01 8.53885195e-01 8.53131630e-01 7.63994006e-01 7.69371426e-01 7.76173919e-01 0.00000000e+00 8.17493072e-01 8.17191652e-01 8.54658427e-01
8.09104065e-01 7.58284112e-01 8.19494032e-01 8.84123070e-01 8.32778437e-01 8.36947440e-01 8.22247058e-01 8.37761502e-01 8.12784053e-01 7.56398926e-01 8.39709766e-01 8.40052061e-01 7.58259242e-01 8.11231005e-01 8.86886763e-01 8.21463321e-01 8.83544576e-01 7.60762237e-01 8.40267232e-01 8.73383316e-01 8.68400635e-01 8.51019237e-01 8.72293769e-01 8.01756152e-01 7.75264059e-01 8.17493072e-01 0.00000000e+00 8.44257941e-01 8.70913719e-01
7.41390987e-01 7.10397444e-01 7.07276370e-01 7.63598876e-01 7.31391241e-01 7.00997901e-01 7.40796163e-01 7.11985849e-01 6.96621322e-01 7.03753198e-01 7.14866261e-01 7.04223584e-01 7.06417048e-01 9.37043955e-01 9.33304522e-01 7.36868056e-01 9.32149250e-01 7.08965260e-01 7.04651744e-01 8.23587000e-01 8.77672587e-01 9.64895777e-01 7.51764976e-01 7.68018363e-01 7.22877811e-01 8.17191652e-01 8.44257941e-01 0.00000000e+00 8.77592813e-01
9.37620711e-01 9.12989551e-01 9.31387430e-01 9.09244299e-01 9.27564033e-01 9.05686248e-01 9.32365607e-01 9.14890096e-01 9.00547986e-01 9.08378053e-01 9.15637532e-01 9.06571868e-01 9.08514195e-01 7.49206900e-01 7.44176681e-01 9.32010263e-01 7.40542111e-01 9.09868196e-01 9.07619356e-01 6.97533183e-01 5.59739109e-01 7.37396963e-01 9.19212961e-01 9.94948932e-01 9.06752960e-01 8.54658427e-01 8.70913719e-01 8.77592813e-01 0.00000000e+00
