0.00000000e+00 6.92018658e-01 6.47127864e-01 6.82760866e-01 5.99672441e-01 6.08099431e-01 5.91766404e-01 6.07286172e-01 6.28225604e-01 6.90436137e-01 6.11766341e-01 6.13344751e-01 6.92009855e-01 9.41915102e-01 8.84362968e-01 5.83418436e-01 8.82664433e-01 6.93706555e-01 6.12095795e-01 8.53365826e-01 9.16149084e-01 9.12905772e-01 7.11565799e-01 6.59795963e-01 7.10170989e-01 7.89848289e-01 7.76470324e-01 7.03346375e-01 9.19821704e-01
6.92018658e-01 0.00000000e+00 4.72132769e-01 7.21880556e-01 5.69815959e-01 5.16195547e-01 6.01869058e-01 5.29422791e-01 4.33566078e-01 2.11958329e-01 5.26293610e-01 5.27972902e-01 2.44663791e-01 8.67730319e-01 9.85203267e-01 5.98005134e-01 9.79363540e-01 2.37705784e-01 5.29867324e-01 8.33476914e-01 8.91555872e-01 8.87607390e-01 7.74708456e-01 6.96456442e-01 5.69935022e-01 7.58185071e-01 7.19662351e-01 6.67586655e-01 8.92163228e-01
6.47127864e-01 4.72132769e-01 0.00000000e+00 6.08506517e-01 4.81995433e-01 3.96228704e-01 5.31792547e-01 4.10126191e-01 4.30717922e-01 4.50102741e-01 4.17925174e-01 4.11045131e-01 4.54266392e-01 9.24559136e-01 9.00615525e-01 5.21777415e-01 8.95864354e-01 4.68158396e-01 4.14207560e-01 8.56446019e-01 9.11731383e-01 8.81313869e-01 7.36302603e-01 6.62642592e-01 6.52704262e-01 7.85227316e-01 7.88988519e-01 6.62849129e-01 9.12437496e-01
6.82760866e-01 7.21880556e-01 6.08506517e-01 0.00000000e+00 4.95289287e-01 5.59763052e-01 4.39081737e-01 5.42268485e-01 5.99850002e-01 7.26373853e-01 5.48744304e-01 5.66439522e-01 7.31360282e-01 8.22548866e-01 6.96668381e-01 4.35452130e-01 6.70807056e-01 7.22837602e-01 5.73397952e-01 8.42467475e-01 8.88033649e-01 8.85405590e-01 6.66102228e-01 6.85987758e-01 8.05167017e-01 7.75231068e-01 8.61751462e-01 7.28727928e-01 8.89247895e-01
5.99672441e-01 5.69815959e-01 4.81995433e-01 4.95289287e-01 0.00000000e+00 3.35753528e-01 2.91467612e-01 3.04195818e-01 4.08874427e-01 5.72907234e-01 3.06827501e-01 3.40734654e-01 5.75814169e-01 9.44321117e-01 8.38300603e-01 2.76358376e-01 8.23605900e-01 5.61361732e-01 3.48995026e-01 8.34419734e-01 9.06064569e-01 8.92752883e-01 7.02231742e-01 6.67849825e-01 7.12512415e-01 7.90999358e-01 8.04368345e-01 6.91746431e-01 9.08730576e-01
6.08099431e-01 5.16195547e-01 3.96228704e-01 5.59763052e-01 3.35753528e-01 0.00000000e+00 3.93574154e-01 2.25095600e-01 3.65960371e-01 4.74192968e-01 2.40950635e-01 2.04061177e-01 4.96551513e-01 9.79829932e-01 8.67960130e-01 3.92231013e-01 8.67342513e-01 5.11590297e-01 2.26551021e-01 8.23752788e-01 8.82184002e-01 8.83287405e-01 7.09106497e-01 6.98458276e-01 6.78189290e-01 7.78805387e-01 8.09065540e-01 6.56916584e-01 8.84272744e-01
5.91766404e-01 6.01869058e-01 5.31792547e-01 4.39081737e-01 2.91467612e-01 3.93574154e-01 0.00000000e+00 3.66955768e-01 4.54075357e-01 6.07066402e-01 3.78043611e-01 4.06250135e-01 6.13671395e-01 9.17796683e-01 8.10274130e-01 1.74724533e-01 7.91710987e-01 5.99360013e-01 4.13292095e-01 8.47240549e-01 9.11596781e-01 9.10939497e-01 6.79482700e-01 6.60049135e-01 7.34276668e-01 7.67069501e-01 7.92311321e-01 7.02486772e-01 9.14195540e-01
6.07286172e-01 5.29422791e-01 4.10126191e-01 5.42268485e-01 3.04195818e-01 2.25095600e-01 3.66955768e-01 0.00000000e+00 3.34936881e-01 4.99193264e-01 1.06924519e-01 2.47576170e-01 5.09120912e-01 9.71204027e-01 8.58967741e-01 3.57201219e-01 8.57178514e-01 5.17758446e-01 2.43126823e-01 8.17074552e-01 8.93494643e-01 8.71155393e-01 7.00957439e-01 6.82231081e-01 6.85120106e-01 7.92215684e-01 8.10245063e-01 6.70221688e-01 8.94665884e-01
6.28225604e-01 4.33566078e-01 4.30717922e-01 5.99850002e-01 4.08874427e-01 3.65960371e-01 4.54075357e-01 3.34936881e-01 0.00000000e+00 4.14107804e-01 3.45065708e-01 3.89902667e-01 4.42519837e-01 9.26982018e-01 9.03356696e-01 4.50202417e-01 8.92469421e-01 4.37535494e-01 3.90097148e-01 7.98439619e-01 8.77990681e-01 8.86764554e-01 7.36535859e-01 7.04370255e-01 6.47442030e-01 8.24473696e-01 7.81920306e-01 6.51703010e-01 8.78455908e-01
6.90436137e-01 2.11958329e-01 4.50102741e-01 7.26373853e-01 5.72907234e-01 4.74192968e-01 6.07066402e-01 4.99193264e-01 4.14107804e-01 0.00000000e+00 5.04764707e-01 4.99216339e-01 1.76834876e-01 8.74196666e-01 9.76736709e-01 6.05631586e-01 9.82636954e-01 2.32207181e-01 4.99911628e-01 8.26679588e-01 8.86019422e-01 8.81323993e-01 7.73655371e-01 6.95277836e-01 5.59833222e-01 7.57788768e-01 7.17277550e-01 6.59653552e-01 8.86809947e-01
6.11766341e-01 5.26293610e-01 4.17925174e-01 5.48744304e-01 3.06827501e-01 2.40950635e-01 3.78043611e-01 1.06924519e-01 3.45065708e-01 5.04764707e-01 0.00000000e+00 2.62466816e-01 5.14664260e-01 9.71829227e-01 8.60768286e-01 3.68780335e-01 8.59081420e-01 5.22987376e-01 2.57808222e-01 8.18580694e-01 8.94267704e-01 8.71548093e-01 7.04158442e-01 6.85592158e-01 6.85188300e-01 7.94324125e-01 8.12426453e-01 6.73505641e-01 8.95495873e-01
6.13344751e-01 5.27972902e-01 4.11045131e-01 5.66439522e-01 3.40734654e-01 2.04061177e-01 4.06250135e-01 2.47576170e-01 3.89902667e-01 4.99216339e-01 2.62466816e-01 0.00000000e+00 4.82490229e-01 9.82215629e-01 8.66472824e-01 3.95190688e-01 8.69190932e-01 5.19309506e-01 2.33138597e-01 8.22709350e-01 8.83303747e-01 8.83780127e-01 7.08817485e-01 6.99672905e-01 6.82299929e-01 7.82984893e-01 8.12269546e-01 6.59645448e-01 8.85038555e-01
6.92009855e-01 2.44663791e-01 4.54266392e-01 7.31360282e-01 5.75814169e-01 4.96551513e-01 6.13671395e-01 5.09120912e-01 4.42519837e-01 1.76834876e-01 5.14664260e-01 4.82490229e-01 0.00000000e+00 8.74895257e-01 9.77030810e-01 6.07646218e-01 9.83383638e-01 2.42700211e-01 5.03745479e-01 8.27395964e-01 8.86000516e-01 8.81840610e-01 7.74908697e-01 6.97355798e-01 5.63461503e-01 7.58971105e-01 7.18738246e-01 6.61694391e-01 8.86735071e-01
9.41915102e-01 8.67730319e-01 9.24559136e-01 8.22548866e-01 9.44321117e-01 9.79829932e-01 9.17796683e-01 9.71204027e-01 9.26982018e-01 8.74196666e-01 9.71829227e-01 9.82215629e-01 8.74895257e-01 0.00000000e+00 4.91201729e-01 9.18611050e-01 4.90492153e-01 8.66113166e-01 9.84098710e-01 7.82852029e-01 7.07810613e-01 6.96750711e-01 8.92836290e-01 8.84558462e-01 9.07909237e-01 8.11031618e-01 7.78726369e-01 9.19164713e-01 7.09111238e-01
8.84362968e-01 9.85203267e-01 9.00615525e-01 6.96668381e-01 8.38300603e-01 8.67960130e-01 8.10274130e-01 8.58967741e-01 9.03356696e-01 9.76736709e-01 8.60768286e-01 8.66472824e-01 9.77030810e-01 4.91201729e-01 0.00000000e+00 8.07921318e-01 2.20632266e-01 9.83769760e-01 8.63589412e-01 7.75852126e-01 7.00906423e-01 7.02321590e-01 8.41472179e-01 8.89198680e-01 9.82606588e-01 8.37494296e-01 8.64162424e-01 9.15265220e-01 7.03703537e-01
5.83418436e-01 5.98005134e-01 5.21777415e-01 4.35452130e-01 2.76358376e-01 3.92231013e-01 1.74724533e-01 3.57201219e-01 4.50202417e-01 6.05631586e-01 3.68780335e-01 3.95190688e-01 6.07646218e-01 9.18611050e-01 8.07921318e-01 0.00000000e+00 7.91623646e-01 5.94066733e-01 3.98891958e-01 8.46671623e-01 9.11142668e-01 9.09903299e-01 6.75499297e-01 6.54966661e-01 7.31710717e-01 7.65058305e-01 7.91864769e-01 6.98657789e-01 9.13818523e-01
8.82664433e-01 9.79363540e-01 8.95864354e-01 6.70807056e-01 8.23605900e-01 8.67342513e-01 7.91710987e-01 8.57178514e-01 8.92469421e-01 9.82636954e-01 8.59081420e-01 8.69190932e-01 9.83383638e-01 4.90492153e-01 2.20632266e-01 7.91623646e-01 0.00000000e+00 9.76480559e-01 8.72734639e-01 7.74245365e-01 6.98278653e-01 6.94050147e-01 8.36322105e-01 8.84016660e-01 9.81645966e-01 8.32550282e-01 8.61145726e-01 9.14347087e-01 7.01354763e-01
6.93706555e-01 2.37705784e-01 4.68158396e-01 7.22837602e-01 5.61361732e-01 5.11590297e-01 5.99360013e-01 5.17758446e-01 4.37535494e-01 2.32207181e-01 5.22987376e-01 5.19309506e-01 2.42700211e-01 8.66113166e-01 9.83769760e-01 5.94066733e-01 9.76480559e-01 0.00000000e+00 5.05662938e-01 8.28941955e-01 8.87272230e-01 8.82534587e-01 7.75916684e-01 6.99005915e-01 5.67399655e-01 7.60651704e-01 7.20966255e-01 6.63867933e-01 8.88064785e-01
6.12095795e-01 5.29867324e-01 4.14207560e-01 5.73397952e-01 3.48995026e-01 2.26551021e-01 4.13292095e-01 2.43126823e-01 3.90097148e-01 4.99911628e-01 2.57808222e-01 2.33138597e-01 5.03745479e-01 9.84098710e-01 8.63589412e-01 3.98891958e-01 8.72734639e-01 5.05662938e-01 0.00000000e+00 8.24826974e-01 8.84435848e-01 8.86024478e-01 7.14256332e-01 7.02836481e-01 6.82587101e-01 7.88121412e-01 8.12217323e-01 6.59549067e-01 8.86233810e-01
8.53365826e-01 8.33476914e-01 8.56446019e-01 8.42467475e-01 8.34419734e-01 8.23752788e-01 8.47240549e-01 8.17074552e-01 7.98439619e-01 8.26679588e-01 8.18580694e-01 8.22709350e-01 8.27395964e-01 7.82852029e-01 7.75852126e-01 8.46671623e-01 7.74245365e-01 8.28941955e-01 8.24826974e-01 0.00000000e+00 6.56870938e-01 7.73099055e-01 8.40070236e-01 8.69169747e-01 8.28972035e-01 8.76124177e-01 8.48500824e-01 7.93686687e-01 6.54694654e-01
9.16149084e-01 8.91555872e-01 9.11731383e-01 8.88033649e-01 9.06064569e-01 8.82184002e-01 9.11596781e-01 8.93494643e-01 8.77990681e-01 8.86019422e-01 8.94267704e-01 8.83303747e-01 8.86000516e-01 7.07810613e-01 7.00906423e-01 9.11142668e-01 6.98278653e-01 8.87272230e-01 8.84435848e-01 6.56870938e-01 0.00000000e+00 6.94625350e-01 9.04561688e-01 9.81368828e-01 8.83503130e-01 8.29863780e-01 8.42460078e-01 8.52982655e-01 5.01394815e-01
9.12905772e-01 8.87607390e-01 8.81313869e-01 8.85405590e-01 8.92752883e-01 8.83287405e-01 9.10939497e-01 8.71155393e-01 8.86764554e-01 8.81323993e-01 8.71548093e-01 8.83780127e-01 8.81840610e-01 6.96750711e-01 7.02321590e-01 9.09903299e-01 6.94050147e-01 8.82534587e-01 8.86024478e-01 7.73099055e-01 6.94625350e-01 0.00000000e+00 9.03433150e-01 8.87626188e-01 8.88501662e-01 8.27137164e-01 8.23932860e-01 9.49580125e-01 6.96993739e-01
7.11565799e-01 7.74708456e-01 7.36302603e-01 6.66102228e-01 7.02231742e-01 7.09106497e-01 6.79482700e-01 7.00957439e-01 7.36535859e-01 7.73655371e-01 7.04158442e-01 7.08817485e-01 7.74908697e-01 8.92836290e-01 8.41472179e-01 6.75499297e-01 8.36322105e-01 7.75916684e-01 7.14256332e-01 8.40070236e-01 9.04561688e-01 9.03433150e-01 0.00000000e+00 6.65088496e-01 7.67058351e-01 7.34037556e-01 8.47559351e-01 7.14689231e-01 9.01113517e-01
6.59795963e-01 6.96456442e-01 6.62642592e-01 6.85987758e-01 6.67849825e-01 6.98458276e-01 6.60049135e-01 6.82231081e-01 7.04370255e-01 6.95277836e-01 6.85592158e-01 6.99672905e-01 6.97355798e-01 8.84558462e-01 8.89198680e-01 6.54966661e-01 8.84016660e-01 6.99005915e-01 7.02836481e-01 8.69169747e-01 9.81368828e-01 8.87626188e-01 6.65088496e-01 0.00000000e+00 6.89251228e-01 7.39011621e-01 7.68102094e-01 7.32777560e-01 9.82743221e-01
7.10170989e-01 5.69935022e-01 6.52704262e-01 8.05167017e-01 7.12512415e-01 6.78189290e-01 7.34276668e-01 6.85120106e-01 6.47442030e-01 5.59833222e-01 6.85188300e-01 6.82299929e-01 5.63461503e-01 9.07909237e-01 9.82606588e-01 7.31710717e-01 9.81645966e-01 5.67399655e-01 6.82587101e-01 8.28972035e-01 8.83503130e-01 8.88501662e-01 7.67058351e-01 6.89251228e-01 0.00000000e+00 7.46770844e-01 7.36719049e-01 6.80741561e-01 8.87151209e-01
7.89848289e-01 7.58185071e-01 7.85227316e-01 7.75231068e-01 7.90999358e-01 7.78805387e-01 7.67069501e-01 7.92215684e-01 8.24473696e-01 7.57788768e-01 7.94324125e-01 7.82984893e-01 7.58971105e-01 8.11031618e-01 8.37494296e-01 7.65058305e-01 8.32550282e-01 7.60651704e-01 7.88121412e-01 8.76124177e-01 8.29863780e-01 8.27137164e-01 7.34037556e-01 7.39011621e-01 7.46770844e-01 0.00000000e+00 7.85459534e-01 7.87525781e-01 8.30368652e-01
7.76470324e-01 7.19662351e-01 7.88988519e-01 8.61751462e-01 8.04368345e-01 8.09065540e-01 7.92311321e-01 8.10245063e-01 7.81920306e-01 7.17277550e-01 8.12426453e-01 8.12269546e-01 7.18738246e-01 7.78726369e-01 8.64162424e-01 7.91864769e-01 8.61145726e-01 7.20966255e-01 8.12217323e-01 8.48500824e-01 8.42460078e-01 8.23932860e-01 8.47559351e-01 7.68102094e-01 7.36719049e-01 7.85459534e-01 0.00000000e+00 8.16185432e-01 8.44987602e-01
7.03346375e-01 6.67586655e-01 6.62849129e-01 7.28727928e-01 6.91746431e-01 6.56916584e-01 7.02486772e-01 6.70221688e-01 6.51703010e-01 6.59653552e-01 6.73505641e-01 6.59645448e-01 6.61694391e-01 9.19164713e-01 9.15265220e-01 6.98657789e-01 9.14347087e-01 6.63867933e-01 6.59549067e-01 7.93686687e-01 8.52982655e-01 9.49580125e-01 7.14689231e-01 7.32777560e-01 6.80741561e-01 7.87525781e-01 8.16185432e-01 0.00000000e+00 8.52618189e-01
9.19821704e-01 8.92163228e-01 9.12437496e-01 8.89247895e-01 9.08730576e-01 8.84272744e-01 9.14195540e-01 8.94665884e-01 8.78455908e-01 8.86809947e-01 8.95495873e-01 8.85038555e-01 8.86735071e-01 7.09111238e-01 7.03703537e-01 9.13818523e-01 7.01354763e-01 8.88064785e-01 8.86233810e-01 6.54694654e-01 5.01394815e-01 6.96993739e-01 9.01113517e-01 9.82743221e-01 8.87151209e-01 8.30368652e-01 8.44987602e-01 8.52618189e-01 0.00000000e+00
