0.00000000e+00 7.75728365e-01 7.47760503e-01 7.70531484e-01 7.14975293e-01 7.19750589e-01 7.10478952e-01 7.18157455e-01 7.32771690e-01 7.74860138e-01 7.21087933e-01 7.25238489e-01 7.77586764e-01 9.64478373e-01 9.21974422e-01 7.02959517e-01 9.19621801e-01 7.80096026e-01 7.25752436e-01 8.96420184e-01 9.45682279e-01 9.42323975e-01 7.93568719e-01 7.57317586e-01 7.91210437e-01 8.49283537e-01 8.43521672e-01 7.84465750e-01 9.48687356e-01
7.75728365e-01 0.00000000e+00 4.97291781e-01 7.32785742e-01 5.88387560e-01 5.28262329e-01 6.17268012e-01 5.40834184e-01 4.46902359e-01 2.34445843e-01 5.37657562e-01 5.50636365e-01 2.93771916e-01 8.82334903e-01 9.97926563e-01 6.13494959e-01 9.92119133e-01 2.95393205e-01 5.54770808e-01 8.82214246e-01 9.27512884e-01 9.22772732e-01 8.36223523e-01 7.79396893e-01 6.97283425e-01 8.26338860e-01 8.01480243e-01 7.60163383e-01 9.28502302e-01
7.47760503e-01 4.97291781e-01 0.00000000e+00 6.27067495e-01 5.09534120e-01 4.28392104e-01 5.57368188e-01 4.37353994e-01 4.60188476e-01 4.78143933e-01 4.44581334e-01 4.47598688e-01 4.87340106e-01 9.38562255e-01 9.15923696e-01 5.44076443e-01 9.09923176e-01 5.03249905e-01 4.53952137e-01 8.99920699e-01 9.42823648e-01 9.18932682e-01 8.11134279e-01 7.58734063e-01 7.52987724e-01 8.47019535e-01 8.50886403e-01 7.58926724e-01 9.43799019e-01
7.70531484e-01 7.32785742e-01 6.27067495e-01 0.00000000e+00 5.14689178e-01 5.71644922e-01 4.57220766e-01 5.51051994e-01 6.11450410e-01 7.37779349e-01 5.57396255e-01 5.86426241e-01 7.46910820e-01 8.37912025e-01 7.15803873e-01 4.53508847e-01 6.81051226e-01 7.39818103e-01 5.94934132e-01 8.86352295e-01 9.22670012e-01 9.20060264e-01 7.60308853e-01 7.73571394e-01 8.58694385e-01 8.37899043e-01 9.03077120e-01 8.02247533e-01 9.23759438e-01
7.14975293e-01 5.88387560e-01 5.09534120e-01 5.14689178e-01 0.00000000e+00 3.67995975e-01 3.33502297e-01 3.34221543e-01 4.35515656e-01 5.92063841e-01 3.36617188e-01 3.80266815e-01 5.98550315e-01 9.57837067e-01 8.54620034e-01 3.11440112e-01 8.37814454e-01 5.87555803e-01 3.91438241e-01 8.82565431e-01 9.37885426e-01 9.27185120e-01 7.86062337e-01 7.60891675e-01 7.92603200e-01 8.50396297e-01 8.61090125e-01 7.76862433e-01 9.39936350e-01
7.19750589e-01 5.28262329e-01 4.28392104e-01 5.71644922e-01 3.67995975e-01 0.00000000e+00 4.16934879e-01 2.47246535e-01 3.70600709e-01 4.80154063e-01 2.61558153e-01 2.62820399e-01 5.22271159e-01 9.92757132e-01 8.83262423e-01 4.15532734e-01 8.79666486e-01 5.39565160e-01 2.86427759e-01 8.74535771e-01 9.20177288e-01 9.20210453e-01 7.90476524e-01 7.81514526e-01 7.68390790e-01 8.41588677e-01 8.64364897e-01 7.52584778e-01 9.22139945e-01
7.10478952e-01 6.17268012e-01 5.57368188e-01 4.57220766e-01 3.33502297e-01 4.16934879e-01 0.00000000e+00 3.87768443e-01 4.74309921e-01 6.23067586e-01 3.98031679e-01 4.40402306e-01 6.35361159e-01 9.32099200e-01 8.27737059e-01 2.30562363e-01 8.05111946e-01 6.24262967e-01 4.50413665e-01 8.91799330e-01 9.41870911e-01 9.40938864e-01 7.70710670e-01 7.56282092e-01 8.08067928e-01 8.33517797e-01 8.52700068e-01 7.84551567e-01 9.43873877e-01
7.18157455e-01 5.40834184e-01 4.37353994e-01 5.51051994e-01 3.34221543e-01 2.47246535e-01 3.87768443e-01 0.00000000e+00 3.50997567e-01 5.12002169e-01 1.13622407e-01 2.90959632e-01 5.31354777e-01 9.84242959e-01 8.73987487e-01 3.78300592e-01 8.67999195e-01 5.42763038e-01 2.93143912e-01 8.69158124e-01 9.28138149e-01 9.10748030e-01 7.83906570e-01 7.69504991e-01 7.72167838e-01 8.50672135e-01 8.64693139e-01 7.60483368e-01 9.29489693e-01
7.32771690e-01 4.46902359e-01 4.60188476e-01 6.11450410e-01 4.35515656e-01 3.70600709e-01 4.74309921e-01 3.50997567e-01 0.00000000e+00 4.19441457e-01 3.60526843e-01 4.22121908e-01 4.71753128e-01 9.40957158e-01 9.17750918e-01 4.70839082e-01 9.04867843e-01 4.71054193e-01 4.26091768e-01 8.56236056e-01 9.17116967e-01 9.22492616e-01 8.09016527e-01 7.85092028e-01 7.48003239e-01 8.73953129e-01 8.44703815e-01 7.49249274e-01 9.18029594e-01
7.74860138e-01 2.34445843e-01 4.78143933e-01 7.37779349e-01 5.92063841e-01 4.80154063e-01 6.23067586e-01 5.12002169e-01 4.19441457e-01 0.00000000e+00 5.17408420e-01 5.24270609e-01 2.43822137e-01 8.89036273e-01 9.89911505e-01 6.21705928e-01 9.95732124e-01 2.93316334e-01 5.27655369e-01 8.77379360e-01 9.23524717e-01 9.18392738e-01 8.35516335e-01 7.78599368e-01 6.91339790e-01 8.25948176e-01 8.00138248e-01 7.55088846e-01 9.24865166e-01
7.21087933e-01 5.37657562e-01 4.44581334e-01 5.57396255e-01 3.36617188e-01 2.61558153e-01 3.98031679e-01 1.13622407e-01 3.60526843e-01 5.17408420e-01 0.00000000e+00 3.03528543e-01 5.36608500e-01 9.84859127e-01 8.75716322e-01 3.89054959e-01 8.70059972e-01 5.47672756e-01 3.05209474e-01 8.70228884e-01 9.28712805e-01 9.11021443e-01 7.86068693e-01 7.71850405e-01 7.71818706e-01 8.52212039e-01 8.66273398e-01 7.62798621e-01 9.30107009e-01
7.25238489e-01 5.50636365e-01 4.47598688e-01 5.86426241e-01 3.80266815e-01 2.62820399e-01 4.40402306e-01 2.90959632e-01 4.22121908e-01 5.24270609e-01 3.03528543e-01 0.00000000e+00 4.93762690e-01 9.94984915e-01 8.82690326e-01 4.24270738e-01 8.83429622e-01 5.50593355e-01 3.01973476e-01 8.74841934e-01 9.21559281e-01 9.20899059e-01 7.91778085e-01 7.83964736e-01 7.72851451e-01 8.45721124e-01 8.67243994e-01 7.56225212e-01 9.23152292e-01
7.77586764e-01 2.93771916e-01 4.87340106e-01 7.46910820e-01 5.98550315e-01 5.22271159e-01 6.35361159e-01 5.31354777e-01 4.71753128e-01 2.43822137e-01 5.36608500e-01 4.93762690e-01 0.00000000e+00 8.90672156e-01 9.90120695e-01 6.26647550e-01 9.96450498e-01 3.12447347e-01 5.35951787e-01 8.78832445e-01 9.24049864e-01 9.19244440e-01 8.37614212e-01 7.81871338e-01 6.96102739e-01 8.28068089e-01 8.02365632e-01 7.58345371e-01 9.25277818e-01
9.64478373e-01 8.82334903e-01 9.38562255e-01 8.37912025e-01 9.57837067e-01 9.92757132e-01 9.32099200e-01 9.84242959e-01 9.40957158e-01 8.89036273e-01 9.84859127e-01 9.94984915e-01 8.90672156e-01 0.00000000e+00 5.08799161e-01 9.32465160e-01 5.15864191e-01 8.81141942e-01 9.96580700e-01 8.44686557e-01 7.91913308e-01 7.81015003e-01 9.27831685e-01 9.22149284e-01 9.40446659e-01 8.66271705e-01 8.45504641e-01 9.47849927e-01 7.94352835e-01
9.21974422e-01 9.97926563e-01 9.15923696e-01 7.15803873e-01 8.54620034e-01 8.83262423e-01 8.27737059e-01 8.73987487e-01 9.17750918e-01 9.89911505e-01 8.75716322e-01 8.82690326e-01 9.90120695e-01 5.08799161e-01 0.00000000e+00 8.24321027e-01 2.77952220e-01 9.96585997e-01 8.76430289e-01 8.39311397e-01 7.86958788e-01 7.85579718e-01 8.90901982e-01 9.26418180e-01 9.96312855e-01 8.86116048e-01 9.06408696e-01 9.44590247e-01 7.89941000e-01
7.02959517e-01 6.13494959e-01 5.44076443e-01 4.53508847e-01 3.11440112e-01 4.15532734e-01 2.30562363e-01 3.78300592e-01 4.70839082e-01 6.21705928e-01 3.89054959e-01 4.24270738e-01 6.26647550e-01 9.32465160e-01 8.24321027e-01 0.00000000e+00 8.05230158e-01 6.16462034e-01 4.32140602e-01 8.90906504e-01 9.41370397e-01 9.40028454e-01 7.66568859e-01 7.51367703e-01 8.05038732e-01 8.31118774e-01 8.51439386e-01 7.80477213e-01 9.43433240e-01
9.19621801e-01 9.92119133e-01 9.09923176e-01 6.81051226e-01 8.37814454e-01 8.79666486e-01 8.05111946e-01 8.67999195e-01 9.04867843e-01 9.95732124e-01 8.70059972e-01 8.83429622e-01 9.96450498e-01 5.15864191e-01 2.77952220e-01 8.05230158e-01 0.00000000e+00 9.89813532e-01 8.87365052e-01 8.35499981e-01 7.81598511e-01 7.76355142e-01 8.85483076e-01 9.21449385e-01 9.95613666e-01 8.80774633e-01 9.02695175e-01 9.43093932e-01 7.84951108e-01
7.80096026e-01 2.95393205e-01 5.03249905e-01 7.39818103e-01 5.87555803e-01 5.39565160e-01 6.24262967e-01 5.42763038e-01 4.71054193e-01 2.93316334e-01 5.47672756e-01 5.50593355e-01 3.12447347e-01 8.81141942e-01 9.96585997e-01 6.16462034e-01 9.89813532e-01 0.00000000e+00 5.32586218e-01 8.80703278e-01 9.25302244e-01 9.20173670e-01 8.39327612e-01 7.84446528e-01 7.00570401e-01 8.30403138e-01 8.05201014e-01 7.61246734e-01 9.26626264e-01
7.25752436e-01 5.54770808e-01 4.53952137e-01 5.94934132e-01 3.91438241e-01 2.86427759e-01 4.50413665e-01 2.93143912e-01 4.26091768e-01 5.27655369e-01 3.05209474e-01 3.01973476e-01 5.35951787e-01 9.96580700e-01 8.76430289e-01 4.32140602e-01 8.87365052e-01 5.32586218e-01 0.00000000e+00 8.76611672e-01 9.22429505e-01 9.22882807e-01 7.96336206e-01 7.87200744e-01 7.73923501e-01 8.49889670e-01 8.67853867e-01 7.57212074e-01 9.24061310e-01
8.96420184e-01 8.82214246e-01 8.99920699e-01 8.86352295e-01 8.82565431e-01 8.74535771e-01 8.91799330e-01 8.69158124e-01 8.56236056e-01 8.77379360e-01 8.70228884e-01 8.74841934e-01 8.78832445e-01 8.44686557e-01 8.39311397e-01 8.90906504e-01 8.35499981e-01 8.80703278e-01 8.76611672e-01 0.00000000e+00 7.47933521e-01 8.36240735e-01 8.80981440e-01 8.80080282e-01 8.73257529e-01 9.09176304e-01 8.96196908e-01 8.53903262e-01 7.47494545e-01
9.45682279e-01 9.27512884e-01 9.42823648e-01 9.22670012e-01 9.37885426e-01 9.20177288e-01 9.41870911e-01 9.28138149e-01 9.17116967e-01 9.23524717e-01 9.28712805e-01 9.21559281e-01 9.24049864e-01 7.91913308e-01 7.86958788e-01 9.41370397e-01 7.81598511e-01 9.25302244e-01 9.22429505e-01 7.47933521e-01 0.00000000e+00 7.79568901e-01 9.32645773e-01 9.94819167e-01 9.17198904e-01 8.75323430e-01 8.92535163e-01 8.99073255e-01 6.29692750e-01
9.42323975e-01 9.22772732e-01 9.18932682e-01 9.20060264e-01 9.27185120e-01 9.20210453e-01 9.40938864e-01 9.10748030e-01 9.22492616e-01 9.18392738e-01 9.11021443e-01 9.20899059e-01 9.19244440e-01 7.81015003e-01 7.85579718e-01 9.40028454e-01 7.76355142e-01 9.20173670e-01 9.22882807e-01 8.36240735e-01 7.79568901e-01 0.00000000e+00 9.36120767e-01 9.24506145e-01 9.24701842e-01 8.77108036e-01 8.77291185e-01 9.70958083e-01 7.82918157e-01
7.93568719e-01 8.36223523e-01 8.11134279e-01 7.60308853e-01 7.86062337e-01 7.90476524e-01 7.70710670e-01 7.83906570e-01 8.09016527e-01 8.35516335e-01 7.86068693e-01 7.91778085e-01 8.37614212e-01 9.27831685e-01 8.90901982e-01 7.66568859e-01 8.85483076e-01 8.39327612e-01 7.96336206e-01 8.80981440e-01 9.32645773e-01 9.36120767e-01 0.00000000e+00 7.47997090e-01 8.21393061e-01 7.95778717e-01 8.94477017e-01 7.93170343e-01 9.30711647e-01
7.57317586e-01 7.79396893e-01 7.58734063e-01 7.73571394e-01 7.60891675e-01 7.81514526e-01 7.56282092e-01 7.69504991e-01 7.85092028e-01 7.78599368e-01 7.71850405e-01 7.83964736e-01 7.81871338e-01 9.22149284e-01 9.26418180e-01 7.51367703e-01 9.21449385e-01 7.84446528e-01 7.87200744e-01 8.80080282e-01 9.94819167e-01 9.24506145e-01 7.47997090e-01 0.00000000e+00 7.64924101e-01 8.01573887e-01 8.37481533e-01 8.06570069e-01 9.96084694e-01
7.91210437e-01 6.97283425e-01 7.52987724e-01 8.58694385e-01 7.92603200e-01 7.68390790e-01 8.08067928e-01 7.72167838e-01 7.48003239e-01 6.91339790e-01 7.71818706e-01 7.72851451e-01 6.96102739e-01 9.40446659e-01 9.96312855e-01 8.05038732e-01 9.95613666e-01 7.00570401e-01 7.73923501e-01 8.73257529e-01 9.17198904e-01 9.24701842e-01 8.21393061e-01 7.64924101e-01 0.00000000e+00 8.07159196e-01 8.17776558e-01 7.71298068e-01 9.20977206e-01
8.49283537e-01 8.26338860e-01 8.47019535e-01 8.37899043e-01 8.50396297e-01 8.41588677e-01 8.33517797e-01 8.50672135e-01 8.73953129e-01 8.25948176e-01 8.52212039e-01 8.45721124e-01 8.28068089e-01 8.66271705e-01 8.86116048e-01 8.31118774e-01 8.80774633e-01 8.30403138e-01 8.49889670e-01 9.09176304e-01 8.75323430e-01 8.77108036e-01 7.95778717e-01 8.01573887e-01 8.07159196e-01 0.00000000e+00 8.50664182e-01 8.47135735e-01 8.76575140e-01
8.43521672e-01 8.01480243e-01 8.50886403e-01 9.03077120e-01 8.61090125e-01 8.64364897e-01 8.52700068e-01 8.64693139e-01 8.44703815e-01 8.00138248e-01 8.66273398e-01 8.67243994e-01 8.02365632e-01 8.45504641e-01 9.06408696e-01 8.51439386e-01 9.02695175e-01 8.05201014e-01 8.67853867e-01 8.96196908e-01 8.92535163e-01 8.77291185e-01 8.94477017e-01 8.37481533e-01 8.17776558e-01 8.50664182e-01 0.00000000e+00 8.71800071e-01 8.94979518e-01
7.84465750e-01 7.60163383e-01 7.58926724e-01 8.02247533e-01 7.76862433e-01 7.52584778e-01 7.84551567e-01 7.60483368e-01 7.49249274e-01 7.55088846e-01 7.62798621e-01 7.56225212e-01 7.58345371e-01 9.47849927e-01 9.44590247e-01 7.80477213e-01 9.43093932e-01 7.61246734e-01 7.57212074e-01 8.53903262e-01 8.99073255e-01 9.70958083e-01 7.93170343e-01 8.06570069e-01 7.71298068e-01 8.47135735e-01 8.71800071e-01 0.00000000e+00 8.99474207e-01
9.48687356e-01 9.28502302e-01 9.43799019e-01 9.23759438e-01 9.39936350e-01 9.22139945e-01 9.43873877e-01 9.29489693e-01 9.18029594e-01 9.24865166e-01 9.30107009e-01 9.23152292e-01 9.25277818e-01 7.94352835e-01 7.89941000e-01 9.43433240e-01 7.84951108e-01 9.26626264e-01 9.24061310e-01 7.47494545e-01 6.29692750e-01 7.82918157e-01 9.30711647e-01 9.96084694e-01 9.20977206e-01 8.76575140e-01 8.94979518e-01 8.99474207e-01 0.00000000e+00
