0.00000000e+00 5.34575592e-01 4.80949303e-01 5.23574059e-01 4.25592097e-01 4.34521375e-01 4.17381462e-01 4.32974642e-01 4.57227824e-01 5.32757354e-01 4.37978344e-01 4.41736928e-01 5.35872378e-01 9.16335844e-01 8.19837350e-01 4.07060228e-01 8.16245695e-01 5.38914216e-01 4.41154985e-01 7.67785326e-01 8.72602697e-01 8.66620391e-01 5.62786365e-01 4.96976072e-01 5.59917898e-01 6.71463866e-01 6.54649388e-01 5.49660596e-01 8.79132597e-01
5.34575592e-01 0.00000000e+00 2.34544672e-01 5.33607761e-01 3.36698729e-01 2.74261930e-01 3.73627608e-01 2.88145585e-01 1.94512296e-01 4.90685520e-02 2.84762129e-01 2.91185322e-01 7.03789752e-02 7.72895586e-01 9.94147614e-01 3.69024780e-01 9.82609640e-01 6.86429370e-02 2.94180661e-01 7.37438643e-01 8.32233578e-01 8.24173595e-01 6.47833933e-01 5.40554406e-01 3.94313154e-01 6.25911714e-01 5.74994794e-01 5.04664529e-01 8.33549920e-01
4.80949303e-01 2.34544672e-01 0.00000000e+00 3.83392195e-01 2.45269872e-01 1.68749558e-01 2.96593191e-01 1.78791958e-01 1.97512670e-01 2.14684712e-01 1.85257542e-01 1.82701024e-01 2.20459128e-01 8.76594385e-01 8.32961905e-01 2.84419645e-01 8.23492200e-01 2.34469048e-01 1.86533844e-01 7.73879233e-01 8.65970972e-01 8.14626417e-01 5.95992931e-01 5.00002709e-01 4.88482894e-01 6.65413369e-01 6.71570468e-01 5.00239864e-01 8.67482544e-01
5.23574059e-01 5.33607761e-01 3.83392195e-01 0.00000000e+00 2.55413014e-01 3.21997407e-01 2.01018095e-01 3.01027321e-01 3.69374105e-01 5.40544858e-01 3.08125663e-01 3.33238193e-01 5.50282984e-01 6.95615109e-01 5.01968202e-01 1.97751289e-01 4.61261210e-01 5.38419047e-01 3.42049029e-01 7.49498889e-01 8.24463407e-01 8.19846264e-01 5.03806764e-01 5.28390891e-01 6.92500731e-01 6.49728108e-01 7.81673602e-01 5.83083243e-01 8.26725196e-01
4.25592097e-01 3.36698729e-01 2.45269872e-01 2.55413014e-01 0.00000000e+00 1.22501911e-01 9.57938361e-02 1.00730344e-01 1.77500551e-01 3.40582728e-01 1.02350256e-01 1.28080804e-01 3.45608760e-01 9.14117956e-01 7.22664166e-01 8.49202308e-02 6.96494376e-01 3.30295856e-01 1.34970406e-01 7.38531825e-01 8.55829434e-01 8.33321432e-01 5.49925288e-01 5.05565104e-01 5.62817667e-01 6.73315235e-01 6.93519925e-01 5.34933147e-01 8.60375035e-01
4.34521375e-01 2.74261930e-01 1.68749558e-01 3.21997407e-01 1.22501911e-01 0.00000000e+00 1.63733049e-01 5.50911228e-02 1.36616822e-01 2.29671445e-01 6.24829233e-02 5.23989372e-02 2.59372480e-01 9.83534388e-01 7.73833332e-01 1.62618786e-01 7.70810186e-01 2.75879942e-01 6.34328040e-02 7.22041324e-01 8.16509501e-01 8.17801985e-01 5.58699329e-01 5.43833730e-01 5.18556890e-01 6.55654175e-01 7.00481018e-01 4.91398058e-01 8.20267579e-01
4.17381462e-01 3.73627608e-01 2.96593191e-01 2.01018095e-01 9.57938361e-02 1.63733049e-01 0.00000000e+00 1.42046519e-01 2.15586059e-01 3.80381120e-01 1.50276680e-01 1.77782756e-01 3.91368592e-01 8.64129023e-01 6.76082052e-01 3.93927481e-02 6.43318388e-01 3.75142249e-01 1.84859528e-01 7.58232010e-01 8.64840276e-01 8.63611440e-01 5.21209694e-01 4.96540368e-01 5.91955351e-01 6.39118013e-01 6.76090224e-01 5.48778955e-01 8.69305625e-01
4.32974642e-01 2.88145585e-01 1.78791958e-01 3.01027321e-01 1.00730344e-01 5.50911228e-02 1.42046519e-01 0.00000000e+00 1.17459414e-01 2.57022804e-01 1.20598705e-02 7.07069246e-02 2.71004114e-01 9.66412271e-01 7.57796763e-01 1.34850193e-01 7.51960325e-01 2.81270331e-01 6.98834915e-02 7.11557791e-01 8.34702678e-01 7.97783991e-01 5.47463788e-01 5.22680545e-01 5.26602787e-01 6.74659912e-01 7.01844334e-01 5.06923850e-01 8.37023887e-01
4.57227824e-01 1.94512296e-01 1.97512670e-01 3.69374105e-01 1.77500551e-01 1.36616822e-01 2.15586059e-01 1.17459414e-01 0.00000000e+00 1.75131352e-01 1.24349686e-01 1.63505967e-01 2.08176121e-01 8.81329293e-01 8.37275031e-01 2.12144903e-01 8.16115179e-01 2.05155910e-01 1.64887713e-01 6.84342294e-01 8.09807151e-01 8.23213936e-01 5.94689920e-01 5.51045925e-01 4.81367690e-01 7.22614697e-01 6.60617917e-01 4.85281267e-01 8.10986675e-01
5.32757354e-01 4.90685520e-02 2.14684712e-01 5.40544858e-01 3.40582728e-01 2.29671445e-01 3.80381120e-01 2.57022804e-01 1.75131352e-01 0.00000000e+00 2.62646704e-01 2.61820813e-01 4.22302253e-02 7.84601282e-01 9.77626082e-01 3.78717183e-01 9.89459528e-01 6.65636194e-02 2.63627413e-01 7.27216208e-01 8.23360066e-01 8.14275210e-01 6.46409449e-01 5.39119077e-01 3.84186344e-01 6.25326078e-01 5.72139335e-01 4.95268564e-01 8.25150687e-01
4.37978344e-01 2.84762129e-01 1.85257542e-01 3.08125663e-01 1.02350256e-01 6.24829233e-02 1.50276680e-01 1.20598705e-02 1.24349686e-01 2.62646704e-01 0.00000000e+00 7.83058928e-02 2.76700618e-01 9.67659875e-01 7.60903902e-01 1.43248004e-01 7.55388808e-01 2.86723217e-01 7.72364572e-02 7.13802404e-01 8.35972872e-01 7.98422219e-01 5.51536619e-01 5.26917277e-01 5.26463205e-01 6.77737226e-01 7.05112491e-01 5.11033771e-01 8.38392089e-01
4.41736928e-01 2.91185322e-01 1.82701024e-01 3.33238193e-01 1.28080804e-01 5.23989372e-02 1.77782756e-01 7.07069246e-02 1.63505967e-01 2.61820813e-01 7.83058928e-02 0.00000000e+00 2.39674907e-01 9.88130644e-01 7.71796707e-01 1.66864278e-01 7.75337184e-01 2.85481393e-01 6.88249258e-02 7.21275346e-01 8.18822050e-01 8.18826898e-01 5.59376311e-01 5.46503882e-01 5.24854250e-01 6.62519846e-01 7.05687465e-01 4.95930856e-01 8.21872552e-01
5.35872378e-01 7.03789752e-02 2.20459128e-01 5.50282984e-01 3.45608760e-01 2.59372480e-01 3.91368592e-01 2.71004114e-01 2.08176121e-01 4.22302253e-02 2.76700618e-01 2.39674907e-01 0.00000000e+00 7.86428955e-01 9.78096826e-01 3.82591036e-01 9.90906033e-01 7.41463657e-02 2.69418195e-01 7.28977521e-01 8.23770500e-01 8.15494809e-01 6.49030796e-01 5.43043309e-01 3.89488946e-01 6.27902544e-01 5.74957078e-01 4.99025046e-01 8.25398043e-01
9.16335844e-01 7.72895586e-01 8.76594385e-01 6.95615109e-01 9.14117956e-01 9.83534388e-01 8.64129023e-01 9.66412271e-01 8.81329293e-01 7.84601282e-01 9.67659875e-01 9.88130644e-01 7.86428955e-01 0.00000000e+00 2.50719781e-01 8.65464450e-01 2.53074082e-01 7.70333690e-01 9.91608859e-01 6.61437519e-01 5.58451021e-01 5.41801651e-01 8.33619730e-01 8.20365870e-01 8.59757476e-01 7.04027894e-01 6.58095743e-01 8.78051373e-01 5.61310978e-01
8.19837350e-01 9.94147614e-01 8.32961905e-01 5.01968202e-01 7.22664166e-01 7.73833332e-01 6.76082052e-01 7.57796763e-01 8.37275031e-01 9.77626082e-01 7.60903902e-01 7.71796707e-01 9.78096826e-01 2.50719781e-01 0.00000000e+00 6.71599628e-01 5.99248969e-02 9.91316301e-01 7.64348908e-01 6.50926699e-01 5.49208573e-01 5.49475831e-01 7.52258306e-01 8.28801673e-01 9.89711140e-01 7.44771946e-01 7.86568130e-01 8.71057331e-01 5.53798932e-01
4.07060228e-01 3.69024780e-01 2.84419645e-01 1.97751289e-01 8.49202308e-02 1.62618786e-01 3.93927481e-02 1.34850193e-01 2.12144903e-01 3.78717183e-01 1.43248004e-01 1.66864278e-01 3.82591036e-01 8.65464450e-01 6.71599628e-01 0.00000000e+00 6.43390440e-01 3.67519439e-01 1.71307208e-01 7.57037895e-01 8.64052632e-01 8.61841566e-01 5.15332363e-01 4.89429280e-01 5.87732126e-01 6.35679359e-01 6.74801988e-01 5.42974532e-01 8.68643131e-01
8.16245695e-01 9.82609640e-01 8.23492200e-01 4.61261210e-01 6.96494376e-01 7.70810186e-01 6.43318388e-01 7.51960325e-01 8.16115179e-01 9.89459528e-01 7.55388808e-01 7.75337184e-01 9.90906033e-01 2.53074082e-01 5.99248969e-02 6.43390440e-01 0.00000000e+00 9.77314148e-01 7.81847793e-01 6.46732714e-01 5.43380123e-01 5.36527907e-01 7.43059224e-01 8.19483129e-01 9.88101820e-01 7.35851577e-01 7.80651018e-01 8.68902225e-01 5.48402619e-01
5.38914216e-01 6.86429370e-02 2.34469048e-01 5.38419047e-01 3.30295856e-01 2.75879942e-01 3.75142249e-01 2.81270331e-01 2.05155910e-01 6.65636194e-02 2.86723217e-01 2.85481393e-01 7.41463657e-02 7.70333690e-01 9.91316301e-01 3.67519439e-01 9.77314148e-01 0.00000000e+00 2.69246511e-01 7.31918165e-01 8.26091742e-01 8.16951032e-01 6.51236068e-01 5.46082672e-01 3.94797137e-01 6.31131337e-01 5.78759181e-01 5.02631740e-01 8.27860135e-01
4.41154985e-01 2.94180661e-01 1.86533844e-01 3.42049029e-01 1.34970406e-01 6.34328040e-02 1.84859528e-01 6.98834915e-02 1.64887713e-01 2.63627413e-01 7.72364572e-02 6.88249258e-02 2.69418195e-01 9.91608859e-01 7.64348908e-01 1.71307208e-01 7.81847793e-01 2.69246511e-01 0.00000000e+00 7.24615942e-01 8.20601695e-01 8.22777717e-01 5.66995997e-01 5.51295029e-01 5.25781160e-01 6.70268446e-01 7.06049022e-01 4.96534080e-01 8.23772895e-01
7.67785326e-01 7.37438643e-01 7.73879233e-01 7.49498889e-01 7.38531825e-01 7.22041324e-01 7.58232010e-01 7.11557791e-01 6.84342294e-01 7.27216208e-01 7.13802404e-01 7.21275346e-01 7.28977521e-01 6.61437519e-01 6.50926699e-01 7.57037895e-01 6.46732714e-01 7.31918165e-01 7.24615942e-01 0.00000000e+00 4.88445861e-01 6.46413544e-01 7.43069419e-01 7.72960297e-01 7.26236786e-01 8.01405130e-01 7.62798417e-01 6.78295546e-01 4.86552541e-01
8.72602697e-01 8.32233578e-01 8.65970972e-01 8.24463407e-01 8.55829434e-01 8.16509501e-01 8.64840276e-01 8.34702678e-01 8.09807151e-01 8.23360066e-01 8.35972872e-01 8.18822050e-01 8.23770500e-01 5.58451021e-01 5.49208573e-01 8.64052632e-01 5.43380123e-01 8.26091742e-01 8.20601695e-01 4.88445861e-01 0.00000000e+00 5.39402396e-01 8.49989042e-01 9.87176989e-01 8.15596306e-01 7.29119927e-01 7.54119663e-01 7.70309169e-01 3.13307870e-01
8.66620391e-01 8.24173595e-01 8.14626417e-01 8.19846264e-01 8.33321432e-01 8.17801985e-01 8.63611440e-01 7.97783991e-01 8.23213936e-01 8.14275210e-01 7.98422219e-01 8.18826898e-01 8.15494809e-01 5.41801651e-01 5.49475831e-01 8.61841566e-01 5.36527907e-01 8.16951032e-01 8.22777717e-01 6.46413544e-01 5.39402396e-01 0.00000000e+00 8.51694459e-01 8.25585803e-01 8.26668227e-01 7.27833578e-01 7.24233742e-01 9.31023860e-01 5.43754281e-01
5.62786365e-01 6.47833933e-01 5.95992931e-01 5.03806764e-01 5.49925288e-01 5.58699329e-01 5.21209694e-01 5.47463788e-01 5.94689920e-01 6.46409449e-01 5.51536619e-01 5.59376311e-01 6.49030796e-01 8.33619730e-01 7.52258306e-01 5.15332363e-01 7.43059224e-01 6.51236068e-01 5.66995997e-01 7.43069419e-01 8.49989042e-01 8.51694459e-01 0.00000000e+00 4.95007164e-01 6.30408822e-01 5.83686841e-01 7.60896420e-01 5.65150580e-01 8.44952468e-01
4.96976072e-01 5.40554406e-01 5.00002709e-01 5.28390891e-01 5.05565104e-01 5.43833730e-01 4.96540368e-01 5.22680545e-01 5.51045925e-01 5.39119077e-01 5.26917277e-01 5.46503882e-01 5.43043309e-01 8.20365870e-01 8.28801673e-01 4.89429280e-01 8.19483129e-01 5.46082672e-01 5.51295029e-01 7.72960297e-01 9.87176989e-01 8.25585803e-01 4.95007164e-01 0.00000000e+00 5.25042202e-01 5.91932392e-01 6.42812928e-01 5.89852205e-01 9.89923377e-01
5.59917898e-01 3.94313154e-01 4.88482894e-01 6.92500731e-01 5.62817667e-01 5.18556890e-01 5.91955351e-01 5.26602787e-01 4.81367690e-01 3.84186344e-01 5.26463205e-01 5.24854250e-01 3.89488946e-01 8.59757476e-01 9.89711140e-01 5.87732126e-01 9.88101820e-01 3.94797137e-01 5.25781160e-01 7.26236786e-01 8.15596306e-01 8.26668227e-01 6.30408822e-01 5.25042202e-01 0.00000000e+00 6.02445952e-01 6.01034362e-01 5.22552329e-01 8.22200931e-01
6.71463866e-01 6.25911714e-01 6.65413369e-01 6.49728108e-01 6.73315235e-01 6.55654175e-01 6.39118013e-01 6.74659912e-01 7.22614697e-01 6.25326078e-01 6.77737226e-01 6.62519846e-01 6.27902544e-01 7.04027894e-01 7.44771946e-01 6.35679359e-01 7.35851577e-01 6.31131337e-01 6.70268446e-01 8.01405130e-01 7.29119927e-01 7.27833578e-01 5.83686841e-01 5.91932392e-01 6.02445952e-01 0.00000000e+00 6.68294923e-01 6.67802196e-01 7.30441027e-01
6.54649388e-01 5.74994794e-01 6.71570468e-01 7.81673602e-01 6.93519925e-01 7.00481018e-01 6.76090224e-01 7.01844334e-01 6.60617917e-01 5.72139335e-01 7.05112491e-01 7.05687465e-01 5.74957078e-01 6.58095743e-01 7.86568130e-01 6.74801988e-01 7.80651018e-01 5.78759181e-01 7.06049022e-01 7.62798417e-01 7.54119663e-01 7.24233742e-01 7.60896420e-01 6.42812928e-01 6.01034362e-01 6.68294923e-01 0.00000000e+00 7.12771470e-01 7.58490706e-01
5.49660596e-01 5.04664529e-01 5.00239864e-01 5.83083243e-01 5.34933147e-01 4.91398058e-01 5.48778955e-01 5.06923850e-01 4.85281267e-01 4.95268564e-01 5.11033771e-01 4.95930856e-01 4.99025046e-01 8.78051373e-01 8.71057331e-01 5.42974532e-01 8.68902225e-01 5.02631740e-01 4.96534080e-01 6.78295546e-01 7.70309169e-01 9.31023860e-01 5.65150580e-01 5.89852205e-01 5.22552329e-01 6.67802196e-01 7.12771470e-01 0.00000000e+00 7.70169146e-01
8.79132597e-01 8.33549920e-01 8.67482544e-01 8.26725196e-01 8.60375035e-01 8.20267579e-01 8.69305625e-01 8.37023887e-01 8.10986675e-01 8.25150687e-01 8.38392089e-01 8.21872552e-01 8.25398043e-01 5.61310978e-01 5.53798932e-01 8.68643131e-01 5.48402619e-01 8.27860135e-01 8.23772895e-01 4.86552541e-01 3.13307870e-01 5.43754281e-01 8.44952468e-01 9.89923377e-01 8.22200931e-01 7.30441027e-01 7.58490706e-01 7.70169146e-01 0.00000000e+00
