0.00000000e+00 4.78889823e-01 4.18774472e-01 4.66162400e-01 3.59607037e-01 3.69784918e-01 3.50187477e-01 3.68796495e-01 3.94667410e-01 4.76702059e-01 3.74258056e-01 3.76191783e-01 4.78877639e-01 8.87204060e-01 7.82097859e-01 3.40377072e-01 7.79096500e-01 4.81228785e-01 3.74661262e-01 7.28233233e-01 8.39329145e-01 8.33396948e-01 5.06325886e-01 4.35330713e-01 5.04342833e-01 6.23860319e-01 6.02906164e-01 4.94696124e-01 8.46071968e-01
4.78889823e-01 0.00000000e+00 2.22909351e-01 5.21111538e-01 3.24690227e-01 2.66457843e-01 3.62246363e-01 2.80288492e-01 1.87979544e-01 4.49263330e-02 2.76984964e-01 2.78755386e-01 5.98603707e-02 7.52955907e-01 9.70625477e-01 3.57610140e-01 9.59152943e-01 5.65040397e-02 2.80759381e-01 6.94683766e-01 7.94871873e-01 7.87846878e-01 6.00173192e-01 4.85051575e-01 3.24825929e-01 5.74844602e-01 5.17913900e-01 4.45671942e-01 7.95955226e-01
4.18774472e-01 2.22909351e-01 0.00000000e+00 3.70280182e-01 2.32319597e-01 1.56997186e-01 2.82803314e-01 1.68203492e-01 1.85517929e-01 2.02592477e-01 1.74661451e-01 1.68958100e-01 2.06357954e-01 8.54809596e-01 8.11108324e-01 2.72251671e-01 8.02572940e-01 2.19172283e-01 1.71567903e-01 7.33499783e-01 8.31254114e-01 7.76714135e-01 5.42141523e-01 4.39095204e-01 4.26022853e-01 6.16581938e-01 6.22502883e-01 4.39368968e-01 8.32542184e-01
4.66162400e-01 5.21111538e-01 3.70280182e-01 0.00000000e+00 2.45311478e-01 3.13334674e-01 1.92792772e-01 2.94055110e-01 3.59820025e-01 5.27618974e-01 3.01120311e-01 3.20853732e-01 5.34887862e-01 6.76586637e-01 4.85346833e-01 1.89618557e-01 4.49982107e-01 5.22494200e-01 3.28785211e-01 7.09751446e-01 7.88603762e-01 7.83943059e-01 4.43692179e-01 4.70579204e-01 6.48293925e-01 6.00983208e-01 7.42615583e-01 5.31044393e-01 7.90761820e-01
3.59607037e-01 3.24690227e-01 2.32319597e-01 2.45311478e-01 0.00000000e+00 1.12730431e-01 8.49533688e-02 9.25350956e-02 1.67178297e-01 3.28222698e-01 9.41431152e-02 1.16100104e-01 3.31561957e-01 8.91742371e-01 7.02747900e-01 7.63739518e-02 6.78326678e-01 3.15126994e-01 1.21797528e-01 6.96256292e-01 8.20953002e-01 7.97007711e-01 4.93129419e-01 4.46023389e-01 5.07673941e-01 6.25679985e-01 6.47008435e-01 4.78513125e-01 8.25791261e-01
3.69784918e-01 2.66457843e-01 1.56997186e-01 3.13334674e-01 1.12730431e-01 0.00000000e+00 1.54900615e-01 5.06680292e-02 1.33926993e-01 2.24858971e-01 5.80572087e-02 4.16409640e-02 2.46563405e-01 9.60066696e-01 7.53354788e-01 1.53845167e-01 7.52283034e-01 2.61724632e-01 5.13253650e-02 6.78568656e-01 7.78248614e-01 7.80196640e-01 5.02832025e-01 4.87843963e-01 4.59940713e-01 6.06537830e-01 6.54587047e-01 4.31539398e-01 7.81938286e-01
3.50187477e-01 3.62246363e-01 2.82803314e-01 1.92792772e-01 8.49533688e-02 1.54900615e-01 0.00000000e+00 1.34656536e-01 2.06184430e-01 3.68529616e-01 1.42916972e-01 1.65039172e-01 3.76592581e-01 8.42350752e-01 6.56544165e-01 3.05286625e-02 6.26806287e-01 3.59232425e-01 1.70810356e-01 7.17816548e-01 8.31008692e-01 8.29810767e-01 4.61696740e-01 4.35664861e-01 5.39162225e-01 5.88395619e-01 6.27757229e-01 4.93487665e-01 8.35753485e-01
3.68796495e-01 2.80288492e-01 1.68203492e-01 2.94055110e-01 9.25350956e-02 5.06680292e-02 1.34656536e-01 0.00000000e+00 1.12182714e-01 2.49193915e-01 1.14328527e-02 6.12939598e-02 2.59204103e-01 9.43237263e-01 7.37825580e-01 1.27592711e-01 7.34755004e-01 2.68073809e-01 5.91106519e-02 6.67610824e-01 7.98332677e-01 7.58911719e-01 4.91341332e-01 4.65439248e-01 4.69389559e-01 6.27605690e-01 6.56497062e-01 4.49197111e-01 8.00427045e-01
3.94667410e-01 1.87979544e-01 1.85517929e-01 3.59820025e-01 1.67178297e-01 1.33926993e-01 2.06184430e-01 1.12182714e-01 0.00000000e+00 1.71485274e-01 1.19070343e-01 1.52024090e-01 1.95823807e-01 8.59295661e-01 8.16053320e-01 2.02682216e-01 7.96501668e-01 1.91437309e-01 1.52175785e-01 6.37505825e-01 7.70867636e-01 7.86351374e-01 5.42485072e-01 4.96137456e-01 4.19181183e-01 6.79756875e-01 6.11399364e-01 4.24716813e-01 7.71684783e-01
4.76702059e-01 4.49263330e-02 2.02592477e-01 5.27618974e-01 3.28222698e-01 2.24858971e-01 3.68529616e-01 2.49193915e-01 1.71485274e-01 0.00000000e+00 2.54787409e-01 2.49216954e-01 3.12705732e-02 7.64219810e-01 9.54014598e-01 3.66789618e-01 9.65575383e-01 5.39201749e-02 2.49911636e-01 6.83399141e-01 7.85030416e-01 7.76731981e-01 5.98542634e-01 4.83411269e-01 3.13413236e-01 5.74243817e-01 5.14487084e-01 4.35142808e-01 7.86431882e-01
3.74258056e-01 2.76984964e-01 1.74661451e-01 3.01120311e-01 9.41431152e-02 5.80572087e-02 1.42916972e-01 1.14328527e-02 1.19070343e-01 2.54787409e-01 0.00000000e+00 6.88888296e-02 2.64879300e-01 9.44452047e-01 7.40922043e-01 1.35998936e-01 7.38020886e-01 2.73515795e-01 6.64650793e-02 6.70074352e-01 7.99714726e-01 7.59596079e-01 4.95839111e-01 4.70036607e-01 4.69483006e-01 6.30950816e-01 6.60036741e-01 4.53609848e-01 8.01912859e-01
3.76191783e-01 2.78755386e-01 1.68958100e-01 3.20853732e-01 1.16100104e-01 4.16409640e-02 1.65039172e-01 6.12939598e-02 1.52024090e-01 2.49216954e-01 6.88888296e-02 0.00000000e+00 2.32796821e-01 9.64747541e-01 7.50775156e-01 1.56175680e-01 7.55492876e-01 2.69682364e-01 5.43536055e-02 6.76850674e-01 7.80225509e-01 7.81067314e-01 5.02422227e-01 4.89542174e-01 4.65533192e-01 6.13065343e-01 6.59781815e-01 4.35132117e-01 7.83293243e-01
4.78877639e-01 5.98603707e-02 2.06357954e-01 5.34887862e-01 3.31561957e-01 2.46563405e-01 3.76592581e-01 2.59204103e-01 1.95823807e-01 3.12705732e-02 2.64879300e-01 2.32796821e-01 0.00000000e+00 7.65441710e-01 9.54589204e-01 3.69233926e-01 9.67043380e-01 5.89033923e-02 2.53759508e-01 6.84584081e-01 7.84996914e-01 7.77642862e-01 6.00483488e-01 4.86305109e-01 3.17488866e-01 5.76037138e-01 5.16584667e-01 4.37839467e-01 7.86299086e-01
8.87204060e-01 7.52955907e-01 8.54809596e-01 6.76586637e-01 8.91742371e-01 9.60066696e-01 8.42350752e-01 9.43237263e-01 8.59295661e-01 7.64219810e-01 9.44452047e-01 9.64747541e-01 7.65441710e-01 0.00000000e+00 2.41279139e-01 8.43846261e-01 2.40582553e-01 7.50152016e-01 9.68450271e-01 6.12857299e-01 5.00995864e-01 4.85461553e-01 7.97156641e-01 7.82443674e-01 8.24299183e-01 6.57772285e-01 6.06414758e-01 8.44863770e-01 5.02838748e-01
7.82097859e-01 9.70625477e-01 8.11108324e-01 4.85346833e-01 7.02747900e-01 7.53354788e-01 6.56544165e-01 7.37825580e-01 8.16053320e-01 9.54014598e-01 7.40922043e-01 7.50775156e-01 9.54589204e-01 2.41279139e-01 0.00000000e+00 6.52736857e-01 4.86785968e-02 9.67802940e-01 7.45786673e-01 6.01946521e-01 4.91269814e-01 4.93255615e-01 7.08075428e-01 7.90674292e-01 9.65515707e-01 7.01396696e-01 7.46776694e-01 8.37710423e-01 4.95198667e-01
3.40377072e-01 3.57610140e-01 2.72251671e-01 1.89618557e-01 7.63739518e-02 1.53845167e-01 3.05286625e-02 1.27592711e-01 2.02682216e-01 3.66789618e-01 1.35998936e-01 1.56175680e-01 3.69233926e-01 8.43846261e-01 6.52736857e-01 0.00000000e+00 6.26667997e-01 3.52915283e-01 1.59114794e-01 7.16852837e-01 8.30180961e-01 8.27924014e-01 4.56299300e-01 4.28981326e-01 5.35400573e-01 5.85314210e-01 6.27049812e-01 4.88122706e-01 8.35064293e-01
7.79096500e-01 9.59152943e-01 8.02572940e-01 4.49982107e-01 6.78326678e-01 7.52283034e-01 6.26806287e-01 7.34755004e-01 7.96501668e-01 9.65575383e-01 7.38020886e-01 7.55492876e-01 9.67043380e-01 2.40582553e-01 4.86785968e-02 6.26667997e-01 0.00000000e+00 9.53514282e-01 7.61665750e-01 5.99455885e-01 4.87593078e-01 4.81705607e-01 6.99434664e-01 7.81485454e-01 9.63628803e-01 6.93139972e-01 7.41571962e-01 8.36030595e-01 4.91898504e-01
4.81228785e-01 5.65040397e-02 2.19172283e-01 5.22494200e-01 3.15126994e-01 2.61724632e-01 3.59232425e-01 2.68073809e-01 1.91437309e-01 5.39201749e-02 2.73515795e-01 2.69682364e-01 5.89033923e-02 7.50152016e-01 9.67802940e-01 3.52915283e-01 9.53514282e-01 0.00000000e+00 2.55695007e-01 6.87144764e-01 7.87252010e-01 7.78867298e-01 6.02046701e-01 4.88609269e-01 3.21942369e-01 5.78591015e-01 5.19792341e-01 4.40720632e-01 7.88659061e-01
3.74661262e-01 2.80759381e-01 1.71567903e-01 3.28785211e-01 1.21797528e-01 5.13253650e-02 1.70810356e-01 5.91106519e-02 1.52175785e-01 2.49911636e-01 6.64650793e-02 5.43536055e-02 2.53759508e-01 9.68450271e-01 7.45786673e-01 1.59114794e-01 7.61665750e-01 2.55695007e-01 0.00000000e+00 6.80339537e-01 7.82226769e-01 7.85039376e-01 5.10162107e-01 4.93979119e-01 4.65925150e-01 6.21135359e-01 6.59696980e-01 4.35004971e-01 7.85410365e-01
7.28233233e-01 6.94683766e-01 7.33499783e-01 7.09751446e-01 6.96256292e-01 6.78568656e-01 7.17816548e-01 6.67610824e-01 6.37505825e-01 6.83399141e-01 6.70074352e-01 6.76850674e-01 6.84584081e-01 6.12857299e-01 6.01946521e-01 7.16852837e-01 5.99455885e-01 6.87144764e-01 6.80339537e-01 0.00000000e+00 4.31479430e-01 5.97682149e-01 7.05718001e-01 7.55456048e-01 6.87194634e-01 7.67593574e-01 7.19953648e-01 6.29938557e-01 4.28625090e-01
8.39329145e-01 7.94871873e-01 8.31254114e-01 7.88603762e-01 8.20953002e-01 7.78248614e-01 8.31008692e-01 7.98332677e-01 7.70867636e-01 7.85030416e-01 7.99714726e-01 7.80225509e-01 7.84996914e-01 5.00995864e-01 4.91269814e-01 8.30180961e-01 4.87593078e-01 7.87252010e-01 7.82226769e-01 4.31479430e-01 0.00000000e+00 4.82504377e-01 8.18231848e-01 9.63084776e-01 7.80577781e-01 6.88673893e-01 7.09738982e-01 7.27579410e-01 2.51396760e-01
8.33396948e-01 7.87846878e-01 7.76714135e-01 7.83943059e-01 7.97007711e-01 7.80196640e-01 8.29810767e-01 7.58911719e-01 7.86351374e-01 7.76731981e-01 7.59596079e-01 7.81067314e-01 7.77642862e-01 4.85461553e-01 4.93255615e-01 8.27924014e-01 4.81705607e-01 7.78867298e-01 7.85039376e-01 5.97682149e-01 4.82504377e-01 0.00000000e+00 8.16191457e-01 7.87880250e-01 7.89435203e-01 6.84155888e-01 6.78865358e-01 9.01702414e-01 4.85800273e-01
5.06325886e-01 6.00173192e-01 5.42141523e-01 4.43692179e-01 4.93129419e-01 5.02832025e-01 4.61696740e-01 4.91341332e-01 5.42485072e-01 5.98542634e-01 4.95839111e-01 5.02422227e-01 6.00483488e-01 7.97156641e-01 7.08075428e-01 4.56299300e-01 6.99434664e-01 6.02046701e-01 5.10162107e-01 7.05718001e-01 8.18231848e-01 8.16191457e-01 0.00000000e+00 4.42342708e-01 5.88378514e-01 5.38811134e-01 7.18356854e-01 5.10780697e-01 8.12005571e-01
4.35330713e-01 4.85051575e-01 4.39095204e-01 4.70579204e-01 4.46023389e-01 4.87843963e-01 4.35664861e-01 4.65439248e-01 4.96137456e-01 4.83411269e-01 4.70036607e-01 4.89542174e-01 4.86305109e-01 7.82443674e-01 7.90674292e-01 4.28981326e-01 7.81485454e-01 4.88609269e-01 4.93979119e-01 7.55456048e-01 9.63084776e-01 7.87880250e-01 4.42342708e-01 0.00000000e+00 4.75067255e-01 5.46138176e-01 5.89980826e-01 5.36962953e-01 9.65784239e-01
5.04342833e-01 3.24825929e-01 4.26022853e-01 6.48293925e-01 5.07673941e-01 4.59940713e-01 5.39162225e-01 4.69389559e-01 4.19181183e-01 3.13413236e-01 4.69483006e-01 4.65533192e-01 3.17488866e-01 8.24299183e-01 9.65515707e-01 5.35400573e-01 9.63628803e-01 3.21942369e-01 4.65925150e-01 6.87194634e-01 7.80577781e-01 7.89435203e-01 5.88378514e-01 4.75067255e-01 0.00000000e+00 5.57666693e-01 5.42754957e-01 4.63409073e-01 7.87037267e-01
6.23860319e-01 5.74844602e-01 6.16581938e-01 6.00983208e-01 6.25679985e-01 6.06537830e-01 5.88395619e-01 6.27605690e-01 6.79756875e-01 5.74243817e-01 6.30950816e-01 6.13065343e-01 5.76037138e-01 6.57772285e-01 7.01396696e-01 5.85314210e-01 6.93139972e-01 5.78591015e-01 6.21135359e-01 7.67593574e-01 6.88673893e-01 6.84155888e-01 5.38811134e-01 5.46138176e-01 5.57666693e-01 0.00000000e+00 6.16946679e-01 6.20196856e-01 6.89512098e-01
6.02906164e-01 5.17913900e-01 6.22502883e-01 7.42615583e-01 6.47008435e-01 6.54587047e-01 6.27757229e-01 6.56497062e-01 6.11399364e-01 5.14487084e-01 6.60036741e-01 6.59781815e-01 5.16584667e-01 6.06414758e-01 7.46776694e-01 6.27049812e-01 7.41571962e-01 5.19792341e-01 6.59696980e-01 7.19953648e-01 7.09738982e-01 6.78865358e-01 7.18356854e-01 5.89980826e-01 5.42754957e-01 6.16946679e-01 0.00000000e+00 6.66158660e-01 7.14004047e-01
4.94696124e-01 4.45671942e-01 4.39368968e-01 5.31044393e-01 4.78513125e-01 4.31539398e-01 4.93487665e-01 4.49197111e-01 4.24716813e-01 4.35142808e-01 4.53609848e-01 4.35132117e-01 4.37839467e-01 8.44863770e-01 8.37710423e-01 4.88122706e-01 8.36030595e-01 4.40720632e-01 4.35004971e-01 6.29938557e-01 7.27579410e-01 9.01702414e-01 5.10780697e-01 5.36962953e-01 4.63409073e-01 6.20196856e-01 6.66158660e-01 0.00000000e+00 7.26957776e-01
8.46071968e-01 7.95955226e-01 8.32542184e-01 7.90761820e-01 8.25791261e-01 7.81938286e-01 8.35753485e-01 8.00427045e-01 7.71684783e-01 7.86431882e-01 8.01912859e-01 7.83293243e-01 7.86299086e-01 5.02838748e-01 4.95198667e-01 8.35064293e-01 4.91898504e-01 7.88659061e-01 7.85410365e-01 4.28625090e-01 2.51396760e-01 4.85800273e-01 8.12005571e-01 9.65784239e-01 7.87037267e-01 6.89512098e-01 7.14004047e-01 7.26957776e-01 0.00000000e+00
