0.00000000e+00 6.01754497e-01 5.59145770e-01 5.93718768e-01 5.11189669e-01 5.18040910e-01 5.04780341e-01 5.15750130e-01 5.36954349e-01 6.00408233e-01 5.19967807e-01 5.25970866e-01 6.04641176e-01 9.30218532e-01 8.50036834e-01 4.94152083e-01 8.45704256e-01 6.08549809e-01 5.26716598e-01 8.03569147e-01 8.94314973e-01 8.87974474e-01 6.29751312e-01 5.73529926e-01 6.26013955e-01 7.21282527e-01 7.11528811e-01 6.15386514e-01 9.00007700e-01
6.01754497e-01 0.00000000e+00 2.47299115e-01 5.36974943e-01 3.46199921e-01 2.79061088e-01 3.81019799e-01 2.92501614e-01 1.99721718e-01 5.49648533e-02 2.89075654e-01 3.03200407e-01 8.63019383e-02 7.78514880e-01 9.95857426e-01 3.76376064e-01 9.84300375e-01 8.72571453e-02 3.07770649e-01 7.78301976e-01 8.60280150e-01 8.51509516e-01 6.99269780e-01 6.07459517e-01 4.86204174e-01 6.82835912e-01 6.42370580e-01 5.77848369e-01 8.62116524e-01
5.59145770e-01 2.47299115e-01 0.00000000e+00 3.93213644e-01 2.59625019e-01 1.83519794e-01 3.10659297e-01 1.91278516e-01 2.11773433e-01 2.28621621e-01 1.97652562e-01 2.00344585e-01 2.37500379e-01 8.80899106e-01 8.38916217e-01 2.96019175e-01 8.27960186e-01 2.53260467e-01 2.06072543e-01 8.09857264e-01 8.88916432e-01 8.44437274e-01 6.57938819e-01 5.75677379e-01 5.66990513e-01 7.17442093e-01 7.24007671e-01 5.75969772e-01 8.90756588e-01
5.93718768e-01 5.36974943e-01 3.93213644e-01 0.00000000e+00 2.64904950e-01 3.26777917e-01 2.09050829e-01 3.03658300e-01 3.73871603e-01 5.44318368e-01 3.10690586e-01 3.43895736e-01 5.57875773e-01 7.02096562e-01 5.12375185e-01 2.05670274e-01 4.63830773e-01 5.47330826e-01 3.53946622e-01 7.85620391e-01 8.51319951e-01 8.46510889e-01 5.78069553e-01 5.98412702e-01 7.37356046e-01 7.02074807e-01 8.15548285e-01 6.43601104e-01 8.53331498e-01
5.11189669e-01 3.46199921e-01 2.59625019e-01 2.64904950e-01 0.00000000e+00 1.35421038e-01 1.11223782e-01 1.11704040e-01 1.89673887e-01 3.50539592e-01 1.13311131e-01 1.44602851e-01 3.58262480e-01 9.17451847e-01 7.30375402e-01 9.69949431e-02 7.01933059e-01 3.45221821e-01 1.53223896e-01 7.78921739e-01 8.79629072e-01 8.59672246e-01 6.17893998e-01 5.78956141e-01 6.28219832e-01 7.23173862e-01 7.41476204e-01 6.03515240e-01 8.83480342e-01
5.18040910e-01 2.79061088e-01 1.83519794e-01 3.26777917e-01 1.35421038e-01 0.00000000e+00 1.73834693e-01 6.11308490e-02 1.37344885e-01 2.30547924e-01 6.84126675e-02 6.90745621e-02 2.72767164e-01 9.85566722e-01 7.80152507e-01 1.72667453e-01 7.73813127e-01 2.91130562e-01 8.20408609e-02 7.64812815e-01 8.46726242e-01 8.46787278e-01 6.24853134e-01 6.10764954e-01 5.90424406e-01 7.08271502e-01 7.47126675e-01 5.66383848e-01 8.50342079e-01
5.04780341e-01 3.81019799e-01 3.10659297e-01 2.09050829e-01 1.11223782e-01 1.73834693e-01 0.00000000e+00 1.50364365e-01 2.24969901e-01 3.88213217e-01 1.58429218e-01 1.93954191e-01 4.03683803e-01 8.68808918e-01 6.85148639e-01 5.31590033e-02 6.48205245e-01 3.89704251e-01 2.02872470e-01 7.95306044e-01 8.87120813e-01 8.85365945e-01 5.93994937e-01 5.71962603e-01 6.52973776e-01 6.94751918e-01 7.27097407e-01 6.15521161e-01 8.90897895e-01
5.15750130e-01 2.92501614e-01 1.91278516e-01 3.03658300e-01 1.11704040e-01 6.11308490e-02 1.50364365e-01 0.00000000e+00 1.23199292e-01 2.62146221e-01 1.29100513e-02 8.46575072e-02 2.82337899e-01 9.68734202e-01 7.63854128e-01 1.43111338e-01 7.53422602e-01 2.94591715e-01 8.59333530e-02 7.55435845e-01 8.61440424e-01 8.29461974e-01 6.14509510e-01 5.92137932e-01 5.96243170e-01 7.23643082e-01 7.47694225e-01 5.78334953e-01 8.63951090e-01
5.36954349e-01 1.99721718e-01 2.11773433e-01 3.73871603e-01 1.89673887e-01 1.37344885e-01 2.24969901e-01 1.23199292e-01 0.00000000e+00 1.75931136e-01 1.29979605e-01 1.78186905e-01 2.22551013e-01 8.85400372e-01 8.42266748e-01 2.21689441e-01 8.18785813e-01 2.21892052e-01 1.81554194e-01 7.33140184e-01 8.41103531e-01 8.50992627e-01 6.54507741e-01 6.16369492e-01 5.59508846e-01 7.63794072e-01 7.13524535e-01 5.61374475e-01 8.42778336e-01
6.00408233e-01 5.49648533e-02 2.28621621e-01 5.44318368e-01 3.50539592e-01 2.30547924e-01 3.88213217e-01 2.62146221e-01 1.75931136e-01 0.00000000e+00 2.67711473e-01 2.74859672e-01 5.94492343e-02 7.90385496e-01 9.79924788e-01 3.86518261e-01 9.91482463e-01 8.60344718e-02 2.78420189e-01 7.69794542e-01 8.52897902e-01 8.43445222e-01 6.98087547e-01 6.06216976e-01 4.77950705e-01 6.82190389e-01 6.40221216e-01 5.70159165e-01 8.55375575e-01
5.19967807e-01 2.89075654e-01 1.97652562e-01 3.10690586e-01 1.13311131e-01 6.84126675e-02 1.58429218e-01 1.29100513e-02 1.29979605e-01 2.67711473e-01 0.00000000e+00 9.21295764e-02 2.87948682e-01 9.69947500e-01 7.66879077e-01 1.51363761e-01 7.57004355e-01 2.99945448e-01 9.31528232e-02 7.57298311e-01 8.62507474e-01 8.29960069e-01 6.17903990e-01 5.95753047e-01 5.95704114e-01 7.26265359e-01 7.50429600e-01 5.81861736e-01 8.65099047e-01
5.25970866e-01 3.03200407e-01 2.00344585e-01 3.43895736e-01 1.44602851e-01 6.90745621e-02 1.93954191e-01 8.46575072e-02 1.78186905e-01 2.74859672e-01 9.21295764e-02 0.00000000e+00 2.43801594e-01 9.89994981e-01 7.79142211e-01 1.80005659e-01 7.80447897e-01 3.03153042e-01 9.11879802e-02 7.65348409e-01 8.49271507e-01 8.48055076e-01 6.26912535e-01 6.14600708e-01 5.97299366e-01 7.15244220e-01 7.52112145e-01 5.71876572e-01 8.52210155e-01
6.04641176e-01 8.63019383e-02 2.37500379e-01 5.57875773e-01 3.58262480e-01 2.72767164e-01 4.03683803e-01 2.82337899e-01 2.22551013e-01 5.94492343e-02 2.87948682e-01 2.43801594e-01 0.00000000e+00 7.93296889e-01 9.80338990e-01 3.92687152e-01 9.92913594e-01 9.76233445e-02 2.87244318e-01 7.72346466e-01 8.53868151e-01 8.45010340e-01 7.01597569e-01 6.11322789e-01 4.84559023e-01 6.85696760e-01 6.43790607e-01 5.75087701e-01 8.56139041e-01
9.30218532e-01 7.78514880e-01 8.80899106e-01 7.02096562e-01 9.17451847e-01 9.85566722e-01 8.68808918e-01 9.68734202e-01 8.85400372e-01 7.90385496e-01 9.69947500e-01 9.89994981e-01 7.93296889e-01 0.00000000e+00 2.58876586e-01 8.69491274e-01 2.66115863e-01 7.76411121e-01 9.93173092e-01 7.13495379e-01 6.27126688e-01 6.09984435e-01 8.60871636e-01 8.50359301e-01 8.84439919e-01 7.50426668e-01 7.14878099e-01 8.98419485e-01 6.30996426e-01
8.50036834e-01 9.95857426e-01 8.38916217e-01 5.12375185e-01 7.30375402e-01 7.80152507e-01 6.85148639e-01 7.63854128e-01 8.42266748e-01 9.79924788e-01 7.66879077e-01 7.79142211e-01 9.80338990e-01 2.58876586e-01 0.00000000e+00 6.79505156e-01 7.72574364e-02 9.93183649e-01 7.68130052e-01 7.04443621e-01 6.19304135e-01 6.17135494e-01 7.93706341e-01 8.58250645e-01 9.92639304e-01 7.85201651e-01 8.21576725e-01 8.92250735e-01 6.24006784e-01
4.94152083e-01 3.76376064e-01 2.96019175e-01 2.05670274e-01 9.69949431e-02 1.72667453e-01 5.31590033e-02 1.43111338e-01 2.21689441e-01 3.86518261e-01 1.51363761e-01 1.80005659e-01 3.92687152e-01 8.69491274e-01 6.79505156e-01 0.00000000e+00 6.48395608e-01 3.80025439e-01 1.86745500e-01 7.93714398e-01 8.86178225e-01 8.83653495e-01 5.87627815e-01 5.64553424e-01 6.48087360e-01 6.90758416e-01 7.24949029e-01 6.09144680e-01 8.90066278e-01
8.45704256e-01 9.84300375e-01 8.27960186e-01 4.63830773e-01 7.01933059e-01 7.73813127e-01 6.48205245e-01 7.53422602e-01 8.18785813e-01 9.91482463e-01 7.57004355e-01 7.80447897e-01 9.92913594e-01 2.66115863e-01 7.72574364e-02 6.48395608e-01 0.00000000e+00 9.79730828e-01 7.87416736e-01 6.98060217e-01 6.10896232e-01 6.02727306e-01 7.84080278e-01 8.49068969e-01 9.91246572e-01 7.75763954e-01 8.14858580e-01 8.89426165e-01 6.16148242e-01
6.08549809e-01 8.72571453e-02 2.53260467e-01 5.47330826e-01 3.45221821e-01 2.91130562e-01 3.89704251e-01 2.94591715e-01 2.21892052e-01 8.60344718e-02 2.99945448e-01 3.03153042e-01 9.76233445e-02 7.76411121e-01 9.93183649e-01 3.80025439e-01 9.79730828e-01 0.00000000e+00 2.83648079e-01 7.75638263e-01 8.56184243e-01 8.46719583e-01 7.04470840e-01 6.15356356e-01 4.90798887e-01 6.89569372e-01 6.48348673e-01 5.79496590e-01 8.58636234e-01
5.26716598e-01 3.07770649e-01 2.06072543e-01 3.53946622e-01 1.53223896e-01 8.20408609e-02 2.02872470e-01 8.59333530e-02 1.81554194e-01 2.78420189e-01 9.31528232e-02 9.11879802e-02 2.87244318e-01 9.93173092e-01 7.68130052e-01 1.86745500e-01 7.87416736e-01 2.83648079e-01 0.00000000e+00 7.68448024e-01 8.50876191e-01 8.51712676e-01 6.34151353e-01 6.19685012e-01 5.98957586e-01 7.22312451e-01 7.53170335e-01 5.73370126e-01 8.53889305e-01
8.03569147e-01 7.78301976e-01 8.09857264e-01 7.85620391e-01 7.78921739e-01 7.64812815e-01 7.95306044e-01 7.55435845e-01 7.33140184e-01 7.69794542e-01 7.57298311e-01 7.65348409e-01 7.72346466e-01 7.13495379e-01 7.04443621e-01 7.93714398e-01 6.98060217e-01 7.75638263e-01 7.68448024e-01 0.00000000e+00 5.59404551e-01 6.99298568e-01 7.76128298e-01 7.74541302e-01 7.62578713e-01 8.26601551e-01 8.03168898e-01 7.29150780e-01 5.58748094e-01
8.94314973e-01 8.60280150e-01 8.88916432e-01 8.51319951e-01 8.79629072e-01 8.46726242e-01 8.87120813e-01 8.61440424e-01 8.41103531e-01 8.52897902e-01 8.62507474e-01 8.49271507e-01 8.53868151e-01 6.27126688e-01 6.19304135e-01 8.86178225e-01 6.10896232e-01 8.56184243e-01 8.50876191e-01 5.59404551e-01 0.00000000e+00 6.07727671e-01 8.69828137e-01 9.89665175e-01 8.41253830e-01 7.66191108e-01 7.96619017e-01 8.08332717e-01 3.96512959e-01
8.87974474e-01 8.51509516e-01 8.44437274e-01 8.46510889e-01 8.59672246e-01 8.46787278e-01 8.85365945e-01 8.29461974e-01 8.50992627e-01 8.43445222e-01 8.29960069e-01 8.48055076e-01 8.45010340e-01 6.09984435e-01 6.17135494e-01 8.83653495e-01 6.02727306e-01 8.46719583e-01 8.51712676e-01 6.99298568e-01 6.07727671e-01 0.00000000e+00 8.76322090e-01 8.54711612e-01 8.55073496e-01 7.69318506e-01 7.69639823e-01 9.42759599e-01 6.12960841e-01
6.29751312e-01 6.99269780e-01 6.57938819e-01 5.78069553e-01 6.17893998e-01 6.24853134e-01 5.93994937e-01 6.14509510e-01 6.54507741e-01 6.98087547e-01 6.17903990e-01 6.26912535e-01 7.01597569e-01 8.60871636e-01 7.93706341e-01 5.87627815e-01 7.84080278e-01 7.04470840e-01 6.34151353e-01 7.76128298e-01 8.69828137e-01 8.76322090e-01 0.00000000e+00 5.59499647e-01 6.74686561e-01 6.33263766e-01 8.00089134e-01 6.29119193e-01 8.66224170e-01
5.73529926e-01 6.07459517e-01 5.75677379e-01 5.98412702e-01 5.78956141e-01 6.10764954e-01 5.71962603e-01 5.92137932e-01 6.16369492e-01 6.06216976e-01 5.95753047e-01 6.14600708e-01 6.11322789e-01 8.50359301e-01 8.58250645e-01 5.64553424e-01 8.49068969e-01 6.15356356e-01 6.19685012e-01 7.74541302e-01 9.89665175e-01 8.54711612e-01 5.59499647e-01 0.00000000e+00 5.85108880e-01 6.42520696e-01 7.01375318e-01 6.50555277e-01 9.92184718e-01
6.26013955e-01 4.86204174e-01 5.66990513e-01 7.37356046e-01 6.28219832e-01 5.90424406e-01 6.52973776e-01 5.96243170e-01 5.59508846e-01 4.77950705e-01 5.95704114e-01 5.97299366e-01 4.84559023e-01 8.84439919e-01 9.92639304e-01 6.48087360e-01 9.91246572e-01 4.90798887e-01 5.98957586e-01 7.62578713e-01 8.41253830e-01 8.55073496e-01 6.74686561e-01 5.85108880e-01 0.00000000e+00 6.51505968e-01 6.68758499e-01 5.94900709e-01 8.48199015e-01
7.21282527e-01 6.82835912e-01 7.17442093e-01 7.02074807e-01 7.23173862e-01 7.08271502e-01 6.94751918e-01 7.23643082e-01 7.63794072e-01 6.82190389e-01 7.26265359e-01 7.15244220e-01 6.85696760e-01 7.50426668e-01 7.85201651e-01 6.90758416e-01 7.75763954e-01 6.89569372e-01 7.22312451e-01 8.26601551e-01 7.66191108e-01 7.69318506e-01 6.33263766e-01 6.42520696e-01 6.51505968e-01 0.00000000e+00 7.23629550e-01 7.17638953e-01 7.68383977e-01
7.11528811e-01 6.42370580e-01 7.24007671e-01 8.15548285e-01 7.41476204e-01 7.47126675e-01 7.27097407e-01 7.47694225e-01 7.13524535e-01 6.40221216e-01 7.50429600e-01 7.52112145e-01 6.43790607e-01 7.14878099e-01 8.21576725e-01 7.24949029e-01 8.14858580e-01 6.48348673e-01 7.53170335e-01 8.03168898e-01 7.96619017e-01 7.69639823e-01 8.00089134e-01 7.01375318e-01 6.68758499e-01 7.23629550e-01 0.00000000e+00 7.60035365e-01 8.00988338e-01
6.15386514e-01 5.77848369e-01 5.75969772e-01 6.43601104e-01 6.03515240e-01 5.66383848e-01 6.15521161e-01 5.78334953e-01 5.61374475e-01 5.70159165e-01 5.81861736e-01 5.71876572e-01 5.75087701e-01 8.98419485e-01 8.92250735e-01 6.09144680e-01 8.89426165e-01 5.79496590e-01 5.73370126e-01 7.29150780e-01 8.08332717e-01 9.42759599e-01 6.29119193e-01 6.50555277e-01 5.94900709e-01 7.17638953e-01 7.60035365e-01 0.00000000e+00 8.09053849e-01
9.00007700e-01 8.62116524e-01 8.90756588e-01 8.53331498e-01 8.83480342e-01 8.50342079e-01 8.90897895e-01 8.63951090e-01 8.42778336e-01 8.55375575e-01 8.65099047e-01 8.52210155e-01 8.56139041e-01 6.30996426e-01 6.24006784e-01 8.90066278e-01 6.16148242e-01 8.58636234e-01 8.53889305e-01 5.58748094e-01 3.96512959e-01 6.12960841e-01 8.66224170e-01 9.92184718e-01 8.48199015e-01 7.68383977e-01 8.00988338e-01 8.09053849e-01 0.00000000e+00
