0.000000e+00 1.762560e-02 1.751799e-02 1.827334e-02 1.856867e-02 1.821319e-02 1.793525e-02 1.806575e-02 1.795661e-02 1.778528e-02
1.762560e-02 0.000000e+00 1.719317e-02 1.796545e-02 1.826863e-02 1.780241e-02 1.775752e-02 1.775783e-02 1.764980e-02 1.760866e-02
1.751799e-02 1.719317e-02 0.000000e+00 1.781046e-02 1.817081e-02 1.779877e-02 1.764986e-02 1.765352e-02 1.754240e-02 1.750132e-02
1.827334e-02 1.796545e-02 1.781046e-02 0.000000e+00 1.892591e-02 1.855479e-02 1.840542e-02 1.837079e-02 1.829747e-02 1.825650e-02
1.856867e-02 1.826863e-02 1.817081e-02 1.892591e-02 0.000000e+00 1.863112e-02 1.856258e-02 1.849829e-02 1.819804e-02 1.856994e-02
1.821319e-02 1.780241e-02 1.779877e-02 1.855479e-02 1.863112e-02 0.000000e+00 1.702036e-02 1.763200e-02 1.665296e-02 1.715757e-02
1.793525e-02 1.775752e-02 1.764986e-02 1.840542e-02 1.856258e-02 1.702036e-02 0.000000e+00 1.695176e-02 1.673139e-02 1.689835e-02
1.806575e-02 1.775783e-02 1.765352e-02 1.837079e-02 1.849829e-02 1.763200e-02 1.695176e-02 0.000000e+00 1.656461e-02 1.644672e-02
1.795661e-02 1.764980e-02 1.754240e-02 1.829747e-02 1.819804e-02 1.665296e-02 1.673139e-02 1.656461e-02 0.000000e+00 1.722221e-02
1.778528e-02 1.760866e-02 1.750132e-02 1.825650e-02 1.856994e-02 1.715757e-02 1.689835e-02 1.644672e-02 1.722221e-02 0.000000e+00
