0.000000e+00 1.781678e-01 1.753387e-01 1.775587e-01 1.792512e-01 1.681269e-01 1.639659e-01 1.603481e-01 1.642543e-01 1.659853e-01
1.781678e-01 0.000000e+00 1.748846e-01 1.768188e-01 1.777396e-01 1.663292e-01 1.645121e-01 1.605078e-01 1.648637e-01 1.665392e-01
1.753387e-01 1.748846e-01 0.000000e+00 1.720175e-01 1.759680e-01 1.648436e-01 1.619690e-01 1.579648e-01 1.623778e-01 1.639960e-01
1.775587e-01 1.768188e-01 1.720175e-01 0.000000e+00 1.779022e-01 1.667779e-01 1.639032e-01 1.590415e-01 1.643119e-01 1.659302e-01
1.792512e-01 1.777396e-01 1.759680e-01 1.779022e-01 0.000000e+00 1.660616e-01 1.636346e-01 1.591837e-01 1.611669e-01 1.676226e-01
1.681269e-01 1.663292e-01 1.648436e-01 1.667779e-01 1.660616e-01 0.000000e+00 1.381677e-01 1.384262e-01 1.354825e-01 1.399892e-01
1.639659e-01 1.645121e-01 1.619690e-01 1.639032e-01 1.636346e-01 1.381677e-01 0.000000e+00 1.316617e-01 1.334753e-01 1.374380e-01
1.603481e-01 1.605078e-01 1.579648e-01 1.590415e-01 1.591837e-01 1.384262e-01 1.316617e-01 0.000000e+00 1.286073e-01 1.284833e-01
1.642543e-01 1.648637e-01 1.623778e-01 1.643119e-01 1.611669e-01 1.354825e-01 1.334753e-01 1.286073e-01 0.000000e+00 1.380578e-01
1.659853e-01 1.665392e-01 1.639960e-01 1.659302e-01 1.676226e-01 1.399892e-01 1.374380e-01 1.284833e-01 1.380578e-01 0.000000e+00
