0.000000e+00 2.652726e-02 2.636644e-02 2.751078e-02 2.795890e-02 2.743581e-02 2.701383e-02 2.721505e-02 2.705206e-02 2.678716e-02
2.652726e-02 0.000000e+00 2.588463e-02 2.705427e-02 2.751379e-02 2.682345e-02 2.675330e-02 2.675851e-02 2.659665e-02 2.652776e-02
2.636644e-02 2.588463e-02 0.000000e+00 2.682199e-02 2.736755e-02 2.681954e-02 2.659242e-02 2.660103e-02 2.643604e-02 2.636719e-02
2.751078e-02 2.705427e-02 2.682199e-02 0.000000e+00 2.851166e-02 2.796459e-02 2.773698e-02 2.768802e-02 2.758009e-02 2.751137e-02
2.795890e-02 2.751379e-02 2.736755e-02 2.851166e-02 0.000000e+00 2.808143e-02 2.797658e-02 2.788286e-02 2.743254e-02 2.798600e-02
2.743581e-02 2.682345e-02 2.681954e-02 2.796459e-02 2.808143e-02 0.000000e+00 2.566494e-02 2.659062e-02 2.511521e-02 2.587131e-02
2.701383e-02 2.675330e-02 2.659242e-02 2.773698e-02 2.797658e-02 2.566494e-02 0.000000e+00 2.556515e-02 2.523168e-02 2.548228e-02
2.721505e-02 2.675851e-02 2.660103e-02 2.768802e-02 2.788286e-02 2.659062e-02 2.556515e-02 0.000000e+00 2.498436e-02 2.480227e-02
2.705206e-02 2.659665e-02 2.643604e-02 2.758009e-02 2.743254e-02 2.511521e-02 2.523168e-02 2.498436e-02 0.000000e+00 2.597129e-02
2.678716e-02 2.652776e-02 2.636719e-02 2.751137e-02 2.798600e-02 2.587131e-02 2.548228e-02 2.480227e-02 2.597129e-02 0.000000e+00
