0.000000e+00 3.472228e-02 3.423144e-02 3.462763e-02 3.488453e-02 3.248447e-02 3.156213e-02 3.096708e-02 3.187972e-02 3.214040e-02
3.472228e-02 0.000000e+00 3.425598e-02 3.456725e-02 3.465430e-02 3.220955e-02 3.175319e-02 3.109770e-02 3.208066e-02 3.233267e-02
3.423144e-02 3.425598e-02 0.000000e+00 3.363390e-02 3.441823e-02 3.201818e-02 3.135173e-02 3.069624e-02 3.173283e-02 3.193120e-02
3.462763e-02 3.456725e-02 3.363390e-02 0.000000e+00 3.472950e-02 3.232944e-02 3.166299e-02 3.082872e-02 3.204410e-02 3.224246e-02
3.488453e-02 3.465430e-02 3.441823e-02 3.472950e-02 0.000000e+00 3.210579e-02 3.150337e-02 3.077805e-02 3.131255e-02 3.249493e-02
3.248447e-02 3.220955e-02 3.201818e-02 3.232944e-02 3.210579e-02 0.000000e+00 2.615411e-02 2.628813e-02 2.595537e-02 2.667772e-02
3.156213e-02 3.175319e-02 3.135173e-02 3.166299e-02 3.150337e-02 2.615411e-02 0.000000e+00 2.488624e-02 2.547705e-02 2.608186e-02
3.096708e-02 3.109770e-02 3.069624e-02 3.082872e-02 3.077805e-02 2.628813e-02 2.488624e-02 0.000000e+00 2.457880e-02 2.449175e-02
3.187972e-02 3.208066e-02 3.173283e-02 3.204410e-02 3.131255e-02 2.595537e-02 2.547705e-02 2.457880e-02 0.000000e+00 2.646794e-02
3.214040e-02 3.233267e-02 3.193120e-02 3.224246e-02 3.249493e-02 2.667772e-02 2.608186e-02 2.449175e-02 2.646794e-02 0.000000e+00
