0.000000e+00 1.480183e-01 1.459086e-01 1.475794e-01 1.487090e-01 1.384792e-01 1.345467e-01 1.320099e-01 1.358996e-01 1.370120e-01
1.480183e-01 0.000000e+00 1.460138e-01 1.473226e-01 1.477281e-01 1.373076e-01 1.353615e-01 1.325670e-01 1.367565e-01 1.378320e-01
1.459086e-01 1.460138e-01 0.000000e+00 1.433265e-01 1.467044e-01 1.364746e-01 1.336330e-01 1.308385e-01 1.352567e-01 1.361034e-01
1.475794e-01 1.473226e-01 1.433265e-01 0.000000e+00 1.480133e-01 1.377835e-01 1.349418e-01 1.313852e-01 1.365655e-01 1.374123e-01
1.487090e-01 1.477281e-01 1.467044e-01 1.480133e-01 0.000000e+00 1.368642e-01 1.342955e-01 1.312033e-01 1.334811e-01 1.385227e-01
1.384792e-01 1.373076e-01 1.364746e-01 1.377835e-01 1.368642e-01 0.000000e+00 1.114933e-01 1.120644e-01 1.106455e-01 1.137256e-01
1.345467e-01 1.353615e-01 1.336330e-01 1.349418e-01 1.342955e-01 1.114933e-01 0.000000e+00 1.060880e-01 1.086061e-01 1.111850e-01
1.320099e-01 1.325670e-01 1.308385e-01 1.313852e-01 1.312033e-01 1.120644e-01 1.060880e-01 0.000000e+00 1.047768e-01 1.044064e-01
1.358996e-01 1.367565e-01 1.352567e-01 1.365655e-01 1.334811e-01 1.106455e-01 1.086061e-01 1.047768e-01 0.000000e+00 1.128303e-01
1.370120e-01 1.378320e-01 1.361034e-01 1.374123e-01 1.385227e-01 1.137256e-01 1.111850e-01 1.044064e-01 1.128303e-01 0.000000e+00
