0.000000e+00 8.900314e-02 8.760101e-02 8.870753e-02 8.954358e-02 8.398525e-02 8.190673e-02 8.009953e-02 8.205082e-02 8.291547e-02
8.900314e-02 0.000000e+00 8.737623e-02 8.833998e-02 8.879051e-02 8.308934e-02 8.218167e-02 8.018137e-02 8.235731e-02 8.319426e-02
8.760101e-02 8.737623e-02 0.000000e+00 8.595266e-02 8.791665e-02 8.235832e-02 8.092237e-02 7.892212e-02 8.112660e-02 8.193493e-02
8.870753e-02 8.833998e-02 8.595266e-02 0.000000e+00 8.888041e-02 8.332208e-02 8.188611e-02 7.945750e-02 8.209031e-02 8.289867e-02
8.954358e-02 8.879051e-02 8.791665e-02 8.888041e-02 0.000000e+00 8.295488e-02 8.174253e-02 7.951916e-02 8.050986e-02 8.373469e-02
8.398525e-02 8.308934e-02 8.235832e-02 8.332208e-02 8.295488e-02 0.000000e+00 6.901963e-02 6.914878e-02 6.767831e-02 6.992953e-02
8.190673e-02 8.218167e-02 8.092237e-02 8.188611e-02 8.174253e-02 6.901963e-02 0.000000e+00 6.576965e-02 6.667563e-02 6.865510e-02
8.009953e-02 8.018137e-02 7.892212e-02 7.945750e-02 7.951916e-02 6.914878e-02 6.576965e-02 0.000000e+00 6.424385e-02 6.418195e-02
8.205082e-02 8.235731e-02 8.112660e-02 8.209031e-02 8.050986e-02 6.767831e-02 6.667563e-02 6.424385e-02 0.000000e+00 6.896475e-02
8.291547e-02 8.319426e-02 8.193493e-02 8.289867e-02 8.373469e-02 6.992953e-02 6.865510e-02 6.418195e-02 6.896475e-02 0.000000e+00
