0.000000e+00 1.339427e-02 1.316802e-02 1.347997e-02 1.364372e-02 1.311535e-02 1.295447e-02 1.276150e-02 1.284573e-02 1.284257e-02
1.339427e-02 0.000000e+00 1.301649e-02 1.332733e-02 1.346062e-02 1.288400e-02 1.289630e-02 1.263878e-02 1.271597e-02 1.278561e-02
1.316802e-02 1.301649e-02 0.000000e+00 1.304600e-02 1.326577e-02 1.273484e-02 1.267005e-02 1.241590e-02 1.248990e-02 1.255937e-02
1.347997e-02 1.332733e-02 1.304600e-02 0.000000e+00 1.357747e-02 1.304665e-02 1.298178e-02 1.268237e-02 1.280160e-02 1.287116e-02
1.364372e-02 1.346062e-02 1.326577e-02 1.357747e-02 0.000000e+00 1.303019e-02 1.303813e-02 1.272288e-02 1.265942e-02 1.303468e-02
1.311535e-02 1.288400e-02 1.273484e-02 1.304665e-02 1.303019e-02 0.000000e+00 1.158761e-02 1.171971e-02 1.121066e-02 1.158648e-02
1.295447e-02 1.289630e-02 1.267005e-02 1.298178e-02 1.303813e-02 1.158761e-02 0.000000e+00 1.128224e-02 1.126171e-02 1.149117e-02
1.276150e-02 1.263878e-02 1.241590e-02 1.268237e-02 1.272288e-02 1.171971e-02 1.128224e-02 0.000000e+00 1.088488e-02 1.088119e-02
1.284573e-02 1.271597e-02 1.248990e-02 1.280160e-02 1.265942e-02 1.121066e-02 1.126171e-02 1.088488e-02 0.000000e+00 1.152008e-02
1.284257e-02 1.278561e-02 1.255937e-02 1.287116e-02 1.303468e-02 1.158648e-02 1.149117e-02 1.088119e-02 1.152008e-02 0.000000e+00
