0.000000e+00 8.844635e-02 8.727102e-02 8.834489e-02 8.898496e-02 8.459578e-02 8.319561e-02 8.114927e-02 8.243810e-02 8.315334e-02
8.844635e-02 0.000000e+00 8.636758e-02 8.744070e-02 8.775795e-02 8.317786e-02 8.291622e-02 8.061222e-02 8.204841e-02 8.287906e-02
8.727102e-02 8.636758e-02 0.000000e+00 8.544308e-02 8.690569e-02 8.251697e-02 8.174092e-02 7.943699e-02 8.087320e-02 8.170374e-02
8.834489e-02 8.744070e-02 8.544308e-02 0.000000e+00 8.797980e-02 8.359090e-02 8.281481e-02 8.012981e-02 8.194703e-02 8.277764e-02
8.898496e-02 8.775795e-02 8.690569e-02 8.797980e-02 0.000000e+00 8.304928e-02 8.259713e-02 7.999547e-02 8.033248e-02 8.341767e-02
8.459578e-02 8.317786e-02 8.251697e-02 8.359090e-02 8.304928e-02 0.000000e+00 7.151178e-02 7.142204e-02 6.923476e-02 7.167885e-02
8.319561e-02 8.291622e-02 8.174092e-02 8.281481e-02 8.259713e-02 7.151178e-02 0.000000e+00 6.851815e-02 6.890321e-02 7.095343e-02
8.114927e-02 8.061222e-02 7.943699e-02 8.012981e-02 7.999547e-02 7.142204e-02 6.851815e-02 0.000000e+00 6.621432e-02 6.616354e-02
8.243810e-02 8.204841e-02 8.087320e-02 8.194703e-02 8.033248e-02 6.923476e-02 6.890321e-02 6.621432e-02 0.000000e+00 7.063117e-02
8.315334e-02 8.287906e-02 8.170374e-02 8.277764e-02 8.341767e-02 7.167885e-02 7.095343e-02 6.616354e-02 7.063117e-02 0.000000e+00
