0.000000e+00 8.547860e-03 8.494810e-03 8.854906e-03 8.995147e-03 8.813301e-03 8.681437e-03 8.740815e-03 8.686914e-03 8.609501e-03
8.547860e-03 0.000000e+00 8.331599e-03 8.700020e-03 8.844429e-03 8.609275e-03 8.589627e-03 8.585939e-03 8.533005e-03 8.518664e-03
8.494810e-03 8.331599e-03 0.000000e+00 8.624120e-03 8.796271e-03 8.606304e-03 8.536557e-03 8.535801e-03 8.480155e-03 8.465883e-03
8.854906e-03 8.700020e-03 8.624120e-03 0.000000e+00 9.156103e-03 8.966980e-03 8.896832e-03 8.877431e-03 8.840010e-03 8.825804e-03
8.995147e-03 8.844429e-03 8.796271e-03 9.156103e-03 0.000000e+00 9.002353e-03 8.970521e-03 8.936844e-03 8.790055e-03 8.975440e-03
8.813301e-03 8.609275e-03 8.606304e-03 8.966980e-03 9.002353e-03 0.000000e+00 8.215067e-03 8.507525e-03 8.034273e-03 8.281716e-03
8.681437e-03 8.589627e-03 8.536557e-03 8.896832e-03 8.970521e-03 8.215067e-03 0.000000e+00 8.179034e-03 8.073646e-03 8.155196e-03
8.740815e-03 8.585939e-03 8.535801e-03 8.877431e-03 8.936844e-03 8.507525e-03 8.179034e-03 0.000000e+00 7.989749e-03 7.936358e-03
8.686914e-03 8.533005e-03 8.480155e-03 8.840010e-03 8.790055e-03 8.034273e-03 8.073646e-03 7.989749e-03 0.000000e+00 8.310927e-03
8.609501e-03 8.518664e-03 8.465883e-03 8.825804e-03 8.975440e-03 8.281716e-03 8.155196e-03 7.936358e-03 8.310927e-03 0.000000e+00
