0.000000e+00 8.409790e-02 8.259850e-02 8.463989e-02 8.574523e-02 8.245799e-02 8.144772e-02 8.023663e-02 8.080984e-02 8.069620e-02
8.409790e-02 0.000000e+00 8.175836e-02 8.379855e-02 8.470519e-02 8.112859e-02 8.119433e-02 7.959283e-02 8.010506e-02 8.045047e-02
8.259850e-02 8.175836e-02 0.000000e+00 8.195532e-02 8.340547e-02 8.011521e-02 7.969493e-02 7.809744e-02 7.860596e-02 7.895105e-02
8.463989e-02 8.379855e-02 8.195532e-02 0.000000e+00 8.544671e-02 8.215657e-02 8.173612e-02 7.985278e-02 8.064699e-02 8.099234e-02
8.574523e-02 8.470519e-02 8.340547e-02 8.544671e-02 0.000000e+00 8.212498e-02 8.216398e-02 8.018054e-02 7.982093e-02 8.209741e-02
8.245799e-02 8.112859e-02 8.011521e-02 8.215657e-02 8.212498e-02 0.000000e+00 7.309991e-02 7.392969e-02 7.074947e-02 7.303291e-02
8.144772e-02 8.119433e-02 7.969493e-02 8.173612e-02 8.216398e-02 7.309991e-02 0.000000e+00 7.117602e-02 7.106895e-02 7.246318e-02
8.023663e-02 7.959283e-02 7.809744e-02 7.985278e-02 8.018054e-02 7.392969e-02 7.117602e-02 0.000000e+00 6.869676e-02 6.861025e-02
8.080984e-02 8.010506e-02 7.860596e-02 8.064699e-02 7.982093e-02 7.074947e-02 7.106895e-02 6.869676e-02 0.000000e+00 7.266048e-02
8.069620e-02 8.045047e-02 7.895105e-02 8.099234e-02 8.209741e-02 7.303291e-02 7.246318e-02 6.861025e-02 7.266048e-02 0.000000e+00
