0.000000e+00 2.089172e-02 2.062988e-02 2.087115e-02 2.101686e-02 1.997007e-02 1.963964e-02 1.915704e-02 1.946235e-02 1.963891e-02
2.089172e-02 0.000000e+00 2.041798e-02 2.065856e-02 2.072886e-02 1.963686e-02 1.957495e-02 1.903158e-02 1.937164e-02 1.957542e-02
2.062988e-02 2.041798e-02 0.000000e+00 2.020011e-02 2.054270e-02 1.949633e-02 1.931310e-02 1.876974e-02 1.910980e-02 1.931356e-02
2.087115e-02 2.065856e-02 2.020011e-02 0.000000e+00 2.078415e-02 1.973761e-02 1.955437e-02 1.892114e-02 1.935107e-02 1.955484e-02
2.101686e-02 2.072886e-02 2.054270e-02 2.078415e-02 0.000000e+00 1.960465e-02 1.949782e-02 1.888425e-02 1.896506e-02 1.970057e-02
1.997007e-02 1.963686e-02 1.949633e-02 1.973761e-02 1.960465e-02 0.000000e+00 1.686817e-02 1.684703e-02 1.632999e-02 1.691434e-02
1.963964e-02 1.957495e-02 1.931310e-02 1.955437e-02 1.949782e-02 1.686817e-02 0.000000e+00 1.616001e-02 1.625213e-02 1.674359e-02
1.915704e-02 1.903158e-02 1.876974e-02 1.892114e-02 1.888425e-02 1.684703e-02 1.616001e-02 0.000000e+00 1.561796e-02 1.561392e-02
1.946235e-02 1.937164e-02 1.910980e-02 1.935107e-02 1.896506e-02 1.632999e-02 1.625213e-02 1.561796e-02 0.000000e+00 1.666644e-02
1.963891e-02 1.957542e-02 1.931356e-02 1.955484e-02 1.970057e-02 1.691434e-02 1.674359e-02 1.561392e-02 1.666644e-02 0.000000e+00
