0.000000e+00 4.389196e-02 4.332120e-02 4.384422e-02 4.415760e-02 4.197152e-02 4.127688e-02 4.026196e-02 4.090221e-02 4.126330e-02
4.389196e-02 0.000000e+00 4.287402e-02 4.339628e-02 4.355010e-02 4.126918e-02 4.113922e-02 3.999652e-02 4.070984e-02 4.112817e-02
4.332120e-02 4.287402e-02 0.000000e+00 4.241554e-02 4.313919e-02 4.095356e-02 4.056847e-02 3.942579e-02 4.013913e-02 4.055741e-02
4.384422e-02 4.339628e-02 4.241554e-02 0.000000e+00 4.366241e-02 4.147661e-02 4.109149e-02 3.975982e-02 4.066213e-02 4.108044e-02
4.415760e-02 4.355010e-02 4.313919e-02 4.366241e-02 0.000000e+00 4.120392e-02 4.097947e-02 3.968914e-02 3.985731e-02 4.139382e-02
4.197152e-02 4.126918e-02 4.095356e-02 4.147661e-02 4.120392e-02 0.000000e+00 3.546944e-02 3.542494e-02 3.433914e-02 3.555772e-02
4.127688e-02 4.113922e-02 4.056847e-02 4.109149e-02 4.097947e-02 3.546944e-02 0.000000e+00 3.398296e-02 3.417494e-02 3.519817e-02
4.026196e-02 3.999652e-02 3.942579e-02 3.975982e-02 3.968914e-02 3.542494e-02 3.398296e-02 0.000000e+00 3.284133e-02 3.282253e-02
4.090221e-02 4.070984e-02 4.013913e-02 4.066213e-02 3.985731e-02 3.433914e-02 3.417494e-02 3.284133e-02 0.000000e+00 3.503737e-02
4.126330e-02 4.112817e-02 4.055741e-02 4.108044e-02 4.139382e-02 3.555772e-02 3.519817e-02 3.282253e-02 3.503737e-02 0.000000e+00
