0.000000e+00 1.326559e-01 1.308802e-01 1.325010e-01 1.334654e-01 1.268904e-01 1.247902e-01 1.217204e-01 1.236528e-01 1.247192e-01
1.326559e-01 0.000000e+00 1.295240e-01 1.311441e-01 1.316236e-01 1.247624e-01 1.243701e-01 1.209138e-01 1.230673e-01 1.243068e-01
1.308802e-01 1.295240e-01 0.000000e+00 1.281371e-01 1.303330e-01 1.237585e-01 1.225946e-01 1.191383e-01 1.212918e-01 1.225312e-01
1.325010e-01 1.311441e-01 1.281371e-01 0.000000e+00 1.319541e-01 1.253794e-01 1.242154e-01 1.201875e-01 1.229126e-01 1.241521e-01
1.334654e-01 1.316236e-01 1.303330e-01 1.319541e-01 0.000000e+00 1.245710e-01 1.238930e-01 1.199901e-01 1.204947e-01 1.251163e-01
1.268904e-01 1.247624e-01 1.237585e-01 1.253794e-01 1.245710e-01 0.000000e+00 1.072758e-01 1.071411e-01 1.038609e-01 1.075208e-01
1.247902e-01 1.243701e-01 1.225946e-01 1.242154e-01 1.238930e-01 1.072758e-01 0.000000e+00 1.027867e-01 1.033633e-01 1.064324e-01
1.217204e-01 1.209138e-01 1.191383e-01 1.201875e-01 1.199901e-01 1.071411e-01 1.027867e-01 0.000000e+00 9.932961e-02 9.924686e-02
1.236528e-01 1.230673e-01 1.212918e-01 1.229126e-01 1.204947e-01 1.038609e-01 1.033633e-01 9.932961e-02 0.000000e+00 1.059499e-01
1.247192e-01 1.243068e-01 1.225312e-01 1.241521e-01 1.251163e-01 1.075208e-01 1.064324e-01 9.924686e-02 1.059499e-01 0.000000e+00
