0.000000e+00 3.276821e-03 3.239985e-03 3.274726e-03 3.295941e-03 3.128932e-03 3.077218e-03 3.001728e-03 3.049869e-03 3.079462e-03
3.276821e-03 0.000000e+00 3.207373e-03 3.241814e-03 3.251518e-03 3.077347e-03 3.067642e-03 2.982648e-03 3.036224e-03 3.070075e-03
3.239985e-03 3.207373e-03 0.000000e+00 3.173564e-03 3.226299e-03 3.059484e-03 3.030796e-03 2.945801e-03 2.999378e-03 3.033229e-03
3.274726e-03 3.241814e-03 3.173564e-03 0.000000e+00 3.261125e-03 3.094226e-03 3.065538e-03 2.966482e-03 3.034120e-03 3.067971e-03
3.295941e-03 3.251518e-03 3.226299e-03 3.261125e-03 0.000000e+00 3.071853e-03 3.055119e-03 2.959143e-03 2.972159e-03 3.089200e-03
3.128932e-03 3.077347e-03 3.059484e-03 3.094226e-03 3.071853e-03 0.000000e+00 2.639543e-03 2.636250e-03 2.555093e-03 2.648504e-03
3.077218e-03 3.067642e-03 3.030796e-03 3.065538e-03 3.055119e-03 2.639543e-03 0.000000e+00 2.528249e-03 2.543021e-03 2.621902e-03
3.001728e-03 2.982648e-03 2.945801e-03 2.966482e-03 2.959143e-03 2.636250e-03 2.528249e-03 0.000000e+00 2.443812e-03 2.445177e-03
3.049869e-03 3.036224e-03 2.999378e-03 3.034120e-03 2.972159e-03 2.555093e-03 2.543021e-03 2.443812e-03 0.000000e+00 2.609579e-03
3.079462e-03 3.070075e-03 3.033229e-03 3.067971e-03 3.089200e-03 2.648504e-03 2.621902e-03 2.445177e-03 2.609579e-03 0.000000e+00
