0.000000e+00 5.295944e-02 5.264074e-02 5.494063e-02 5.584274e-02 5.482287e-02 5.397292e-02 5.438448e-02 5.406174e-02 5.351843e-02
5.295944e-02 0.000000e+00 5.169332e-02 5.404334e-02 5.496731e-02 5.361243e-02 5.346706e-02 5.348716e-02 5.316556e-02 5.301371e-02
5.264074e-02 5.169332e-02 0.000000e+00 5.358166e-02 5.467741e-02 5.360786e-02 5.314826e-02 5.317178e-02 5.284709e-02 5.269520e-02
5.494063e-02 5.404334e-02 5.358166e-02 0.000000e+00 5.697717e-02 5.590857e-02 5.544841e-02 5.535714e-02 5.514662e-02 5.499500e-02
5.584274e-02 5.496731e-02 5.467741e-02 5.697717e-02 0.000000e+00 5.614580e-02 5.593303e-02 5.575214e-02 5.485632e-02 5.594843e-02
5.482287e-02 5.361243e-02 5.360786e-02 5.590857e-02 5.614580e-02 0.000000e+00 5.133743e-02 5.319601e-02 5.024657e-02 5.174918e-02
5.397292e-02 5.346706e-02 5.314826e-02 5.544841e-02 5.593303e-02 5.133743e-02 0.000000e+00 5.114533e-02 5.047593e-02 5.097484e-02
5.438448e-02 5.348716e-02 5.317178e-02 5.535714e-02 5.575214e-02 5.319601e-02 5.114533e-02 0.000000e+00 4.998971e-02 4.961663e-02
5.406174e-02 5.316556e-02 5.284709e-02 5.514662e-02 5.485632e-02 5.024657e-02 5.047593e-02 4.998971e-02 0.000000e+00 5.195432e-02
5.351843e-02 5.301371e-02 5.269520e-02 5.499500e-02 5.594843e-02 5.174918e-02 5.097484e-02 4.961663e-02 5.195432e-02 0.000000e+00
