0.000000e+00 6.629451e-02 6.541993e-02 6.621979e-02 6.669738e-02 6.340344e-02 6.235405e-02 6.082053e-02 6.178690e-02 6.232615e-02
6.629451e-02 0.000000e+00 6.474336e-02 6.554245e-02 6.577841e-02 6.234132e-02 6.214514e-02 6.041854e-02 6.149533e-02 6.212107e-02
6.541993e-02 6.474336e-02 0.000000e+00 6.405055e-02 6.514574e-02 6.185226e-02 6.127059e-02 5.954402e-02 6.062083e-02 6.124650e-02
6.621979e-02 6.554245e-02 6.405055e-02 0.000000e+00 6.594582e-02 6.265216e-02 6.207045e-02 6.005831e-02 6.142066e-02 6.204638e-02
6.669738e-02 6.577841e-02 6.514574e-02 6.594582e-02 0.000000e+00 6.224421e-02 6.190526e-02 5.995558e-02 6.020865e-02 6.252395e-02
6.340344e-02 6.234132e-02 6.185226e-02 6.265216e-02 6.224421e-02 0.000000e+00 5.359176e-02 5.352452e-02 5.188486e-02 5.371973e-02
6.235405e-02 6.214514e-02 6.127059e-02 6.207045e-02 6.190526e-02 5.359176e-02 0.000000e+00 5.134745e-02 5.163652e-02 5.317622e-02
6.082053e-02 6.041854e-02 5.954402e-02 6.005831e-02 5.995558e-02 5.352452e-02 5.134745e-02 0.000000e+00 4.962146e-02 4.958668e-02
6.178690e-02 6.149533e-02 6.062083e-02 6.142066e-02 6.020865e-02 5.188486e-02 5.163652e-02 4.962146e-02 0.000000e+00 5.293422e-02
6.232615e-02 6.212107e-02 6.124650e-02 6.204638e-02 6.252395e-02 5.371973e-02 5.317622e-02 4.958668e-02 5.293422e-02 0.000000e+00
