0.000000e+00 5.306219e-03 5.232280e-03 5.293861e-03 5.331045e-03 4.964186e-03 4.823319e-03 4.732409e-03 4.871981e-03 4.911661e-03
5.306219e-03 0.000000e+00 5.235949e-03 5.284551e-03 5.295778e-03 4.922103e-03 4.852449e-03 4.752305e-03 4.902619e-03 4.940973e-03
5.232280e-03 5.235949e-03 0.000000e+00 5.142987e-03 5.260776e-03 4.893917e-03 4.792154e-03 4.692007e-03 4.850519e-03 4.880679e-03
5.293861e-03 5.284551e-03 5.142987e-03 0.000000e+00 5.309378e-03 4.942519e-03 4.840757e-03 4.713288e-03 4.899124e-03 4.929283e-03
5.331045e-03 5.295778e-03 5.260776e-03 5.309378e-03 0.000000e+00 4.906286e-03 4.814313e-03 4.703499e-03 4.785276e-03 4.965808e-03
4.964186e-03 4.922103e-03 4.893917e-03 4.942519e-03 4.906286e-03 0.000000e+00 3.996776e-03 4.017276e-03 3.966497e-03 4.076767e-03
4.823319e-03 4.852449e-03 4.792154e-03 4.840757e-03 4.814313e-03 3.996776e-03 0.000000e+00 3.803101e-03 3.893459e-03 3.985774e-03
4.732409e-03 4.752305e-03 4.692007e-03 4.713288e-03 4.703499e-03 4.017276e-03 3.803101e-03 0.000000e+00 3.756203e-03 3.742796e-03
4.871981e-03 4.902619e-03 4.850519e-03 4.899124e-03 4.785276e-03 3.966497e-03 3.893459e-03 3.756203e-03 0.000000e+00 4.044869e-03
4.911661e-03 4.940973e-03 4.880679e-03 4.929283e-03 4.965808e-03 4.076767e-03 3.985774e-03 3.742796e-03 4.044869e-03 0.000000e+00
