0.000000e+00 2.220493e-01 2.188811e-01 2.213841e-01 2.230851e-01 2.077392e-01 2.018399e-01 1.980342e-01 2.038694e-01 2.055382e-01
2.220493e-01 0.000000e+00 2.190389e-01 2.209988e-01 2.216136e-01 2.059816e-01 2.030622e-01 1.988700e-01 2.051548e-01 2.067683e-01
2.188811e-01 2.190389e-01 0.000000e+00 2.150008e-01 2.200747e-01 2.047288e-01 2.004659e-01 1.962738e-01 2.029017e-01 2.041720e-01
2.213841e-01 2.209988e-01 2.150008e-01 0.000000e+00 2.220347e-01 2.066887e-01 2.024258e-01 1.970903e-01 2.048615e-01 2.061319e-01
2.230851e-01 2.216136e-01 2.200747e-01 2.220347e-01 0.000000e+00 2.053162e-01 2.014627e-01 1.968239e-01 2.002410e-01 2.078041e-01
2.077392e-01 2.059816e-01 2.047288e-01 2.066887e-01 2.053162e-01 0.000000e+00 1.672564e-01 1.681131e-01 1.659844e-01 1.706051e-01
2.018399e-01 2.030622e-01 2.004659e-01 2.024258e-01 2.014627e-01 1.672564e-01 0.000000e+00 1.591476e-01 1.629251e-01 1.667939e-01
1.980342e-01 1.988700e-01 1.962738e-01 1.970903e-01 1.968239e-01 1.681131e-01 1.591476e-01 0.000000e+00 1.571807e-01 1.566249e-01
2.038694e-01 2.051548e-01 2.029017e-01 2.048615e-01 2.002410e-01 1.659844e-01 1.629251e-01 1.571807e-01 0.000000e+00 1.692620e-01
2.055382e-01 2.067683e-01 2.041720e-01 2.061319e-01 2.078041e-01 1.706051e-01 1.667939e-01 1.566249e-01 1.692620e-01 0.000000e+00
