0.000000e+00 1.187685e-01 1.168901e-01 1.183683e-01 1.194902e-01 1.120738e-01 1.093001e-01 1.068885e-01 1.094924e-01 1.106462e-01
1.187685e-01 0.000000e+00 1.165887e-01 1.178765e-01 1.184839e-01 1.108769e-01 1.096656e-01 1.069963e-01 1.099000e-01 1.110169e-01
1.168901e-01 1.165887e-01 0.000000e+00 1.146833e-01 1.173104e-01 1.098940e-01 1.079778e-01 1.053085e-01 1.082503e-01 1.093290e-01
1.183683e-01 1.178765e-01 1.146833e-01 0.000000e+00 1.185981e-01 1.111817e-01 1.092655e-01 1.060246e-01 1.095380e-01 1.106167e-01
1.194902e-01 1.184839e-01 1.173104e-01 1.185981e-01 0.000000e+00 1.106980e-01 1.090801e-01 1.061132e-01 1.074352e-01 1.117386e-01
1.120738e-01 1.108769e-01 1.098940e-01 1.111817e-01 1.106980e-01 0.000000e+00 9.210298e-02 9.227533e-02 9.031305e-02 9.331720e-02
1.093001e-01 1.096656e-01 1.079778e-01 1.092655e-01 1.090801e-01 9.210298e-02 0.000000e+00 8.776606e-02 8.897504e-02 9.161655e-02
1.068885e-01 1.069963e-01 1.053085e-01 1.060246e-01 1.061132e-01 9.227533e-02 8.776606e-02 0.000000e+00 8.572996e-02 8.564735e-02
1.094924e-01 1.099000e-01 1.082503e-01 1.095380e-01 1.074352e-01 9.031305e-02 8.897504e-02 8.572996e-02 0.000000e+00 9.202975e-02
1.106462e-01 1.110169e-01 1.093290e-01 1.106167e-01 1.117386e-01 9.331720e-02 9.161655e-02 8.564735e-02 9.202975e-02 0.000000e+00
