0.000000e+00 4.207105e-02 4.132995e-02 4.234191e-02 4.288614e-02 4.123819e-02 4.073280e-02 4.012689e-02 4.040853e-02 4.036236e-02
4.207105e-02 0.000000e+00 4.089680e-02 4.190751e-02 4.235316e-02 4.055892e-02 4.059309e-02 3.979017e-02 4.004323e-02 4.022648e-02
4.132995e-02 4.089680e-02 0.000000e+00 4.099421e-02 4.171169e-02 4.006073e-02 3.985201e-02 3.905305e-02 3.930237e-02 3.948538e-02
4.234191e-02 4.190751e-02 4.099421e-02 0.000000e+00 4.272342e-02 4.107258e-02 4.086373e-02 3.992197e-02 4.031402e-02 4.049720e-02
4.288614e-02 4.235316e-02 4.171169e-02 4.272342e-02 0.000000e+00 4.104867e-02 4.106940e-02 4.007763e-02 3.989324e-02 4.104115e-02
4.123819e-02 4.055892e-02 4.006073e-02 4.107258e-02 4.104867e-02 0.000000e+00 3.653006e-02 3.694513e-02 3.535235e-02 3.650334e-02
4.073280e-02 4.059309e-02 3.985201e-02 4.086373e-02 4.106940e-02 3.653006e-02 0.000000e+00 3.556834e-02 3.551224e-02 3.621500e-02
4.012689e-02 3.979017e-02 3.905305e-02 3.992197e-02 4.007763e-02 3.694513e-02 3.556834e-02 0.000000e+00 3.432623e-02 3.429017e-02
4.040853e-02 4.004323e-02 3.930237e-02 4.031402e-02 3.989324e-02 3.535235e-02 3.551224e-02 3.432623e-02 0.000000e+00 3.631189e-02
4.036236e-02 4.022648e-02 3.948538e-02 4.049720e-02 4.104115e-02 3.650334e-02 3.621500e-02 3.429017e-02 3.631189e-02 0.000000e+00
