0.000000e+00 3.534825e-02 3.513474e-02 3.666470e-02 3.726433e-02 3.657542e-02 3.601063e-02 3.628203e-02 3.606573e-02 3.570793e-02
3.534825e-02 0.000000e+00 3.449754e-02 3.606108e-02 3.667559e-02 3.576347e-02 3.566821e-02 3.567838e-02 3.546322e-02 3.536665e-02
3.513474e-02 3.449754e-02 0.000000e+00 3.575224e-02 3.648141e-02 3.575933e-02 3.545463e-02 3.546821e-02 3.524992e-02 3.515337e-02
3.666470e-02 3.606108e-02 3.575224e-02 0.000000e+00 3.801118e-02 3.729004e-02 3.698482e-02 3.692174e-02 3.677957e-02 3.668320e-02
3.726433e-02 3.667559e-02 3.648141e-02 3.801118e-02 0.000000e+00 3.744705e-02 3.730619e-02 3.718337e-02 3.658438e-02 3.731761e-02
3.657542e-02 3.576347e-02 3.575933e-02 3.729004e-02 3.744705e-02 0.000000e+00 3.423232e-02 3.546933e-02 3.350200e-02 3.450724e-02
3.601063e-02 3.566821e-02 3.545463e-02 3.698482e-02 3.730619e-02 3.423232e-02 0.000000e+00 3.410172e-02 3.365615e-02 3.398962e-02
3.628203e-02 3.567838e-02 3.546821e-02 3.692174e-02 3.718337e-02 3.546933e-02 3.410172e-02 0.000000e+00 3.332909e-02 3.308328e-02
3.606573e-02 3.546322e-02 3.524992e-02 3.677957e-02 3.658438e-02 3.350200e-02 3.365615e-02 3.332909e-02 0.000000e+00 3.464230e-02
3.570793e-02 3.536665e-02 3.515337e-02 3.668320e-02 3.731761e-02 3.450724e-02 3.398962e-02 3.308328e-02 3.464230e-02 0.000000e+00
