0.000000e+00 2.792157e-02 2.749371e-02 2.783817e-02 2.809025e-02 2.634524e-02 2.569334e-02 2.512647e-02 2.573872e-02 2.600973e-02
2.792157e-02 0.000000e+00 2.742529e-02 2.772496e-02 2.785611e-02 2.606632e-02 2.578170e-02 2.515427e-02 2.583697e-02 2.609930e-02
2.749371e-02 2.742529e-02 0.000000e+00 2.698805e-02 2.759397e-02 2.584896e-02 2.539862e-02 2.477119e-02 2.546285e-02 2.571621e-02
2.783817e-02 2.772496e-02 2.698805e-02 0.000000e+00 2.789364e-02 2.614863e-02 2.569829e-02 2.493649e-02 2.576251e-02 2.601588e-02
2.809025e-02 2.785611e-02 2.759397e-02 2.789364e-02 0.000000e+00 2.602330e-02 2.564312e-02 2.494571e-02 2.525661e-02 2.626799e-02
2.634524e-02 2.606632e-02 2.584896e-02 2.614863e-02 2.602330e-02 0.000000e+00 2.165068e-02 2.169123e-02 2.123004e-02 2.193608e-02
2.569334e-02 2.578170e-02 2.539862e-02 2.569829e-02 2.564312e-02 2.165068e-02 0.000000e+00 2.063129e-02 2.091558e-02 2.153638e-02
2.512647e-02 2.515427e-02 2.477119e-02 2.493649e-02 2.494571e-02 2.169123e-02 2.063129e-02 0.000000e+00 2.015276e-02 2.013322e-02
2.573872e-02 2.583697e-02 2.546285e-02 2.576251e-02 2.525661e-02 2.123004e-02 2.091558e-02 2.015276e-02 0.000000e+00 2.163363e-02
2.600973e-02 2.609930e-02 2.571621e-02 2.601588e-02 2.626799e-02 2.193608e-02 2.153638e-02 2.013322e-02 2.163363e-02 0.000000e+00
