0.000000e+00 1.109188e-01 1.093395e-01 1.105933e-01 1.114365e-01 1.037706e-01 1.008238e-01 9.892278e-02 1.018376e-01 1.026712e-01
1.109188e-01 0.000000e+00 1.094183e-01 1.104009e-01 1.107015e-01 1.028927e-01 1.014344e-01 9.934027e-02 1.024797e-01 1.032856e-01
1.093395e-01 1.094183e-01 0.000000e+00 1.074080e-01 1.099360e-01 1.022701e-01 1.001407e-01 9.804664e-02 1.013574e-01 1.019919e-01
1.105933e-01 1.104009e-01 1.074080e-01 0.000000e+00 1.109185e-01 1.032526e-01 1.011232e-01 9.845801e-02 1.023399e-01 1.029745e-01
1.114365e-01 1.107015e-01 1.099360e-01 1.109185e-01 0.000000e+00 1.025605e-01 1.006356e-01 9.831847e-02 1.000254e-01 1.038033e-01
1.037706e-01 1.028927e-01 1.022701e-01 1.032526e-01 1.025605e-01 0.000000e+00 8.354850e-02 8.397649e-02 8.291316e-02 8.522127e-02
1.008238e-01 1.014344e-01 1.001407e-01 1.011232e-01 1.006356e-01 8.354850e-02 0.000000e+00 7.949797e-02 8.138493e-02 8.331750e-02
9.892278e-02 9.934027e-02 9.804664e-02 9.845801e-02 9.831847e-02 8.397649e-02 7.949797e-02 0.000000e+00 7.851547e-02 7.823786e-02
1.018376e-01 1.024797e-01 1.013574e-01 1.023399e-01 1.000254e-01 8.291316e-02 8.138493e-02 7.851547e-02 0.000000e+00 8.455036e-02
1.026712e-01 1.032856e-01 1.019919e-01 1.029745e-01 1.038033e-01 8.522127e-02 8.331750e-02 7.823786e-02 8.455036e-02 0.000000e+00
