0.000000e+00 2.789932e-02 2.741369e-02 2.807875e-02 2.843399e-02 2.733892e-02 2.700379e-02 2.660195e-02 2.678543e-02 2.676170e-02
2.789932e-02 0.000000e+00 2.711815e-02 2.778196e-02 2.807239e-02 2.687930e-02 2.690280e-02 2.636921e-02 2.653498e-02 2.666325e-02
2.741369e-02 2.711815e-02 0.000000e+00 2.718200e-02 2.765263e-02 2.655460e-02 2.641717e-02 2.588748e-02 2.604956e-02 2.617761e-02
2.807875e-02 2.778196e-02 2.718200e-02 0.000000e+00 2.831745e-02 2.721953e-02 2.708200e-02 2.645773e-02 2.671433e-02 2.684252e-02
2.843399e-02 2.807239e-02 2.765263e-02 2.831745e-02 0.000000e+00 2.719842e-02 2.721296e-02 2.655557e-02 2.643041e-02 2.719750e-02
2.733892e-02 2.687930e-02 2.655460e-02 2.721953e-02 2.719842e-02 0.000000e+00 2.419952e-02 2.447476e-02 2.341733e-02 2.418619e-02
2.700379e-02 2.690280e-02 2.641717e-02 2.708200e-02 2.721296e-02 2.419952e-02 0.000000e+00 2.356224e-02 2.352341e-02 2.399285e-02
2.660195e-02 2.636921e-02 2.588748e-02 2.645773e-02 2.655557e-02 2.447476e-02 2.356224e-02 0.000000e+00 2.273737e-02 2.271811e-02
2.678543e-02 2.653498e-02 2.604956e-02 2.671433e-02 2.643041e-02 2.341733e-02 2.352341e-02 2.273737e-02 0.000000e+00 2.405593e-02
2.676170e-02 2.666325e-02 2.617761e-02 2.684252e-02 2.719750e-02 2.418619e-02 2.399285e-02 2.271811e-02 2.405593e-02 0.000000e+00
