0.000000e+00 2.183436e-03 2.149533e-03 2.196661e-03 2.220250e-03 2.132978e-03 2.106696e-03 2.075175e-03 2.087301e-03 2.090610e-03
2.183436e-03 0.000000e+00 2.121165e-03 2.167847e-03 2.186796e-03 2.091135e-03 2.093577e-03 2.051001e-03 2.062572e-03 2.077689e-03
2.149533e-03 2.121165e-03 0.000000e+00 2.124805e-03 2.157889e-03 2.069742e-03 2.059687e-03 2.018288e-03 2.028758e-03 2.043797e-03
2.196661e-03 2.167847e-03 2.124805e-03 0.000000e+00 2.204871e-03 2.116788e-03 2.106696e-03 2.057989e-03 2.075765e-03 2.090842e-03
2.220250e-03 2.186796e-03 2.157889e-03 2.204871e-03 0.000000e+00 2.111188e-03 2.112876e-03 2.061612e-03 2.049889e-03 2.114302e-03
2.132978e-03 2.091135e-03 2.069742e-03 2.116788e-03 2.111188e-03 0.000000e+00 1.874679e-03 1.896161e-03 1.812559e-03 1.876964e-03
2.106696e-03 2.093577e-03 2.059687e-03 2.106696e-03 2.112876e-03 1.874679e-03 0.000000e+00 1.825125e-03 1.821037e-03 1.860429e-03
2.075175e-03 2.051001e-03 2.018288e-03 2.057989e-03 2.061612e-03 1.896161e-03 1.825125e-03 0.000000e+00 1.759811e-03 1.761827e-03
2.087301e-03 2.062572e-03 2.028758e-03 2.075765e-03 2.049889e-03 1.812559e-03 1.821037e-03 1.759811e-03 0.000000e+00 1.864477e-03
2.090610e-03 2.077689e-03 2.043797e-03 2.090842e-03 2.114302e-03 1.876964e-03 1.860429e-03 1.761827e-03 1.864477e-03 0.000000e+00
