0.000000e+00 4.306183e-03 4.243874e-03 4.296174e-03 4.331950e-03 4.062441e-03 3.961985e-03 3.874592e-03 3.969084e-03 4.010750e-03
4.306183e-03 0.000000e+00 4.233884e-03 4.279277e-03 4.296405e-03 4.020000e-03 3.976182e-03 3.879452e-03 3.984806e-03 4.025131e-03
4.243874e-03 4.233884e-03 0.000000e+00 4.169311e-03 4.259652e-03 3.990143e-03 3.920767e-03 3.824034e-03 3.930771e-03 3.969717e-03
4.296174e-03 4.279277e-03 4.169311e-03 0.000000e+00 4.305044e-03 4.035536e-03 3.966160e-03 3.848708e-03 3.976166e-03 4.015110e-03
4.331950e-03 4.296405e-03 4.259652e-03 4.305044e-03 0.000000e+00 4.013129e-03 3.954575e-03 3.847057e-03 3.895076e-03 4.050905e-03
4.062441e-03 4.020000e-03 3.990143e-03 4.035536e-03 4.013129e-03 0.000000e+00 3.338519e-03 3.344789e-03 3.273734e-03 3.382508e-03
3.961985e-03 3.976182e-03 3.920767e-03 3.966160e-03 3.954575e-03 3.338519e-03 0.000000e+00 3.181395e-03 3.225291e-03 3.320927e-03
3.874592e-03 3.879452e-03 3.824034e-03 3.848708e-03 3.847057e-03 3.344789e-03 3.181395e-03 0.000000e+00 3.107674e-03 3.104575e-03
3.969084e-03 3.984806e-03 3.930771e-03 3.976166e-03 3.895076e-03 3.273734e-03 3.225291e-03 3.107674e-03 0.000000e+00 3.336002e-03
4.010750e-03 4.025131e-03 3.969717e-03 4.015110e-03 4.050905e-03 3.382508e-03 3.320927e-03 3.104575e-03 3.336002e-03 0.000000e+00
