0.000000e+00 5.609822e-02 5.510404e-02 5.645957e-02 5.719107e-02 5.499597e-02 5.432207e-02 5.351417e-02 5.389312e-02 5.382445e-02
5.609822e-02 0.000000e+00 5.453502e-02 5.588932e-02 5.648882e-02 5.409968e-02 5.414439e-02 5.307492e-02 5.341448e-02 5.365187e-02
5.510404e-02 5.453502e-02 0.000000e+00 5.466566e-02 5.562766e-02 5.342955e-02 5.315022e-02 5.208474e-02 5.242056e-02 5.265769e-02
5.645957e-02 5.588932e-02 5.466566e-02 0.000000e+00 5.698300e-02 5.478500e-02 5.450553e-02 5.324951e-02 5.377577e-02 5.401310e-02
5.719107e-02 5.648882e-02 5.562766e-02 5.698300e-02 0.000000e+00 5.475852e-02 5.478535e-02 5.346259e-02 5.321971e-02 5.474432e-02
5.499597e-02 5.409968e-02 5.342955e-02 5.478500e-02 5.475852e-02 0.000000e+00 4.873579e-02 4.928928e-02 4.716666e-02 4.869564e-02
5.432207e-02 5.414439e-02 5.315022e-02 5.450553e-02 5.478535e-02 4.873579e-02 0.000000e+00 4.745293e-02 4.737981e-02 4.831337e-02
5.351417e-02 5.307492e-02 5.208474e-02 5.324951e-02 5.346259e-02 4.928928e-02 4.745293e-02 0.000000e+00 4.579790e-02 4.574501e-02
5.389312e-02 5.341448e-02 5.242056e-02 5.377577e-02 5.321971e-02 4.716666e-02 4.737981e-02 4.579790e-02 0.000000e+00 4.844377e-02
5.382445e-02 5.365187e-02 5.265769e-02 5.401310e-02 5.474432e-02 4.869564e-02 4.831337e-02 4.574501e-02 4.844377e-02 0.000000e+00
