0.000000e+00 7.336969e-02 7.232713e-02 7.315874e-02 7.371226e-02 6.864129e-02 6.669208e-02 6.543465e-02 6.736277e-02 6.791408e-02
7.336969e-02 0.000000e+00 7.237923e-02 7.303140e-02 7.322601e-02 6.806055e-02 6.709596e-02 6.571080e-02 6.778753e-02 6.832053e-02
7.232713e-02 7.237923e-02 0.000000e+00 7.105380e-02 7.272179e-02 6.765082e-02 6.624233e-02 6.485719e-02 6.704724e-02 6.746686e-02
7.315874e-02 7.303140e-02 7.105380e-02 0.000000e+00 7.337397e-02 6.830300e-02 6.689450e-02 6.513156e-02 6.769939e-02 6.811904e-02
7.371226e-02 7.322601e-02 7.272179e-02 7.337397e-02 0.000000e+00 6.784101e-02 6.656778e-02 6.503506e-02 6.616419e-02 6.866310e-02
6.864129e-02 6.806055e-02 6.765082e-02 6.830300e-02 6.784101e-02 0.000000e+00 5.526496e-02 5.554807e-02 5.484473e-02 5.637144e-02
6.669208e-02 6.709596e-02 6.624233e-02 6.689450e-02 6.656778e-02 5.526496e-02 0.000000e+00 5.258567e-02 5.383387e-02 5.511217e-02
6.543465e-02 6.571080e-02 6.485719e-02 6.513156e-02 6.503506e-02 5.554807e-02 5.258567e-02 0.000000e+00 5.193580e-02 5.175214e-02
6.736277e-02 6.778753e-02 6.704724e-02 6.769939e-02 6.616419e-02 5.484473e-02 5.383387e-02 5.193580e-02 0.000000e+00 5.592771e-02
6.791408e-02 6.832053e-02 6.746686e-02 6.811904e-02 6.866310e-02 5.637144e-02 5.511217e-02 5.175214e-02 5.592771e-02 0.000000e+00
