0.000000e+00 5.888654e-02 5.796608e-02 5.869656e-02 5.924359e-02 5.556530e-02 5.419016e-02 5.299451e-02 5.428555e-02 5.485754e-02
5.888654e-02 0.000000e+00 5.781867e-02 5.845470e-02 5.874667e-02 5.497388e-02 5.437339e-02 5.304999e-02 5.448964e-02 5.504331e-02
5.796608e-02 5.781867e-02 0.000000e+00 5.688243e-02 5.817571e-02 5.449742e-02 5.354741e-02 5.222404e-02 5.368258e-02 5.421732e-02
5.869656e-02 5.845470e-02 5.688243e-02 0.000000e+00 5.881175e-02 5.513346e-02 5.418343e-02 5.257666e-02 5.431858e-02 5.485335e-02
5.924359e-02 5.874667e-02 5.817571e-02 5.881175e-02 0.000000e+00 5.488442e-02 5.408236e-02 5.261137e-02 5.326687e-02 5.540037e-02
5.556530e-02 5.497388e-02 5.449742e-02 5.513346e-02 5.488442e-02 0.000000e+00 4.566394e-02 4.574940e-02 4.477653e-02 4.626593e-02
5.419016e-02 5.437339e-02 5.354741e-02 5.418343e-02 5.408236e-02 4.566394e-02 0.000000e+00 4.351374e-02 4.411316e-02 4.542277e-02
5.299451e-02 5.304999e-02 5.222404e-02 5.257666e-02 5.261137e-02 4.574940e-02 4.351374e-02 0.000000e+00 4.250428e-02 4.246330e-02
5.428555e-02 5.448964e-02 5.368258e-02 5.431858e-02 5.326687e-02 4.477653e-02 4.411316e-02 4.250428e-02 0.000000e+00 4.562767e-02
5.485754e-02 5.504331e-02 5.421732e-02 5.485335e-02 5.540037e-02 4.626593e-02 4.542277e-02 4.246330e-02 4.562767e-02 0.000000e+00
