0.000000e+00 1.460088e-03 1.450717e-03 1.508647e-03 1.531065e-03 1.495682e-03 1.474506e-03 1.482610e-03 1.473016e-03 1.462698e-03
1.460088e-03 0.000000e+00 1.420126e-03 1.479464e-03 1.502781e-03 1.458393e-03 1.456121e-03 1.453519e-03 1.444307e-03 1.444682e-03
1.450717e-03 1.420126e-03 0.000000e+00 1.466238e-03 1.494369e-03 1.457405e-03 1.446758e-03 1.445280e-03 1.435049e-03 1.435468e-03
1.508647e-03 1.479464e-03 1.466238e-03 0.000000e+00 1.552143e-03 1.515605e-03 1.504768e-03 1.500025e-03 1.492851e-03 1.493293e-03
1.531065e-03 1.502781e-03 1.494369e-03 1.552143e-03 0.000000e+00 1.520675e-03 1.516008e-03 1.508885e-03 1.483375e-03 1.517582e-03
1.495682e-03 1.458393e-03 1.457405e-03 1.515605e-03 1.520675e-03 0.000000e+00 1.383454e-03 1.431275e-03 1.351202e-03 1.394936e-03
1.474506e-03 1.456121e-03 1.446758e-03 1.504768e-03 1.516008e-03 1.383454e-03 0.000000e+00 1.375966e-03 1.358744e-03 1.373130e-03
1.482610e-03 1.453519e-03 1.445280e-03 1.500025e-03 1.508885e-03 1.431275e-03 1.375966e-03 0.000000e+00 1.342816e-03 1.335700e-03
1.473016e-03 1.444307e-03 1.435049e-03 1.492851e-03 1.483375e-03 1.351202e-03 1.358744e-03 1.342816e-03 0.000000e+00 1.398853e-03
1.462698e-03 1.444682e-03 1.435468e-03 1.493293e-03 1.517582e-03 1.394936e-03 1.373130e-03 1.335700e-03 1.398853e-03 0.000000e+00
