0.000000e+00 1.113848e-02 1.096928e-02 1.117044e-02 1.129216e-02 1.087147e-02 1.079779e-02 1.062690e-02 1.067730e-02 1.066885e-02
1.113848e-02 0.000000e+00 1.089214e-02 1.109301e-02 1.120013e-02 1.075717e-02 1.076813e-02 1.056617e-02 1.061216e-02 1.064041e-02
1.096928e-02 1.089214e-02 0.000000e+00 1.089798e-02 1.104580e-02 1.062423e-02 1.059890e-02 1.039803e-02 1.044296e-02 1.047118e-02
1.117044e-02 1.109301e-02 1.089798e-02 0.000000e+00 1.124696e-02 1.082539e-02 1.080004e-02 1.057784e-02 1.064409e-02 1.067233e-02
1.129216e-02 1.120013e-02 1.104580e-02 1.124696e-02 0.000000e+00 1.085262e-02 1.086176e-02 1.063335e-02 1.055428e-02 1.079405e-02
1.087147e-02 1.075717e-02 1.062423e-02 1.082539e-02 1.085262e-02 0.000000e+00 9.986607e-03 9.969339e-03 9.729778e-03 9.912376e-03
1.079779e-02 1.076813e-02 1.059890e-02 1.080004e-02 1.086176e-02 9.986607e-03 0.000000e+00 9.751378e-03 9.753913e-03 9.862127e-03
1.062690e-02 1.056617e-02 1.039803e-02 1.057784e-02 1.063335e-02 9.969339e-03 9.751378e-03 0.000000e+00 9.494985e-03 9.489955e-03
1.067730e-02 1.061216e-02 1.044296e-02 1.064409e-02 1.055428e-02 9.729778e-03 9.753913e-03 9.494985e-03 0.000000e+00 9.809765e-03
1.066885e-02 1.064041e-02 1.047118e-02 1.067233e-02 1.079405e-02 9.912376e-03 9.862127e-03 9.489955e-03 9.809765e-03 0.000000e+00
