0.000000e+00 4.398130e-03 4.341742e-03 4.388006e-03 4.412297e-03 4.121152e-03 4.018122e-03 3.940361e-03 4.059328e-03 4.090407e-03
4.398130e-03 0.000000e+00 4.337175e-03 4.377318e-03 4.389374e-03 4.095031e-03 4.028778e-03 3.946496e-03 4.070425e-03 4.101244e-03
4.341742e-03 4.337175e-03 0.000000e+00 4.289052e-03 4.351344e-03 4.060199e-03 3.978804e-03 3.896517e-03 4.024312e-03 4.051274e-03
4.388006e-03 4.377318e-03 4.289052e-03 0.000000e+00 4.391486e-03 4.100342e-03 4.018950e-03 3.923783e-03 4.064461e-03 4.091419e-03
4.412297e-03 4.389374e-03 4.351344e-03 4.391486e-03 0.000000e+00 4.085934e-03 4.007820e-03 3.920658e-03 3.991090e-03 4.115425e-03
4.121152e-03 4.095031e-03 4.060199e-03 4.100342e-03 4.085934e-03 0.000000e+00 3.487303e-03 3.461405e-03 3.487186e-03 3.552793e-03
4.018122e-03 4.028778e-03 3.978804e-03 4.018950e-03 4.007820e-03 3.487303e-03 0.000000e+00 3.317928e-03 3.414215e-03 3.471344e-03
3.940361e-03 3.946496e-03 3.896517e-03 3.923783e-03 3.920658e-03 3.461405e-03 3.317928e-03 0.000000e+00 3.312931e-03 3.320812e-03
4.059328e-03 4.070425e-03 4.024312e-03 4.064461e-03 3.991090e-03 3.487186e-03 3.414215e-03 3.312931e-03 0.000000e+00 3.516722e-03
4.090407e-03 4.101244e-03 4.051274e-03 4.091419e-03 4.115425e-03 3.552793e-03 3.471344e-03 3.320812e-03 3.516722e-03 0.000000e+00
