0.000000e+00 2.323902e-02 2.288047e-02 2.330413e-02 2.356389e-02 2.268758e-02 2.253386e-02 2.217724e-02 2.228496e-02 2.226147e-02
2.323902e-02 0.000000e+00 2.273624e-02 2.315958e-02 2.338851e-02 2.246654e-02 2.248874e-02 2.206821e-02 2.216570e-02 2.221889e-02
2.288047e-02 2.273624e-02 0.000000e+00 2.274729e-02 2.306109e-02 2.218377e-02 2.213015e-02 2.171089e-02 2.180716e-02 2.186030e-02
2.330413e-02 2.315958e-02 2.274729e-02 0.000000e+00 2.348475e-02 2.260743e-02 2.255379e-02 2.208995e-02 2.223078e-02 2.228396e-02
2.356389e-02 2.338851e-02 2.306109e-02 2.348475e-02 0.000000e+00 2.266976e-02 2.268817e-02 2.221134e-02 2.204848e-02 2.254372e-02
2.268758e-02 2.246654e-02 2.218377e-02 2.260743e-02 2.266976e-02 0.000000e+00 2.086468e-02 2.082843e-02 2.032967e-02 2.070565e-02
2.253386e-02 2.248874e-02 2.213015e-02 2.255379e-02 2.268817e-02 2.086468e-02 0.000000e+00 2.037351e-02 2.038009e-02 2.060264e-02
2.217724e-02 2.206821e-02 2.171089e-02 2.208995e-02 2.221134e-02 2.082843e-02 2.037351e-02 0.000000e+00 1.983952e-02 1.982490e-02
2.228496e-02 2.216570e-02 2.180716e-02 2.223078e-02 2.204848e-02 2.032967e-02 2.038009e-02 1.983952e-02 0.000000e+00 2.049405e-02
2.226147e-02 2.221889e-02 2.186030e-02 2.228396e-02 2.254372e-02 2.070565e-02 2.060264e-02 1.982490e-02 2.049405e-02 0.000000e+00
