0.000000e+00 7.130467e-03 7.154401e-03 7.372855e-03 7.471360e-03 7.326450e-03 7.263961e-03 7.314073e-03 7.241572e-03 7.171863e-03
7.130467e-03 0.000000e+00 7.030636e-03 7.255821e-03 7.358889e-03 7.186195e-03 7.178007e-03 7.196985e-03 7.124739e-03 7.086229e-03
7.154401e-03 7.030636e-03 0.000000e+00 7.269002e-03 7.384994e-03 7.233733e-03 7.201905e-03 7.221773e-03 7.148685e-03 7.110172e-03
7.372855e-03 7.255821e-03 7.269002e-03 0.000000e+00 7.603426e-03 7.452316e-03 7.420405e-03 7.431607e-03 7.367112e-03 7.328615e-03
7.471360e-03 7.358889e-03 7.384994e-03 7.603426e-03 0.000000e+00 7.497707e-03 7.484342e-03 7.490898e-03 7.331523e-03 7.434097e-03
7.326450e-03 7.186195e-03 7.233733e-03 7.452316e-03 7.497707e-03 0.000000e+00 7.056832e-03 7.217567e-03 6.940719e-03 7.033562e-03
7.263961e-03 7.178007e-03 7.201905e-03 7.420405e-03 7.484342e-03 7.056832e-03 0.000000e+00 7.054476e-03 6.958307e-03 6.969902e-03
7.314073e-03 7.196985e-03 7.221773e-03 7.431607e-03 7.490898e-03 7.217567e-03 7.054476e-03 0.000000e+00 6.942303e-03 6.884293e-03
7.241572e-03 7.124739e-03 7.148685e-03 7.367112e-03 7.331523e-03 6.940719e-03 6.958307e-03 6.942303e-03 0.000000e+00 7.020767e-03
7.171863e-03 7.086229e-03 7.110172e-03 7.328615e-03 7.434097e-03 7.033562e-03 6.969902e-03 6.884293e-03 7.020767e-03 0.000000e+00
