0.000000e+00 1.840485e-01 1.816572e-01 1.835674e-01 1.846414e-01 1.724607e-01 1.681452e-01 1.648900e-01 1.698634e-01 1.711715e-01
1.840485e-01 0.000000e+00 1.814695e-01 1.831237e-01 1.836857e-01 1.713702e-01 1.685936e-01 1.651489e-01 1.703303e-01 1.716276e-01
1.816572e-01 1.814695e-01 0.000000e+00 1.793984e-01 1.820625e-01 1.698817e-01 1.664717e-01 1.630272e-01 1.683702e-01 1.695057e-01
1.835674e-01 1.831237e-01 1.793984e-01 0.000000e+00 1.837167e-01 1.715359e-01 1.681259e-01 1.641423e-01 1.700243e-01 1.711599e-01
1.846414e-01 1.836857e-01 1.820625e-01 1.837167e-01 0.000000e+00 1.709891e-01 1.677160e-01 1.640671e-01 1.670100e-01 1.722206e-01
1.724607e-01 1.713702e-01 1.698817e-01 1.715359e-01 1.709891e-01 0.000000e+00 1.459360e-01 1.448511e-01 1.459268e-01 1.486777e-01
1.681452e-01 1.685936e-01 1.664717e-01 1.681259e-01 1.677160e-01 1.459360e-01 0.000000e+00 1.388446e-01 1.428707e-01 1.452664e-01
1.648900e-01 1.651489e-01 1.630272e-01 1.641423e-01 1.640671e-01 1.448511e-01 1.388446e-01 0.000000e+00 1.386318e-01 1.389661e-01
1.698634e-01 1.703303e-01 1.683702e-01 1.700243e-01 1.670100e-01 1.459268e-01 1.428707e-01 1.386318e-01 0.000000e+00 1.471610e-01
1.711715e-01 1.716276e-01 1.695057e-01 1.711599e-01 1.722206e-01 1.486777e-01 1.452664e-01 1.389661e-01 1.471610e-01 0.000000e+00
