0.000000e+00 3.568571e-03 3.517794e-03 3.558711e-03 3.584978e-03 3.371201e-03 3.299501e-03 3.224536e-03 3.304969e-03 3.338940e-03
3.568571e-03 0.000000e+00 3.504395e-03 3.542055e-03 3.559532e-03 3.342516e-03 3.299860e-03 3.220323e-03 3.305775e-03 3.339483e-03
3.517794e-03 3.504395e-03 0.000000e+00 3.468812e-03 3.520805e-03 3.307028e-03 3.252319e-03 3.172777e-03 3.258881e-03 3.291945e-03
3.558711e-03 3.542055e-03 3.468812e-03 0.000000e+00 3.558464e-03 3.344688e-03 3.289981e-03 3.200672e-03 3.296546e-03 3.329606e-03
3.584978e-03 3.559532e-03 3.520805e-03 3.558464e-03 0.000000e+00 3.340281e-03 3.289818e-03 3.205347e-03 3.246476e-03 3.355901e-03
3.371201e-03 3.342516e-03 3.307028e-03 3.344688e-03 3.340281e-03 0.000000e+00 2.900961e-03 2.869669e-03 2.868529e-03 2.936367e-03
3.299501e-03 3.299860e-03 3.252319e-03 3.289981e-03 3.289818e-03 2.900961e-03 0.000000e+00 2.763521e-03 2.819832e-03 2.881177e-03
3.224536e-03 3.220323e-03 3.172777e-03 3.200672e-03 3.205347e-03 2.869669e-03 2.763521e-03 0.000000e+00 2.729654e-03 2.744297e-03
3.304969e-03 3.305775e-03 3.258881e-03 3.296546e-03 3.246476e-03 2.868529e-03 2.819832e-03 2.729654e-03 0.000000e+00 2.889372e-03
3.338940e-03 3.339483e-03 3.291945e-03 3.329606e-03 3.355901e-03 2.936367e-03 2.881177e-03 2.744297e-03 2.889372e-03 0.000000e+00
