0.000000e+00 2.878002e-02 2.840799e-02 2.870836e-02 2.887280e-02 2.696789e-02 2.629321e-02 2.578423e-02 2.656212e-02 2.676639e-02
2.878002e-02 0.000000e+00 2.837855e-02 2.863888e-02 2.872325e-02 2.679732e-02 2.636328e-02 2.582469e-02 2.663508e-02 2.683766e-02
2.840799e-02 2.837855e-02 0.000000e+00 2.805825e-02 2.847132e-02 2.656641e-02 2.603332e-02 2.549473e-02 2.633040e-02 2.650771e-02
2.870836e-02 2.863888e-02 2.805825e-02 0.000000e+00 2.873166e-02 2.682675e-02 2.629367e-02 2.567079e-02 2.659075e-02 2.676805e-02
2.887280e-02 2.872325e-02 2.847132e-02 2.873166e-02 0.000000e+00 2.673781e-02 2.622615e-02 2.565562e-02 2.611596e-02 2.693047e-02
2.696789e-02 2.679732e-02 2.656641e-02 2.682675e-02 2.673781e-02 0.000000e+00 2.282022e-02 2.265062e-02 2.281891e-02 2.324891e-02
2.629321e-02 2.636328e-02 2.603332e-02 2.629367e-02 2.622615e-02 2.282022e-02 0.000000e+00 2.171143e-02 2.234109e-02 2.271556e-02
2.578423e-02 2.582469e-02 2.549473e-02 2.567079e-02 2.565562e-02 2.265062e-02 2.171143e-02 0.000000e+00 2.167825e-02 2.173041e-02
2.656212e-02 2.663508e-02 2.633040e-02 2.659075e-02 2.611596e-02 2.281891e-02 2.234109e-02 2.167825e-02 0.000000e+00 2.301196e-02
2.676639e-02 2.683766e-02 2.650771e-02 2.676805e-02 2.693047e-02 2.324891e-02 2.271556e-02 2.173041e-02 2.301196e-02 0.000000e+00
