0.000000e+00 4.677382e-02 4.604537e-02 4.690283e-02 4.743267e-02 4.567067e-02 4.536132e-02 4.464346e-02 4.486348e-02 4.480895e-02
4.677382e-02 0.000000e+00 4.577576e-02 4.663290e-02 4.710025e-02 4.524732e-02 4.529123e-02 4.444587e-02 4.464406e-02 4.474399e-02
4.604537e-02 4.577576e-02 0.000000e+00 4.579643e-02 4.643458e-02 4.467154e-02 4.456274e-02 4.371867e-02 4.391563e-02 4.401549e-02
4.690283e-02 4.663290e-02 4.579643e-02 0.000000e+00 4.729206e-02 4.552902e-02 4.542018e-02 4.448629e-02 4.477302e-02 4.487295e-02
4.743267e-02 4.710025e-02 4.643458e-02 4.729206e-02 0.000000e+00 4.566111e-02 4.569742e-02 4.473737e-02 4.441226e-02 4.540281e-02
4.567067e-02 4.524732e-02 4.467154e-02 4.552902e-02 4.566111e-02 0.000000e+00 4.203019e-02 4.195698e-02 4.095448e-02 4.170502e-02
4.536132e-02 4.529123e-02 4.456274e-02 4.542018e-02 4.569742e-02 4.203019e-02 0.000000e+00 4.104119e-02 4.105611e-02 4.150001e-02
4.464346e-02 4.444587e-02 4.371867e-02 4.448629e-02 4.473737e-02 4.195698e-02 4.104119e-02 0.000000e+00 3.996765e-02 3.993309e-02
4.486348e-02 4.464406e-02 4.391563e-02 4.477302e-02 4.441226e-02 4.095448e-02 4.105611e-02 3.996765e-02 0.000000e+00 4.128231e-02
4.480895e-02 4.474399e-02 4.401549e-02 4.487295e-02 4.540281e-02 4.170502e-02 4.150001e-02 3.993309e-02 4.128231e-02 0.000000e+00
