0.000000e+00 2.224189e-02 2.231910e-02 2.300564e-02 2.331895e-02 2.288082e-02 2.268179e-02 2.284374e-02 2.261821e-02 2.239288e-02
2.224189e-02 0.000000e+00 2.194630e-02 2.265338e-02 2.298045e-02 2.245502e-02 2.242649e-02 2.249141e-02 2.226618e-02 2.213795e-02
2.231910e-02 2.194630e-02 0.000000e+00 2.269692e-02 2.306439e-02 2.260620e-02 2.250364e-02 2.256960e-02 2.234340e-02 2.221515e-02
2.300564e-02 2.265338e-02 2.269692e-02 0.000000e+00 2.375093e-02 2.329291e-02 2.319023e-02 2.322919e-02 2.302989e-02 2.290169e-02
2.331895e-02 2.298045e-02 2.306439e-02 2.375093e-02 0.000000e+00 2.343846e-02 2.339514e-02 2.341955e-02 2.292323e-02 2.323582e-02
2.288082e-02 2.245502e-02 2.260620e-02 2.329291e-02 2.343846e-02 0.000000e+00 2.207406e-02 2.258088e-02 2.171550e-02 2.200029e-02
2.268179e-02 2.242649e-02 2.250364e-02 2.319023e-02 2.339514e-02 2.207406e-02 0.000000e+00 2.207107e-02 2.176854e-02 2.180321e-02
2.284374e-02 2.249141e-02 2.256960e-02 2.322919e-02 2.341955e-02 2.258088e-02 2.207107e-02 0.000000e+00 2.172344e-02 2.153715e-02
2.261821e-02 2.226618e-02 2.234340e-02 2.302989e-02 2.292323e-02 2.171550e-02 2.176854e-02 2.172344e-02 0.000000e+00 2.196262e-02
2.239288e-02 2.213795e-02 2.221515e-02 2.290169e-02 2.323582e-02 2.200029e-02 2.180321e-02 2.153715e-02 2.196262e-02 0.000000e+00
