0.000000e+00 6.081344e-02 6.002504e-02 6.065781e-02 6.100946e-02 5.698451e-02 5.555865e-02 5.448309e-02 5.612650e-02 5.655858e-02
6.081344e-02 0.000000e+00 5.996302e-02 6.051119e-02 6.069365e-02 5.662422e-02 5.570683e-02 5.456869e-02 5.628079e-02 5.670930e-02
6.002504e-02 5.996302e-02 0.000000e+00 5.928201e-02 6.015903e-02 5.613409e-02 5.500742e-02 5.386927e-02 5.563479e-02 5.600989e-02
6.065781e-02 6.051119e-02 5.928201e-02 0.000000e+00 6.070721e-02 5.668226e-02 5.555559e-02 5.423935e-02 5.618297e-02 5.655806e-02
6.100946e-02 6.069365e-02 6.015903e-02 6.070721e-02 0.000000e+00 5.649841e-02 5.541699e-02 5.421134e-02 5.518380e-02 5.690536e-02
5.698451e-02 5.662422e-02 5.613409e-02 5.668226e-02 5.649841e-02 0.000000e+00 4.822027e-02 4.786183e-02 4.821727e-02 4.912619e-02
5.555865e-02 5.570683e-02 5.500742e-02 5.555559e-02 5.541699e-02 4.822027e-02 0.000000e+00 4.587716e-02 4.720748e-02 4.799904e-02
5.448309e-02 5.456869e-02 5.386927e-02 5.423935e-02 5.421134e-02 4.786183e-02 4.587716e-02 0.000000e+00 4.580684e-02 4.591731e-02
5.612650e-02 5.628079e-02 5.563479e-02 5.618297e-02 5.518380e-02 4.821727e-02 4.720748e-02 4.580684e-02 0.000000e+00 4.862510e-02
5.655858e-02 5.670930e-02 5.600989e-02 5.655806e-02 5.690536e-02 4.912619e-02 4.799904e-02 4.591731e-02 4.862510e-02 0.000000e+00
