0.000000e+00 5.494327e-02 5.430561e-02 5.487862e-02 5.514256e-02 5.256363e-02 5.188252e-02 5.055764e-02 5.138327e-02 5.179635e-02
5.494327e-02 0.000000e+00 5.379984e-02 5.437268e-02 5.452241e-02 5.187614e-02 5.162715e-02 5.020767e-02 5.108331e-02 5.154484e-02
5.430561e-02 5.379984e-02 0.000000e+00 5.341049e-02 5.399902e-02 5.142018e-02 5.098945e-02 4.956999e-02 5.044563e-02 5.090713e-02
5.487862e-02 5.437268e-02 5.341049e-02 0.000000e+00 5.457207e-02 5.199321e-02 5.156247e-02 5.000839e-02 5.101863e-02 5.148015e-02
5.514256e-02 5.452241e-02 5.399902e-02 5.457207e-02 0.000000e+00 5.179082e-02 5.146694e-02 4.994541e-02 5.016058e-02 5.174415e-02
5.256363e-02 5.187614e-02 5.142018e-02 5.199321e-02 5.179082e-02 0.000000e+00 4.637283e-02 4.573719e-02 4.528073e-02 4.635237e-02
5.188252e-02 5.162715e-02 5.098945e-02 5.156247e-02 5.146694e-02 4.637283e-02 0.000000e+00 4.445216e-02 4.496009e-02 4.587389e-02
5.055764e-02 5.020767e-02 4.956999e-02 5.000839e-02 4.994541e-02 4.573719e-02 4.445216e-02 0.000000e+00 4.339595e-02 4.356197e-02
5.138327e-02 5.108331e-02 5.044563e-02 5.101863e-02 5.016058e-02 4.528073e-02 4.496009e-02 4.339595e-02 0.000000e+00 4.552663e-02
5.179635e-02 5.154484e-02 5.090713e-02 5.148015e-02 5.174415e-02 4.635237e-02 4.587389e-02 4.356197e-02 4.552663e-02 0.000000e+00
