0.000000e+00 3.637082e-02 3.595145e-02 3.632866e-02 3.650242e-02 3.479350e-02 3.434271e-02 3.346588e-02 3.401254e-02 3.428756e-02
3.637082e-02 0.000000e+00 3.561452e-02 3.599155e-02 3.608981e-02 3.433632e-02 3.417151e-02 3.323207e-02 3.381183e-02 3.411891e-02
3.595145e-02 3.561452e-02 0.000000e+00 3.535693e-02 3.574602e-02 3.403719e-02 3.375210e-02 3.281267e-02 3.339244e-02 3.369950e-02
3.632866e-02 3.599155e-02 3.535693e-02 0.000000e+00 3.612326e-02 3.441441e-02 3.412931e-02 3.310079e-02 3.376964e-02 3.407671e-02
3.650242e-02 3.608981e-02 3.574602e-02 3.612326e-02 0.000000e+00 3.427956e-02 3.406519e-02 3.305821e-02 3.320086e-02 3.425053e-02
3.479350e-02 3.433632e-02 3.403719e-02 3.441441e-02 3.427956e-02 0.000000e+00 3.069102e-02 3.027034e-02 2.996804e-02 3.067892e-02
3.434271e-02 3.417151e-02 3.375210e-02 3.412931e-02 3.406519e-02 3.069102e-02 0.000000e+00 2.941950e-02 2.975589e-02 3.036231e-02
3.346588e-02 3.323207e-02 3.281267e-02 3.310079e-02 3.305821e-02 3.027034e-02 2.941950e-02 0.000000e+00 2.872070e-02 2.883223e-02
3.401254e-02 3.381183e-02 3.339244e-02 3.376964e-02 3.320086e-02 2.996804e-02 2.975589e-02 2.872070e-02 0.000000e+00 3.013228e-02
3.428756e-02 3.411891e-02 3.369950e-02 3.407671e-02 3.425053e-02 3.067892e-02 3.036231e-02 2.883223e-02 3.013228e-02 0.000000e+00
