0.000000e+00 1.226869e-01 1.210938e-01 1.223679e-01 1.230823e-01 1.149625e-01 1.120858e-01 1.099159e-01 1.132312e-01 1.141031e-01
1.226869e-01 0.000000e+00 1.209687e-01 1.220722e-01 1.224452e-01 1.142356e-01 1.123847e-01 1.100885e-01 1.135424e-01 1.144072e-01
1.210938e-01 1.209687e-01 0.000000e+00 1.195898e-01 1.213640e-01 1.132442e-01 1.109711e-01 1.086750e-01 1.122367e-01 1.129936e-01
1.223679e-01 1.220722e-01 1.195898e-01 0.000000e+00 1.224675e-01 1.143477e-01 1.120746e-01 1.094192e-01 1.133401e-01 1.140971e-01
1.230823e-01 1.224452e-01 1.213640e-01 1.224675e-01 0.000000e+00 1.139816e-01 1.117998e-01 1.093674e-01 1.113292e-01 1.148025e-01
1.149625e-01 1.142356e-01 1.132442e-01 1.143477e-01 1.139816e-01 0.000000e+00 9.728111e-02 9.655796e-02 9.727499e-02 9.910877e-02
1.120858e-01 1.123847e-01 1.109711e-01 1.120746e-01 1.117998e-01 9.728111e-02 0.000000e+00 9.255400e-02 9.523780e-02 9.683477e-02
1.099159e-01 1.100885e-01 1.086750e-01 1.094192e-01 1.093674e-01 9.655796e-02 9.255400e-02 0.000000e+00 9.241211e-02 9.263500e-02
1.132312e-01 1.135424e-01 1.122367e-01 1.133401e-01 1.113292e-01 9.727499e-02 9.523780e-02 9.241211e-02 0.000000e+00 9.809774e-02
1.141031e-01 1.144072e-01 1.129936e-01 1.140971e-01 1.148025e-01 9.910877e-02 9.683477e-02 9.263500e-02 9.809774e-02 0.000000e+00
