0.000000e+00 1.204516e-03 1.208315e-03 1.244517e-03 1.260479e-03 1.234581e-03 1.224463e-03 1.232283e-03 1.219997e-03 1.209095e-03
1.204516e-03 0.000000e+00 1.185970e-03 1.223342e-03 1.240139e-03 1.209581e-03 1.208549e-03 1.211106e-03 1.198916e-03 1.193300e-03
1.208315e-03 1.185970e-03 0.000000e+00 1.225333e-03 1.244315e-03 1.217326e-03 1.212334e-03 1.215223e-03 1.202722e-03 1.197108e-03
1.244517e-03 1.223342e-03 1.225333e-03 0.000000e+00 1.280500e-03 1.253587e-03 1.248557e-03 1.249972e-03 1.238913e-03 1.233301e-03
1.260479e-03 1.240139e-03 1.244315e-03 1.280500e-03 0.000000e+00 1.260787e-03 1.258743e-03 1.259380e-03 1.232411e-03 1.250547e-03
1.234581e-03 1.209581e-03 1.217326e-03 1.253587e-03 1.260787e-03 0.000000e+00 1.185225e-03 1.211759e-03 1.165198e-03 1.181424e-03
1.224463e-03 1.208549e-03 1.212334e-03 1.248557e-03 1.258743e-03 1.185225e-03 0.000000e+00 1.184362e-03 1.168418e-03 1.170564e-03
1.232283e-03 1.211106e-03 1.215223e-03 1.249972e-03 1.259380e-03 1.211759e-03 1.184362e-03 0.000000e+00 1.165158e-03 1.155957e-03
1.219997e-03 1.198916e-03 1.202722e-03 1.238913e-03 1.232411e-03 1.165198e-03 1.168418e-03 1.165158e-03 0.000000e+00 1.179032e-03
1.209095e-03 1.193300e-03 1.197108e-03 1.233301e-03 1.250547e-03 1.181424e-03 1.170564e-03 1.155957e-03 1.179032e-03 0.000000e+00
