0.000000e+00 1.475685e-02 1.480758e-02 1.526213e-02 1.546887e-02 1.517553e-02 1.504425e-02 1.515064e-02 1.500087e-02 1.485288e-02
1.475685e-02 0.000000e+00 1.455772e-02 1.502600e-02 1.524195e-02 1.489082e-02 1.487244e-02 1.491443e-02 1.476496e-02 1.468143e-02
1.480758e-02 1.455772e-02 0.000000e+00 1.505441e-02 1.529715e-02 1.499056e-02 1.492312e-02 1.496613e-02 1.481570e-02 1.473216e-02
1.526213e-02 1.502600e-02 1.505441e-02 0.000000e+00 1.575170e-02 1.544527e-02 1.537773e-02 1.540282e-02 1.527022e-02 1.518671e-02
1.546887e-02 1.524195e-02 1.529715e-02 1.575170e-02 0.000000e+00 1.554110e-02 1.551266e-02 1.552811e-02 1.519864e-02 1.540744e-02
1.517553e-02 1.489082e-02 1.499056e-02 1.544527e-02 1.554110e-02 0.000000e+00 1.463378e-02 1.496901e-02 1.439519e-02 1.458506e-02
1.504425e-02 1.487244e-02 1.492312e-02 1.537773e-02 1.551266e-02 1.463378e-02 0.000000e+00 1.463096e-02 1.443071e-02 1.445401e-02
1.515064e-02 1.491443e-02 1.496613e-02 1.540282e-02 1.552811e-02 1.496901e-02 1.463096e-02 0.000000e+00 1.439988e-02 1.427731e-02
1.500087e-02 1.476496e-02 1.481570e-02 1.527022e-02 1.519864e-02 1.439519e-02 1.443071e-02 1.439988e-02 0.000000e+00 1.455963e-02
1.485288e-02 1.468143e-02 1.473216e-02 1.518671e-02 1.540744e-02 1.458506e-02 1.445401e-02 1.427731e-02 1.455963e-02 0.000000e+00
