0.000000e+00 4.880552e-02 4.808671e-02 4.865124e-02 4.903211e-02 4.611074e-02 4.512905e-02 4.410343e-02 4.520232e-02 4.566883e-02
4.880552e-02 0.000000e+00 4.790026e-02 4.842026e-02 4.868089e-02 4.571503e-02 4.513056e-02 4.404236e-02 4.520995e-02 4.567289e-02
4.808671e-02 4.790026e-02 0.000000e+00 4.739418e-02 4.812684e-02 4.520547e-02 4.445623e-02 4.336802e-02 4.454452e-02 4.499855e-02
4.865124e-02 4.842026e-02 4.739418e-02 0.000000e+00 4.864685e-02 4.572548e-02 4.497624e-02 4.375443e-02 4.506453e-02 4.551856e-02
4.903211e-02 4.868089e-02 4.812684e-02 4.864685e-02 0.000000e+00 4.568652e-02 4.499525e-02 4.383953e-02 4.440094e-02 4.589951e-02
4.611074e-02 4.571503e-02 4.520547e-02 4.572548e-02 4.568652e-02 0.000000e+00 3.967905e-02 3.925076e-02 3.923431e-02 4.016362e-02
4.512905e-02 4.513056e-02 4.445623e-02 4.497624e-02 4.499525e-02 3.967905e-02 0.000000e+00 3.779824e-02 3.856759e-02 3.940798e-02
4.410343e-02 4.404236e-02 4.336802e-02 4.375443e-02 4.383953e-02 3.925076e-02 3.779824e-02 0.000000e+00 3.733404e-02 3.753553e-02
4.520232e-02 4.520995e-02 4.454452e-02 4.506453e-02 4.440094e-02 3.923431e-02 3.856759e-02 3.733404e-02 0.000000e+00 3.951894e-02
4.566883e-02 4.567289e-02 4.499855e-02 4.551856e-02 4.589951e-02 4.016362e-02 3.940798e-02 3.753553e-02 3.951894e-02 0.000000e+00
