0.000000e+00 9.843806e-02 9.698046e-02 9.812068e-02 9.889570e-02 9.300424e-02 9.102411e-02 8.895543e-02 9.117177e-02 9.211285e-02
9.843806e-02 0.000000e+00 9.660304e-02 9.765345e-02 9.818595e-02 9.220469e-02 9.102575e-02 8.883083e-02 9.118575e-02 9.211964e-02
9.698046e-02 9.660304e-02 0.000000e+00 9.557611e-02 9.706067e-02 9.116921e-02 8.965793e-02 8.746303e-02 8.983590e-02 9.075181e-02
9.812068e-02 9.765345e-02 9.557611e-02 0.000000e+00 9.811109e-02 9.221963e-02 9.070834e-02 8.824397e-02 9.088629e-02 9.180222e-02
9.889570e-02 9.818595e-02 9.706067e-02 9.811109e-02 0.000000e+00 9.214779e-02 9.075343e-02 8.842232e-02 8.955459e-02 9.257732e-02
9.300424e-02 9.220469e-02 9.116921e-02 9.221963e-02 9.214779e-02 0.000000e+00 8.003162e-02 7.916774e-02 7.913453e-02 8.100900e-02
9.102411e-02 9.102575e-02 8.965793e-02 9.070834e-02 9.075343e-02 8.003162e-02 0.000000e+00 7.623804e-02 7.778977e-02 7.948487e-02
8.895543e-02 8.883083e-02 8.746303e-02 8.824397e-02 8.842232e-02 7.916774e-02 7.623804e-02 0.000000e+00 7.530174e-02 7.570816e-02
9.117177e-02 9.118575e-02 8.983590e-02 9.088629e-02 8.955459e-02 7.913453e-02 7.778977e-02 7.530174e-02 0.000000e+00 7.970862e-02
9.211285e-02 9.211964e-02 9.075181e-02 9.180222e-02 9.257732e-02 8.100900e-02 7.948487e-02 7.570816e-02 7.970862e-02 0.000000e+00
