0.000000e+00 1.730498e-02 1.710872e-02 1.728571e-02 1.736719e-02 1.655204e-02 1.633768e-02 1.592074e-02 1.618103e-02 1.631365e-02
1.730498e-02 0.000000e+00 1.694591e-02 1.712274e-02 1.716841e-02 1.633206e-02 1.625369e-02 1.580699e-02 1.608301e-02 1.623087e-02
1.710872e-02 1.694591e-02 0.000000e+00 1.682357e-02 1.700804e-02 1.619296e-02 1.605740e-02 1.561069e-02 1.588672e-02 1.603458e-02
1.728571e-02 1.712274e-02 1.682357e-02 0.000000e+00 1.718505e-02 1.636995e-02 1.623439e-02 1.574531e-02 1.606371e-02 1.621157e-02
1.736719e-02 1.716841e-02 1.700804e-02 1.718505e-02 0.000000e+00 1.630471e-02 1.620278e-02 1.572396e-02 1.579212e-02 1.629311e-02
1.655204e-02 1.633206e-02 1.619296e-02 1.636995e-02 1.630471e-02 0.000000e+00 1.459498e-02 1.439496e-02 1.425100e-02 1.459092e-02
1.633768e-02 1.625369e-02 1.605740e-02 1.623439e-02 1.620278e-02 1.459498e-02 0.000000e+00 1.398993e-02 1.415021e-02 1.444046e-02
1.592074e-02 1.580699e-02 1.561069e-02 1.574531e-02 1.572396e-02 1.439496e-02 1.398993e-02 0.000000e+00 1.365795e-02 1.371287e-02
1.618103e-02 1.608301e-02 1.588672e-02 1.606371e-02 1.579212e-02 1.425100e-02 1.415021e-02 1.365795e-02 0.000000e+00 1.433088e-02
1.631365e-02 1.623087e-02 1.603458e-02 1.621157e-02 1.629311e-02 1.459092e-02 1.444046e-02 1.371287e-02 1.433088e-02 0.000000e+00
