0.000000e+00 2.965986e-02 2.976334e-02 3.067980e-02 3.109877e-02 3.051725e-02 3.025105e-02 3.046811e-02 3.016750e-02 2.986547e-02
2.965986e-02 0.000000e+00 2.926877e-02 3.021254e-02 3.064977e-02 2.995171e-02 2.991309e-02 3.000078e-02 2.970048e-02 2.952788e-02
2.976334e-02 2.926877e-02 0.000000e+00 3.027111e-02 3.076222e-02 3.015389e-02 3.001650e-02 3.010524e-02 2.980397e-02 2.963133e-02
3.067980e-02 3.021254e-02 3.027111e-02 0.000000e+00 3.167870e-02 3.107054e-02 3.093303e-02 3.098576e-02 3.072038e-02 3.054781e-02
3.109877e-02 3.064977e-02 3.076222e-02 3.167870e-02 0.000000e+00 3.126539e-02 3.120733e-02 3.124065e-02 3.057897e-02 3.099437e-02
3.051725e-02 2.995171e-02 3.015389e-02 3.107054e-02 3.126539e-02 0.000000e+00 2.944809e-02 3.012501e-02 2.897066e-02 2.934948e-02
3.025105e-02 2.991309e-02 3.001650e-02 3.093303e-02 3.120733e-02 2.944809e-02 0.000000e+00 2.944497e-02 2.904106e-02 2.908699e-02
3.046811e-02 3.000078e-02 3.010524e-02 3.098576e-02 3.124065e-02 3.012501e-02 2.944497e-02 0.000000e+00 2.898186e-02 2.873238e-02
3.016750e-02 2.970048e-02 2.980397e-02 3.072038e-02 3.057897e-02 2.897066e-02 2.904106e-02 2.898186e-02 0.000000e+00 2.929972e-02
2.986547e-02 2.952788e-02 2.963133e-02 3.054781e-02 3.099437e-02 2.934948e-02 2.908699e-02 2.873238e-02 2.929972e-02 0.000000e+00
