0.000000e+00 1.476705e-01 1.454800e-01 1.471913e-01 1.483574e-01 1.395198e-01 1.365493e-01 1.334459e-01 1.367707e-01 1.381825e-01
1.476705e-01 0.000000e+00 1.449131e-01 1.464896e-01 1.472919e-01 1.383196e-01 1.365510e-01 1.332583e-01 1.367910e-01 1.381920e-01
1.454800e-01 1.449131e-01 0.000000e+00 1.433694e-01 1.455999e-01 1.367623e-01 1.344952e-01 1.312025e-01 1.347621e-01 1.361361e-01
1.471913e-01 1.464896e-01 1.433694e-01 0.000000e+00 1.471765e-01 1.383389e-01 1.360717e-01 1.323748e-01 1.363386e-01 1.377127e-01
1.483574e-01 1.472919e-01 1.455999e-01 1.471765e-01 0.000000e+00 1.382345e-01 1.361428e-01 1.326457e-01 1.343443e-01 1.388789e-01
1.395198e-01 1.383196e-01 1.367623e-01 1.383389e-01 1.382345e-01 0.000000e+00 1.200589e-01 1.187630e-01 1.187132e-01 1.215251e-01
1.365493e-01 1.365510e-01 1.344952e-01 1.360717e-01 1.361428e-01 1.200589e-01 0.000000e+00 1.143680e-01 1.166958e-01 1.192387e-01
1.334459e-01 1.332583e-01 1.312025e-01 1.323748e-01 1.326457e-01 1.187630e-01 1.143680e-01 0.000000e+00 1.129634e-01 1.135731e-01
1.367707e-01 1.367910e-01 1.347621e-01 1.363386e-01 1.343443e-01 1.187132e-01 1.166958e-01 1.129634e-01 0.000000e+00 1.195744e-01
1.381825e-01 1.381920e-01 1.361361e-01 1.377127e-01 1.388789e-01 1.215251e-01 1.192387e-01 1.135731e-01 1.195744e-01 0.000000e+00
