0.00000000e+00 8.20058593e-01 7.63550485e-01 8.13711830e-01 7.01777830e-01 7.08477347e-01 6.96885610e-01 7.04604049e-01 7.37759495e-01 8.18971778e-01 7.13563008e-01 7.19315340e-01 8.25341878e-01 1.26903209e+00 1.16089767e+00 6.78068007e-01 1.15879416e+00 8.31303588e-01 7.20162024e-01 1.09861761e+00 1.24402116e+00 1.24779304e+00 8.95041276e-01 8.03777081e-01 8.90884285e-01 9.97348175e-01 1.00310918e+00 8.74643786e-01 1.25283982e+00
8.20058593e-01 0.00000000e+00 3.36464749e-01 7.25628130e-01 4.68484230e-01 3.77818819e-01 5.19364446e-01 3.95051872e-01 2.73899601e-01 7.69519421e-02 3.91939516e-01 4.10737786e-01 1.20186170e-01 1.05285270e+00 1.34312812e+00 5.08730648e-01 1.33195567e+00 1.22361114e-01 4.17038027e-01 1.05646670e+00 1.18956716e+00 1.18863556e+00 9.82000526e-01 8.42162060e-01 6.96008678e-01 9.38584574e-01 9.03171492e-01 8.17488685e-01 1.19287786e+00
7.63550485e-01 3.36464749e-01 0.00000000e+00 5.31273972e-01 3.52950833e-01 2.49702197e-01 4.23164976e-01 2.59343138e-01 2.88658197e-01 3.10295501e-01 2.69820238e-01 2.72796110e-01 3.22745096e-01 1.18965383e+00 1.13261677e+00 4.00295617e-01 1.11966402e+00 3.45156489e-01 2.80952320e-01 1.09740922e+00 1.22793644e+00 1.17785386e+00 9.25186344e-01 7.98720853e-01 8.03452288e-01 9.83571004e-01 1.00956829e+00 8.13956807e-01 1.23012098e+00
8.13711830e-01 7.25628130e-01 5.31273972e-01 0.00000000e+00 3.60916331e-01 4.41277430e-01 2.84350965e-01 4.09752872e-01 5.04463599e-01 7.33638919e-01 4.21755802e-01 4.66215387e-01 7.53347877e-01 9.50693838e-01 6.96765300e-01 2.79413023e-01 6.28975708e-01 7.39677611e-01 4.79632682e-01 1.06961859e+00 1.18324505e+00 1.18587259e+00 8.22308506e-01 8.33685493e-01 1.03654999e+00 9.67376598e-01 1.13319090e+00 9.10035816e-01 1.18428371e+00
7.01777830e-01 4.68484230e-01 3.52950833e-01 3.60916331e-01 0.00000000e+00 1.85438479e-01 1.54788642e-01 1.53173066e-01 2.59804756e-01 4.74905170e-01 1.56408406e-01 1.98619809e-01 4.86214150e-01 1.24289296e+00 9.91462544e-01 1.33801338e-01 9.54390831e-01 4.68932327e-01 2.10361215e-01 1.05957148e+00 1.21896172e+00 1.20302586e+00 8.74226964e-01 8.05464249e-01 8.87874238e-01 9.93935218e-01 1.03511756e+00 8.53920939e-01 1.22439256e+00
7.08477347e-01 3.77818819e-01 2.49702197e-01 4.41277430e-01 1.85438479e-01 0.00000000e+00 2.37073007e-01 8.32365884e-02 1.85887966e-01 3.10153763e-01 9.42618030e-02 9.59818751e-02 3.69446808e-01 1.33191715e+00 1.05609195e+00 2.34619399e-01 1.04817689e+00 3.95063869e-01 1.14057350e-01 1.03779992e+00 1.17056458e+00 1.18170513e+00 8.79998247e-01 8.44959719e-01 8.33363170e-01 9.71087956e-01 1.03921551e+00 8.00664655e-01 1.17613662e+00
6.96885610e-01 5.19364446e-01 4.23164976e-01 2.84350965e-01 1.54788642e-01 2.37073007e-01 0.00000000e+00 2.05262961e-01 3.05626344e-01 5.26473187e-01 2.17939988e-01 2.66414598e-01 5.48686143e-01 1.17964633e+00 9.33277193e-01 7.55657163e-02 8.81683659e-01 5.30095128e-01 2.78629051e-01 1.08352307e+00 1.23170318e+00 1.23923936e+00 8.44368141e-01 7.98924981e-01 9.23127754e-01 9.58837854e-01 1.01743954e+00 8.72740869e-01 1.23612970e+00
7.04604049e-01 3.95051872e-01 2.59343138e-01 4.09752872e-01 1.53173066e-01 8.32365884e-02 2.05262961e-01 0.00000000e+00 1.67393048e-01 3.52893170e-01 1.85761347e-02 1.16370010e-01 3.81572529e-01 1.30877443e+00 1.03353792e+00 1.94115708e-01 1.02041668e+00 3.98762520e-01 1.18232700e-01 1.02466435e+00 1.19004998e+00 1.15758544e+00 8.65212284e-01 8.19304544e-01 8.40591659e-01 9.90680549e-01 1.03899480e+00 8.15824670e-01 1.19355039e+00
7.37759495e-01 2.73899601e-01 2.88658197e-01 5.04463599e-01 2.59804756e-01 1.85887966e-01 3.05626344e-01 1.67393048e-01 0.00000000e+00 2.38296010e-01 1.78209231e-01 2.43999713e-01 3.03546560e-01 1.20116100e+00 1.14337398e+00 3.00847204e-01 1.11033968e+00 3.03393290e-01 2.48646873e-01 9.99643434e-01 1.16830636e+00 1.19122096e+00 9.24495509e-01 8.56894356e-01 7.94885819e-01 1.04946236e+00 9.96757626e-01 7.97413169e-01 1.16978469e+00
8.18971778e-01 7.69519421e-02 3.10295501e-01 7.33638919e-01 4.74905170e-01 3.10153763e-01 5.26473187e-01 3.52893170e-01 2.38296010e-01 0.00000000e+00 3.62588738e-01 3.72175251e-01 8.33229414e-02 1.07054140e+00 1.32347535e+00 5.21590137e-01 1.34096881e+00 1.20236603e-01 3.77011743e-01 1.04616999e+00 1.18081030e+00 1.17823114e+00 9.81064157e-01 8.41043296e-01 6.84582727e-01 9.38475316e-01 8.99537369e-01 8.07681841e-01 1.18485507e+00
7.13563008e-01 3.91939516e-01 2.69820238e-01 4.21755802e-01 1.56408406e-01 9.42618030e-02 2.17939988e-01 1.85761347e-02 1.78209231e-01 3.62588738e-01 0.00000000e+00 1.27835475e-01 3.91490669e-01 1.31619712e+00 1.04247885e+00 2.06979853e-01 1.02990273e+00 4.08351619e-01 1.29319101e-01 1.03175633e+00 1.19684426e+00 1.16363881e+00 8.74239789e-01 8.28254253e-01 8.43662885e-01 9.98812680e-01 1.04756179e+00 8.24814313e-01 1.20056751e+00
7.19315340e-01 4.10737786e-01 2.72796110e-01 4.66215387e-01 1.98619809e-01 9.59818751e-02 2.66414598e-01 1.16370010e-01 2.43999713e-01 3.72175251e-01 1.27835475e-01 0.00000000e+00 3.29362286e-01 1.33884288e+00 1.05543446e+00 2.45232114e-01 1.05947957e+00 4.11922837e-01 1.26966829e-01 1.03915302e+00 1.17457806e+00 1.18428724e+00 8.83354272e-01 8.50705439e-01 8.43887328e-01 9.80867379e-01 1.04712806e+00 8.08643999e-01 1.17933421e+00
8.25341878e-01 1.20186170e-01 3.22745096e-01 7.53347877e-01 4.86214150e-01 3.69446808e-01 5.48686143e-01 3.81572529e-01 3.03546560e-01 8.33229414e-02 3.91490669e-01 3.29362286e-01 0.00000000e+00 1.07574688e+00 1.32536259e+00 5.30665899e-01 1.34447100e+00 1.36620048e-01 3.89580775e-01 1.05062590e+00 1.18324096e+00 1.18157902e+00 9.86954507e-01 8.48839151e-01 6.94656718e-01 9.44160620e-01 9.05281021e-01 8.15281819e-01 1.18715258e+00
1.26903209e+00 1.05285270e+00 1.18965383e+00 9.50693838e-01 1.24289296e+00 1.33191715e+00 1.17964633e+00 1.30877443e+00 1.20116100e+00 1.07054140e+00 1.31619712e+00 1.33884288e+00 1.07574688e+00 0.00000000e+00 3.50648717e-01 1.17510139e+00 3.62928569e-01 1.05334108e+00 1.34181892e+00 9.86832829e-01 8.93126688e-01 8.75874800e-01 1.21803034e+00 1.18390114e+00 1.25009814e+00 1.04344349e+00 1.01176455e+00 1.26987062e+00 8.96637797e-01
1.16089767e+00 1.34312812e+00 1.13261677e+00 6.96765300e-01 9.91462544e-01 1.05609195e+00 9.33277193e-01 1.03353792e+00 1.14337398e+00 1.32347535e+00 1.04247885e+00 1.05543446e+00 1.32536259e+00 3.50648717e-01 0.00000000e+00 9.20471188e-01 1.11413534e-01 1.34384390e+00 1.03949995e+00 9.72238501e-01 8.79856039e-01 8.84306389e-01 1.12453735e+00 1.19150910e+00 1.39283269e+00 1.08687679e+00 1.15232629e+00 1.25867159e+00 8.84409384e-01
6.78068007e-01 5.08730648e-01 4.00295617e-01 2.79413023e-01 1.33801338e-01 2.34619399e-01 7.55657163e-02 1.94115708e-01 3.00847204e-01 5.21590137e-01 2.06979853e-01 2.45232114e-01 5.30665899e-01 1.17510139e+00 9.20471188e-01 0.00000000e+00 8.79065642e-01 5.13877708e-01 2.54058014e-01 1.07689159e+00 1.22521764e+00 1.23270532e+00 8.31482087e-01 7.84587005e-01 9.12545695e-01 9.48804991e-01 1.01051253e+00 8.59610816e-01 1.23049893e+00
1.15879416e+00 1.33195567e+00 1.11966402e+00 6.28975708e-01 9.54390831e-01 1.04817689e+00 8.81683659e-01 1.02041668e+00 1.11033968e+00 1.34096881e+00 1.02990273e+00 1.05947957e+00 1.34447100e+00 3.62928569e-01 1.11413534e-01 8.79065642e-01 0.00000000e+00 1.32751406e+00 1.06803733e+00 9.66352921e-01 8.70641397e-01 8.65633755e-01 1.11528857e+00 1.18240117e+00 1.39338359e+00 1.07724331e+00 1.14384115e+00 1.25808056e+00 8.75675702e-01
8.31303588e-01 1.22361114e-01 3.45156489e-01 7.39677611e-01 4.68932327e-01 3.95063869e-01 5.30095128e-01 3.98762520e-01 3.03393290e-01 1.20236603e-01 4.08351619e-01 4.11922837e-01 1.36620048e-01 1.05334108e+00 1.34384390e+00 5.13877708e-01 1.32751406e+00 0.00000000e+00 3.84674932e-01 1.05586931e+00 1.18729129e+00 1.18485334e+00 9.91796457e-01 8.55129596e-01 7.04011945e-01 9.50195006e-01 9.12246600e-01 8.22179486e-01 1.19146805e+00
7.20162024e-01 4.17038027e-01 2.80952320e-01 4.79632682e-01 2.10361215e-01 1.14057350e-01 2.78629051e-01 1.18232700e-01 2.48646873e-01 3.77011743e-01 1.29319101e-01 1.26966829e-01 3.89580775e-01 1.34181892e+00 1.03949995e+00 2.54058014e-01 1.06803733e+00 3.84674932e-01 0.00000000e+00 1.04263471e+00 1.17603806e+00 1.18819899e+00 8.92768349e-01 8.56899993e-01 8.45333742e-01 9.89799999e-01 1.04756477e+00 8.09566406e-01 1.18083976e+00
1.09861761e+00 1.05646670e+00 1.09740922e+00 1.06961859e+00 1.05957148e+00 1.03779992e+00 1.08352307e+00 1.02466435e+00 9.99643434e-01 1.04616999e+00 1.03175633e+00 1.03915302e+00 1.05062590e+00 9.86832829e-01 9.72238501e-01 1.07689159e+00 9.66352921e-01 1.05586931e+00 1.04263471e+00 0.00000000e+00 7.96243678e-01 9.96399651e-01 1.09820785e+00 1.07039777e+00 1.07920792e+00 1.14170606e+00 1.12707719e+00 1.03507847e+00 7.94996858e-01
1.24402116e+00 1.18956716e+00 1.22793644e+00 1.18324505e+00 1.21896172e+00 1.17056458e+00 1.23170318e+00 1.19004998e+00 1.16830636e+00 1.18081030e+00 1.19684426e+00 1.17457806e+00 1.18324096e+00 8.93126688e-01 8.79856039e-01 1.22521764e+00 8.70641397e-01 1.18729129e+00 1.17603806e+00 7.96243678e-01 0.00000000e+00 8.93739930e-01 1.25319703e+00 1.39595029e+00 1.21164887e+00 1.08567798e+00 1.14154356e+00 1.16802961e+00 5.87735560e-01
1.24779304e+00 1.18863556e+00 1.17785386e+00 1.18587259e+00 1.20302586e+00 1.18170513e+00 1.23923936e+00 1.15758544e+00 1.19122096e+00 1.17823114e+00 1.16363881e+00 1.18428724e+00 1.18157902e+00 8.75874800e-01 8.84306389e-01 1.23270532e+00 8.65633755e-01 1.18485334e+00 1.18819899e+00 9.96399651e-01 8.93739930e-01 0.00000000e+00 1.27579322e+00 1.22344300e+00 1.24355321e+00 1.10053047e+00 1.11723343e+00 1.36173756e+00 9.00668835e-01
8.95041276e-01 9.82000526e-01 9.25186344e-01 8.22308506e-01 8.74226964e-01 8.79998247e-01 8.44368141e-01 8.65212284e-01 9.24495509e-01 9.81064157e-01 8.74239789e-01 8.83354272e-01 9.86954507e-01 1.21803034e+00 1.12453735e+00 8.31482087e-01 1.11528857e+00 9.91796457e-01 8.92768349e-01 1.09820785e+00 1.25319703e+00 1.27579322e+00 0.00000000e+00 8.12288130e-01 9.86439158e-01 9.08170389e-01 1.14952594e+00 9.27757982e-01 1.24489391e+00
8.03777081e-01 8.42162060e-01 7.98720853e-01 8.33685493e-01 8.05464249e-01 8.44959719e-01 7.98924981e-01 8.19304544e-01 8.56894356e-01 8.41043296e-01 8.28254253e-01 8.50705439e-01 8.48839151e-01 1.18390114e+00 1.19150910e+00 7.84587005e-01 1.18240117e+00 8.55129596e-01 8.56899993e-01 1.07039777e+00 1.39595029e+00 1.22344300e+00 8.12288130e-01 0.00000000e+00 8.48395472e-01 9.05628117e-01 1.00136380e+00 9.38976129e-01 1.40019448e+00
8.90884285e-01 6.96008678e-01 8.03452288e-01 1.03654999e+00 8.87874238e-01 8.33363170e-01 9.23127754e-01 8.40591659e-01 7.94885819e-01 6.84582727e-01 8.43662885e-01 8.43887328e-01 6.94656718e-01 1.25009814e+00 1.39283269e+00 9.12545695e-01 1.39338359e+00 7.04011945e-01 8.45333742e-01 1.07920792e+00 1.21164887e+00 1.24355321e+00 9.86439158e-01 8.48395472e-01 0.00000000e+00 9.36544528e-01 9.70471359e-01 8.80030916e-01 1.22275498e+00
9.97348175e-01 9.38584574e-01 9.83571004e-01 9.67376598e-01 9.93935218e-01 9.71087956e-01 9.58837854e-01 9.90680549e-01 1.04946236e+00 9.38475316e-01 9.98812680e-01 9.80867379e-01 9.44160620e-01 1.04344349e+00 1.08687679e+00 9.48804991e-01 1.07724331e+00 9.50195006e-01 9.89799999e-01 1.14170606e+00 1.08567798e+00 1.10053047e+00 9.08170389e-01 9.05628117e-01 9.36544528e-01 0.00000000e+00 1.03048708e+00 1.02782582e+00 1.08801913e+00
1.00310918e+00 9.03171492e-01 1.00956829e+00 1.13319090e+00 1.03511756e+00 1.03921551e+00 1.01743954e+00 1.03899480e+00 9.96757626e-01 8.99537369e-01 1.04756179e+00 1.04712806e+00 9.05281021e-01 1.01176455e+00 1.15232629e+00 1.01051253e+00 1.14384115e+00 9.12246600e-01 1.04756477e+00 1.12707719e+00 1.14154356e+00 1.11723343e+00 1.14952594e+00 1.00136380e+00 9.70471359e-01 1.03048708e+00 0.00000000e+00 1.10296977e+00 1.14993784e+00
8.74643786e-01 8.17488685e-01 8.13956807e-01 9.10035816e-01 8.53920939e-01 8.00664655e-01 8.72740869e-01 8.15824670e-01 7.97413169e-01 8.07681841e-01 8.24814313e-01 8.08643999e-01 8.15281819e-01 1.26987062e+00 1.25867159e+00 8.59610816e-01 1.25808056e+00 8.22179486e-01 8.09566406e-01 1.03507847e+00 1.16802961e+00 1.36173756e+00 9.27757982e-01 9.38976129e-01 8.80030916e-01 1.02782582e+00 1.10296977e+00 0.00000000e+00 1.16908374e+00
1.25283982e+00 1.19287786e+00 1.23012098e+00 1.18428371e+00 1.22439256e+00 1.17613662e+00 1.23612970e+00 1.19355039e+00 1.16978469e+00 1.18485507e+00 1.20056751e+00 1.17933421e+00 1.18715258e+00 8.96637797e-01 8.84409384e-01 1.23049893e+00 8.75675702e-01 1.19146805e+00 1.18083976e+00 7.94996858e-01 5.87735560e-01 9.00668835e-01 1.24489391e+00 1.40019448e+00 1.22275498e+00 1.08801913e+00 1.14993784e+00 1.16908374e+00 0.00000000e+00
