0.00000000e+00 5.56972209e-02 5.19878511e-02 5.58993872e-02 4.79684050e-02 4.84419049e-02 4.82690187e-02 4.81241172e-02 5.10642739e-02 5.59181106e-02 4.89786521e-02 4.90539614e-02 5.62822167e-02 8.64725890e-02 7.90641389e-02 4.63385655e-02 7.96199168e-02 5.67128060e-02 4.90624490e-02 7.41108326e-02 8.61203764e-02 8.75747537e-02 6.29132548e-02 5.52595791e-02 6.31379537e-02 6.79137786e-02 7.10462108e-02 6.17947242e-02 8.66881837e-02
5.56972209e-02 0.00000000e+00 2.33574101e-02 5.05631605e-02 3.24810474e-02 2.62961840e-02 3.66373686e-02 2.74269251e-02 1.96889839e-02 5.52313455e-03 2.73541000e-02 2.84501024e-02 8.42573134e-03 7.27519810e-02 9.26709138e-02 3.52862703e-02 9.26428417e-02 8.60253263e-03 2.88667931e-02 7.22280230e-02 8.34689669e-02 8.45016202e-02 6.98264216e-02 5.86354710e-02 5.02893984e-02 6.47765431e-02 6.50233517e-02 5.85677088e-02 8.36527009e-02
5.19878511e-02 2.33574101e-02 0.00000000e+00 3.70108706e-02 2.45572146e-02 1.74927135e-02 2.98398133e-02 1.81367535e-02 2.05108977e-02 2.16458877e-02 1.89590053e-02 1.90371733e-02 2.24528730e-02 8.22098026e-02 7.82333870e-02 2.77777436e-02 7.77798294e-02 2.40414791e-02 1.95960906e-02 7.50800558e-02 8.62381453e-02 8.37173414e-02 6.59397015e-02 5.57113263e-02 5.78240527e-02 6.79579111e-02 7.22480520e-02 5.84066578e-02 8.62993567e-02
5.58993872e-02 5.05631605e-02 3.70108706e-02 0.00000000e+00 2.53753895e-02 3.07532321e-02 1.98424427e-02 2.85838945e-02 3.50674536e-02 5.09595116e-02 2.95508557e-02 3.25524017e-02 5.23694056e-02 6.61160500e-02 4.85691679e-02 1.95572798e-02 4.38545441e-02 5.14189770e-02 3.34013012e-02 7.34974614e-02 8.36900511e-02 8.47208924e-02 5.91115982e-02 5.85497150e-02 7.43359464e-02 6.73149648e-02 8.09757249e-02 6.55089236e-02 8.36208450e-02
4.79684050e-02 3.24810474e-02 2.45572146e-02 2.53753895e-02 0.00000000e+00 1.29881291e-02 1.12797449e-02 1.07131964e-02 1.85801677e-02 3.30224062e-02 1.09951056e-02 1.38394082e-02 3.37463957e-02 8.62765518e-02 6.88376650e-02 9.38015521e-03 6.68114597e-02 3.25705686e-02 1.46217200e-02 7.27548384e-02 8.59831325e-02 8.59594419e-02 6.25551575e-02 5.63542420e-02 6.39382528e-02 6.89568036e-02 7.43778446e-02 6.13682526e-02 8.62917880e-02
4.84419049e-02 2.62961840e-02 1.74927135e-02 3.07532321e-02 1.29881291e-02 0.00000000e+00 1.67897088e-02 5.80109394e-03 1.31816233e-02 2.14318605e-02 6.58328458e-03 6.77703948e-03 2.56454751e-02 9.23659166e-02 7.33029544e-02 1.64013837e-02 7.31421977e-02 2.74278867e-02 8.01160735e-03 7.11602766e-02 8.25191260e-02 8.43720205e-02 6.29203725e-02 5.90653193e-02 5.99604179e-02 6.73644151e-02 7.45804538e-02 5.75537849e-02 8.28643663e-02
4.82690187e-02 3.66373686e-02 2.98398133e-02 1.98424427e-02 1.12797449e-02 1.67897088e-02 0.00000000e+00 1.46194448e-02 2.13386351e-02 3.68554598e-02 1.55588848e-02 1.89539944e-02 3.84646602e-02 8.22939972e-02 6.52287696e-02 5.59883219e-03 6.15366156e-02 3.71739484e-02 1.97288824e-02 7.47826080e-02 8.74057791e-02 8.88031056e-02 6.09740398e-02 5.64292341e-02 6.66386342e-02 6.70823551e-02 7.33047904e-02 6.31803274e-02 8.76348002e-02
4.81241172e-02 2.74269251e-02 1.81367535e-02 2.85838945e-02 1.07131964e-02 5.80109394e-03 1.46194448e-02 0.00000000e+00 1.19521874e-02 2.44126629e-02 1.31680144e-03 8.13100094e-03 2.64416877e-02 9.07189343e-02 7.16855078e-02 1.35737150e-02 7.12678579e-02 2.76478572e-02 8.25637601e-03 7.02092939e-02 8.38594215e-02 8.26451383e-02 6.18227281e-02 5.72367077e-02 6.04531030e-02 6.86635842e-02 7.45259225e-02 5.85676218e-02 8.40264140e-02
5.10642739e-02 1.96889839e-02 2.05108977e-02 3.50674536e-02 1.85801677e-02 1.31816233e-02 2.13386351e-02 1.19521874e-02 0.00000000e+00 1.68418503e-02 1.27571916e-02 1.73974135e-02 2.14713574e-02 8.39071629e-02 7.98850826e-02 2.12103285e-02 7.75295216e-02 2.14573387e-02 1.76332003e-02 6.90839538e-02 8.30429436e-02 8.54961897e-02 6.66393605e-02 6.04656968e-02 5.75899557e-02 7.34236676e-02 7.18686426e-02 5.78491970e-02 8.30629978e-02
5.59181106e-02 5.52313455e-03 2.16458877e-02 5.09595116e-02 3.30224062e-02 2.14318605e-02 3.68554598e-02 2.44126629e-02 1.68418503e-02 0.00000000e+00 2.51943831e-02 2.58250390e-02 5.86882795e-03 7.42965715e-02 9.16889590e-02 3.62285871e-02 9.34027217e-02 8.43418518e-03 2.61216870e-02 7.16852720e-02 8.31764286e-02 8.40240883e-02 6.99842836e-02 5.87503593e-02 4.95151475e-02 6.50669922e-02 6.49534735e-02 5.80023008e-02 8.34160303e-02
4.89786521e-02 2.73541000e-02 1.89590053e-02 2.95508557e-02 1.09951056e-02 6.58328458e-03 1.55588848e-02 1.31680144e-03 1.27571916e-02 2.51943831e-02 0.00000000e+00 8.97350616e-03 2.72563074e-02 9.16720049e-02 7.26595464e-02 1.45433950e-02 7.22301426e-02 2.84391816e-02 9.07197579e-03 7.10338832e-02 8.47124793e-02 8.34444282e-02 6.27329628e-02 5.81249460e-02 6.09462701e-02 6.95517575e-02 7.54783577e-02 5.94602509e-02 8.49032520e-02
4.90539614e-02 2.84501024e-02 1.90371733e-02 3.25524017e-02 1.38394082e-02 6.77703948e-03 1.89539944e-02 8.13100094e-03 1.73974135e-02 2.58250390e-02 8.97350616e-03 0.00000000e+00 2.27766453e-02 9.27324663e-02 7.31357456e-02 1.70975875e-02 7.39945914e-02 2.85175075e-02 8.83373955e-03 7.11297660e-02 8.26692904e-02 8.44612362e-02 6.30351763e-02 5.93540421e-02 6.06803772e-02 6.79059332e-02 7.50921881e-02 5.80030473e-02 8.29511849e-02
5.62822167e-02 8.42573134e-03 2.24528730e-02 5.23694056e-02 3.37463957e-02 2.56454751e-02 3.84646602e-02 2.64416877e-02 2.14713574e-02 5.86882795e-03 2.72563074e-02 2.27766453e-02 0.00000000e+00 7.45994603e-02 9.17644152e-02 3.67924017e-02 9.36581856e-02 9.48342579e-03 2.69115593e-02 7.19231828e-02 8.32770418e-02 8.41926494e-02 7.03315618e-02 5.92169023e-02 5.01983213e-02 6.53898821e-02 6.53031643e-02 5.84650045e-02 8.35093364e-02
8.64725890e-02 7.27519810e-02 8.22098026e-02 6.61160500e-02 8.62765518e-02 9.23659166e-02 8.22939972e-02 9.07189343e-02 8.39071629e-02 7.42965715e-02 9.16720049e-02 9.27324663e-02 7.45994603e-02 0.00000000e+00 2.41864917e-02 8.14156726e-02 2.54710123e-02 7.30670063e-02 9.27799157e-02 6.76012525e-02 6.30014682e-02 6.24798490e-02 8.66307096e-02 8.25642495e-02 8.92514746e-02 7.20894664e-02 7.24624148e-02 9.06274041e-02 6.30624263e-02
7.90641389e-02 9.26709138e-02 7.82333870e-02 4.85691679e-02 6.88376650e-02 7.33029544e-02 6.52287696e-02 7.16855078e-02 7.98850826e-02 9.16889590e-02 7.26595464e-02 7.31357456e-02 9.17644152e-02 2.41864917e-02 0.00000000e+00 6.38091819e-02 8.13103815e-03 9.30644566e-02 7.19393063e-02 6.65455869e-02 6.20279063e-02 6.31106781e-02 8.00064184e-02 8.30332122e-02 9.91990525e-02 7.50228590e-02 8.21304800e-02 8.97766481e-02 6.21524658e-02
4.63385655e-02 3.52862703e-02 2.77777436e-02 1.95572798e-02 9.38015521e-03 1.64013837e-02 5.59883219e-03 1.35737150e-02 2.12103285e-02 3.62285871e-02 1.45433950e-02 1.70975875e-02 3.67924017e-02 8.14156726e-02 6.38091819e-02 0.00000000e+00 6.12700756e-02 3.56399649e-02 1.76376685e-02 7.38429815e-02 8.63099469e-02 8.78479031e-02 5.95034033e-02 5.48705180e-02 6.55119648e-02 6.57764795e-02 7.24368469e-02 6.17320622e-02 8.66036000e-02
7.96199168e-02 9.26428417e-02 7.77798294e-02 4.38545441e-02 6.68114597e-02 7.31421977e-02 6.15366156e-02 7.12678579e-02 7.75295216e-02 9.34027217e-02 7.22301426e-02 7.39945914e-02 9.36581856e-02 2.54710123e-02 8.13103815e-03 6.12700756e-02 0.00000000e+00 9.24724694e-02 7.44210609e-02 6.67825976e-02 6.19678658e-02 6.21375146e-02 8.00333561e-02 8.30568074e-02 9.97412145e-02 7.50271416e-02 8.17575115e-02 9.04436202e-02 6.21514439e-02
5.67128060e-02 8.60253263e-03 2.40414791e-02 5.14189770e-02 3.25705686e-02 2.74278867e-02 3.71739484e-02 2.76478572e-02 2.14573387e-02 8.43418518e-03 2.84391816e-02 2.85175075e-02 9.48342579e-03 7.30670063e-02 9.30644566e-02 3.56399649e-02 9.24724694e-02 0.00000000e+00 2.65671158e-02 7.23130162e-02 8.35897677e-02 8.44380422e-02 7.07023723e-02 5.96867123e-02 5.08817734e-02 6.58373331e-02 6.57764601e-02 5.89906367e-02 8.38430014e-02
4.90624490e-02 2.88667931e-02 1.95960906e-02 3.34013012e-02 1.46217200e-02 8.01160735e-03 1.97288824e-02 8.25637601e-03 1.76332003e-02 2.61216870e-02 9.07197579e-03 8.83373955e-03 2.69115593e-02 9.27799157e-02 7.19393063e-02 1.76376685e-02 7.44210609e-02 2.65671158e-02 0.00000000e+00 7.12757424e-02 8.26718754e-02 8.45865659e-02 6.36300439e-02 5.96945332e-02 6.06653128e-02 6.84506865e-02 7.49672655e-02 5.79966073e-02 8.29605669e-02
7.41108326e-02 7.22280230e-02 7.50800558e-02 7.34974614e-02 7.27548384e-02 7.11602766e-02 7.47826080e-02 7.02092939e-02 6.90839538e-02 7.16852720e-02 7.10338832e-02 7.11297660e-02 7.19231828e-02 6.76012525e-02 6.65455869e-02 7.38429815e-02 6.67825976e-02 7.23130162e-02 7.12757424e-02 0.00000000e+00 5.56385752e-02 7.04235932e-02 7.73413034e-02 7.37196379e-02 7.63719981e-02 7.80628895e-02 7.96511311e-02 7.32247614e-02 5.54785752e-02
8.61203764e-02 8.34689669e-02 8.62381453e-02 8.36900511e-02 8.59831325e-02 8.25191260e-02 8.74057791e-02 8.38594215e-02 8.30429436e-02 8.31764286e-02 8.47124793e-02 8.26692904e-02 8.32770418e-02 6.30014682e-02 6.20279063e-02 8.63099469e-02 6.19678658e-02 8.35897677e-02 8.26718754e-02 5.56385752e-02 0.00000000e+00 6.48845002e-02 9.04417791e-02 9.85732192e-02 8.77205716e-02 7.62907702e-02 8.24036969e-02 8.46736090e-02 4.23492067e-02
8.75747537e-02 8.45016202e-02 8.37173414e-02 8.47208924e-02 8.59594419e-02 8.43720205e-02 8.88031056e-02 8.26451383e-02 8.54961897e-02 8.40240883e-02 8.34444282e-02 8.44612362e-02 8.41926494e-02 6.24798490e-02 6.31106781e-02 8.78479031e-02 6.21375146e-02 8.44380422e-02 8.45865659e-02 7.04235932e-02 6.48845002e-02 0.00000000e+00 9.32373077e-02 8.77186827e-02 9.10656610e-02 7.83373263e-02 8.18406014e-02 9.92048290e-02 6.53246094e-02
6.29132548e-02 6.98264216e-02 6.59397015e-02 5.91115982e-02 6.25551575e-02 6.29203725e-02 6.09740398e-02 6.18227281e-02 6.66393605e-02 6.99842836e-02 6.27329628e-02 6.30351763e-02 7.03315618e-02 8.66307096e-02 8.00064184e-02 5.95034033e-02 8.00333561e-02 7.07023723e-02 6.36300439e-02 7.73413034e-02 9.04417791e-02 9.32373077e-02 0.00000000e+00 5.83976751e-02 7.24550891e-02 6.46784223e-02 8.38873319e-02 6.82384196e-02 8.94012598e-02
5.52595791e-02 5.86354710e-02 5.57113263e-02 5.85497150e-02 5.63542420e-02 5.90653193e-02 5.64292341e-02 5.72367077e-02 6.04656968e-02 5.87503593e-02 5.81249460e-02 5.93540421e-02 5.92169023e-02 8.25642495e-02 8.30332122e-02 5.48705180e-02 8.30568074e-02 5.96867123e-02 5.96945332e-02 7.37196379e-02 9.85732192e-02 8.77186827e-02 5.83976751e-02 0.00000000e+00 6.12994332e-02 6.31093327e-02 7.21562144e-02 6.76161477e-02 9.89351671e-02
6.31379537e-02 5.02893984e-02 5.78240527e-02 7.43359464e-02 6.39382528e-02 5.99604179e-02 6.66386342e-02 6.04531030e-02 5.75899557e-02 4.95151475e-02 6.09462701e-02 6.06803772e-02 5.01983213e-02 8.92514746e-02 9.91990525e-02 6.55119648e-02 9.97412145e-02 5.08817734e-02 6.06653128e-02 7.63719981e-02 8.77205716e-02 9.10656610e-02 7.24550891e-02 6.12994332e-02 0.00000000e+00 6.72347499e-02 7.15343886e-02 6.52275020e-02 8.85968480e-02
6.79137786e-02 6.47765431e-02 6.79579111e-02 6.73149648e-02 6.89568036e-02 6.73644151e-02 6.70823551e-02 6.86635842e-02 7.34236676e-02 6.50669922e-02 6.95517575e-02 6.79059332e-02 6.53898821e-02 7.20894664e-02 7.50228590e-02 6.57764795e-02 7.50271416e-02 6.58373331e-02 6.84506865e-02 7.80628895e-02 7.62907702e-02 7.83373263e-02 6.46784223e-02 6.31093327e-02 6.72347499e-02 0.00000000e+00 7.38441154e-02 7.34404593e-02 7.63619613e-02
7.10462108e-02 6.50233517e-02 7.22480520e-02 8.09757249e-02 7.43778446e-02 7.45804538e-02 7.33047904e-02 7.45259225e-02 7.18686426e-02 6.49534735e-02 7.54783577e-02 7.50921881e-02 6.53031643e-02 7.24624148e-02 8.21304800e-02 7.24368469e-02 8.17575115e-02 6.57764601e-02 7.49672655e-02 7.96511311e-02 8.24036969e-02 8.18406014e-02 8.38873319e-02 7.21562144e-02 7.15343886e-02 7.38441154e-02 0.00000000e+00 8.13886809e-02 8.32612795e-02
6.17947242e-02 5.85677088e-02 5.84066578e-02 6.55089236e-02 6.13682526e-02 5.75537849e-02 6.31803274e-02 5.85676218e-02 5.78491970e-02 5.80023008e-02 5.94602509e-02 5.80030473e-02 5.84650045e-02 9.06274041e-02 8.97766481e-02 6.17320622e-02 9.04436202e-02 5.89906367e-02 5.79966073e-02 7.32247614e-02 8.46736090e-02 9.92048290e-02 6.82384196e-02 6.76161477e-02 6.52275020e-02 7.34404593e-02 8.13886809e-02 0.00000000e+00 8.46676129e-02
8.66881837e-02 8.36527009e-02 8.62993567e-02 8.36208450e-02 8.62917880e-02 8.28643663e-02 8.76348002e-02 8.40264140e-02 8.30629978e-02 8.34160303e-02 8.49032520e-02 8.29511849e-02 8.35093364e-02 6.30624263e-02 6.21524658e-02 8.66036000e-02 6.21514439e-02 8.38430014e-02 8.29605669e-02 5.54785752e-02 4.23492067e-02 6.53246094e-02 8.94012598e-02 9.89351671e-02 8.85968480e-02 7.63619613e-02 8.32612795e-02 8.46676129e-02 0.00000000e+00
