0.00000000e+00 3.28355823e+03 2.95654897e+03 3.19069400e+03 2.68376454e+03 2.65375434e+03 2.61432183e+03 2.63352609e+03 2.77981645e+03 3.19988650e+03 2.73139882e+03 2.72649102e+03 3.25496573e+03 5.57848300e+03 5.04340887e+03 2.54381368e+03 4.97742688e+03 3.29127201e+03 2.73161412e+03 5.08698808e+03 5.89789939e+03 6.06874127e+03 4.35872724e+03 3.67239325e+03 4.21621827e+03 4.63914054e+03 4.53475300e+03 4.14509408e+03 5.98448449e+03
3.28355823e+03 0.00000000e+00 1.28082585e+03 2.70605146e+03 1.74159845e+03 1.43154798e+03 1.93381568e+03 1.48689019e+03 1.01249098e+03 3.27464628e+02 1.48766278e+03 1.54055628e+03 4.60845220e+02 4.11068688e+03 5.19037950e+03 1.88967805e+03 5.06919909e+03 4.71589336e+02 1.56724667e+03 4.28157961e+03 4.99799847e+03 5.15052514e+03 4.23035726e+03 3.36732095e+03 2.77902081e+03 3.80205498e+03 3.53095953e+03 3.34817910e+03 5.04936336e+03
2.95654897e+03 1.28082585e+03 0.00000000e+00 1.94253861e+03 1.31968005e+03 8.84229649e+02 1.53318234e+03 9.22957310e+02 1.00882913e+03 1.11141634e+03 1.01797464e+03 9.82265494e+02 1.17147541e+03 4.59104744e+03 4.35987851e+03 1.45922239e+03 4.26837400e+03 1.27606761e+03 1.01066589e+03 4.42391449e+03 5.12726596e+03 5.06494787e+03 3.88864775e+03 3.09354510e+03 3.21785218e+03 3.94526758e+03 3.98142984e+03 3.26570980e+03 5.17812103e+03
3.19069400e+03 2.70605146e+03 1.94253861e+03 0.00000000e+00 1.35868187e+03 1.62647524e+03 1.07083785e+03 1.51748645e+03 1.84622713e+03 2.67914235e+03 1.62063321e+03 1.70914197e+03 2.76170219e+03 3.60795967e+03 2.68163912e+03 1.03375349e+03 2.42917052e+03 2.71738614e+03 1.76280454e+03 4.33121434e+03 4.92490396e+03 5.10691336e+03 3.44618947e+03 3.25123970e+03 4.29904287e+03 3.87873398e+03 4.56735382e+03 3.72224132e+03 4.97804070e+03
2.68376454e+03 1.74159845e+03 1.31968005e+03 1.35868187e+03 0.00000000e+00 6.62446093e+02 5.41842032e+02 5.60491601e+02 9.30836010e+02 1.73935841e+03 6.05256258e+02 7.24134024e+02 1.79923699e+03 4.80593543e+03 3.88477010e+03 4.97161293e+02 3.70034170e+03 1.72551617e+03 7.72686876e+02 4.26961152e+03 5.09682934e+03 5.18300204e+03 3.68645678e+03 3.14066690e+03 3.60547103e+03 4.00098825e+03 4.10701520e+03 3.47184879e+03 5.16475224e+03
2.65375434e+03 1.43154798e+03 8.84229649e+02 1.62647524e+03 6.62446093e+02 0.00000000e+00 8.34894584e+02 2.83850268e+02 6.87422258e+02 1.13636838e+03 3.81621854e+02 2.87805627e+02 1.30631137e+03 5.06167634e+03 4.03416305e+03 8.29085129e+02 3.98762580e+03 1.41880939e+03 3.66121744e+02 4.09846416e+03 4.79744704e+03 5.00760249e+03 3.63317098e+03 3.25277582e+03 3.29614701e+03 3.82289974e+03 4.05277383e+03 3.16341782e+03 4.86259011e+03
2.61432183e+03 1.93381568e+03 1.53318234e+03 1.07083785e+03 5.41842032e+02 8.34894584e+02 0.00000000e+00 7.30985783e+02 1.09653055e+03 1.90620296e+03 8.36369201e+02 9.31627776e+02 1.99021360e+03 4.53148557e+03 3.62488949e+03 2.47679365e+02 3.41653460e+03 1.91263779e+03 9.81928813e+02 4.34971285e+03 5.12059694e+03 5.32149793e+03 3.51028979e+03 3.06597128e+03 3.73824996e+03 3.80231181e+03 3.99754609e+03 3.51969917e+03 5.18803201e+03
2.63352609e+03 1.48689019e+03 9.22957310e+02 1.51748645e+03 5.60491601e+02 2.83850268e+02 7.30985783e+02 0.00000000e+00 5.90646347e+02 1.25878416e+03 1.23208725e+02 3.80955516e+02 1.35384072e+03 4.96918256e+03 3.94742847e+03 6.78563192e+02 3.88462640e+03 1.42534782e+03 3.77957282e+02 4.03371796e+03 4.87661273e+03 4.89194879e+03 3.56749371e+03 3.13447178e+03 3.32437913e+03 3.90445336e+03 4.04623226e+03 3.22805846e+03 4.93176211e+03
2.77981645e+03 1.01249098e+03 1.00882913e+03 1.84622713e+03 9.30836010e+02 6.87422258e+02 1.09653055e+03 5.90646347e+02 0.00000000e+00 8.63037463e+02 6.87104322e+02 8.37765478e+02 1.05060886e+03 4.56947495e+03 4.35840848e+03 1.05425654e+03 4.20280430e+03 1.05832477e+03 8.58858603e+02 3.91811586e+03 4.77635949e+03 5.05874941e+03 3.83941576e+03 3.30723014e+03 3.11717495e+03 4.17737286e+03 3.86973037e+03 3.13357322e+03 4.82340537e+03
3.19988650e+03 3.27464628e+02 1.11141634e+03 2.67914235e+03 1.73935841e+03 1.13636838e+03 1.90620296e+03 1.25878416e+03 8.63037463e+02 0.00000000e+00 1.35196702e+03 1.31652750e+03 2.43946773e+02 4.10384196e+03 5.02169003e+03 1.87276526e+03 5.03931114e+03 4.04992799e+02 1.33823229e+03 4.16500221e+03 4.88197405e+03 5.03793860e+03 4.14585607e+03 3.28515150e+03 2.65866150e+03 3.72400149e+03 3.44320798e+03 3.22770084e+03 4.93466691e+03
2.73139882e+03 1.48766278e+03 1.01797464e+03 1.62063321e+03 6.05256258e+02 3.81621854e+02 8.36369201e+02 1.23208725e+02 6.87104322e+02 1.35196702e+03 0.00000000e+00 4.79937873e+02 1.44780501e+03 5.06090033e+03 4.04417795e+03 7.83707168e+02 3.98335046e+03 1.51839772e+03 4.75376785e+02 4.12400405e+03 4.97019498e+03 4.97837672e+03 3.67093867e+03 3.23366695e+03 3.37341024e+03 4.00069349e+03 4.14340179e+03 3.32870034e+03 5.02613981e+03
2.72649102e+03 1.54055628e+03 9.82265494e+02 1.70914197e+03 7.24134024e+02 2.87805627e+02 9.31627776e+02 3.80955516e+02 8.37765478e+02 1.31652750e+03 4.79937873e+02 0.00000000e+00 1.22486883e+03 5.13433433e+03 4.06877473e+03 8.80250748e+02 4.05080104e+03 1.50010607e+03 4.21712007e+02 4.13569755e+03 4.85403419e+03 5.05873036e+03 3.67797627e+03 3.30649898e+03 3.36716380e+03 3.90030177e+03 4.12200063e+03 3.22570703e+03 4.91605794e+03
3.25496573e+03 4.60845220e+02 1.17147541e+03 2.76170219e+03 1.79923699e+03 1.30631137e+03 1.99021360e+03 1.35384072e+03 1.05060886e+03 2.43946773e+02 1.44780501e+03 1.22486883e+03 0.00000000e+00 4.16081441e+03 5.07566128e+03 1.92763848e+03 5.09674449e+03 4.75820060e+02 1.40033060e+03 4.21892577e+03 4.93178892e+03 5.09361032e+03 4.20463631e+03 3.34679687e+03 2.72448934e+03 3.78072202e+03 3.49993666e+03 3.28790623e+03 4.98457056e+03
5.57848300e+03 4.11068688e+03 4.59104744e+03 3.60795967e+03 4.80593543e+03 5.06167634e+03 4.53148557e+03 4.96918256e+03 4.56947495e+03 4.10384196e+03 5.06090033e+03 5.13433433e+03 4.16081441e+03 0.00000000e+00 1.30756286e+03 4.50413593e+03 1.30245033e+03 4.09532415e+03 5.16280327e+03 4.21161219e+03 3.83464227e+03 3.93494678e+03 5.60490983e+03 5.18421092e+03 5.60668594e+03 4.53578426e+03 4.25342382e+03 5.69228468e+03 3.88839280e+03
5.04340887e+03 5.19037950e+03 4.35987851e+03 2.68163912e+03 3.88477010e+03 4.03416305e+03 3.62488949e+03 3.94742847e+03 4.35840848e+03 5.02169003e+03 4.04417795e+03 4.06877473e+03 5.07566128e+03 1.30756286e+03 0.00000000e+00 3.57569967e+03 3.83274069e+02 5.18152461e+03 4.03769710e+03 4.11599549e+03 3.73722012e+03 3.92770040e+03 5.13051461e+03 5.17261264e+03 6.22351192e+03 4.69275415e+03 4.86989603e+03 5.61124046e+03 3.80145555e+03
2.54381368e+03 1.88967805e+03 1.45922239e+03 1.03375349e+03 4.97161293e+02 8.29085129e+02 2.47679365e+02 6.78563192e+02 1.05425654e+03 1.87276526e+03 7.83707168e+02 8.80250748e+02 1.92763848e+03 4.50413593e+03 3.57569967e+03 0.00000000e+00 3.38545407e+03 1.85579872e+03 9.03410872e+02 4.31236521e+03 5.08236997e+03 5.27662339e+03 3.45936509e+03 3.00709221e+03 3.68731462e+03 3.75788098e+03 3.95926247e+03 3.46363253e+03 5.15083557e+03
4.97742688e+03 5.06919909e+03 4.26837400e+03 2.42917052e+03 3.70034170e+03 3.98762580e+03 3.41653460e+03 3.88462640e+03 4.20280430e+03 5.03931114e+03 3.98335046e+03 4.05080104e+03 5.09674449e+03 1.30245033e+03 3.83274069e+02 3.38545407e+03 0.00000000e+00 5.05018636e+03 4.09369323e+03 4.04489670e+03 3.65557010e+03 3.81241072e+03 5.03342030e+03 5.07503414e+03 6.16587979e+03 4.59680393e+03 4.79390414e+03 5.54941782e+03 3.72157434e+03
3.29127201e+03 4.71589336e+02 1.27606761e+03 2.71738614e+03 1.72551617e+03 1.41880939e+03 1.91263779e+03 1.42534782e+03 1.05832477e+03 4.04992799e+02 1.51839772e+03 1.50010607e+03 4.75820060e+02 4.09532415e+03 5.18152461e+03 1.85579872e+03 5.05018636e+03 0.00000000e+00 1.41593047e+03 4.25732235e+03 4.97080641e+03 5.12913615e+03 4.23917693e+03 3.38449925e+03 2.77331286e+03 3.82031264e+03 3.54321551e+03 3.32851082e+03 5.02418073e+03
2.73161412e+03 1.56724667e+03 1.01066589e+03 1.76280454e+03 7.72686876e+02 3.66121744e+02 9.81928813e+02 3.77957282e+02 8.58858603e+02 1.33823229e+03 4.75376785e+02 4.21712007e+02 1.40033060e+03 5.16280327e+03 4.03769710e+03 9.03410872e+02 4.09369323e+03 1.41593047e+03 0.00000000e+00 4.16338885e+03 4.87452779e+03 5.08804505e+03 3.72939163e+03 3.33802286e+03 3.38188412e+03 3.94850934e+03 4.13341491e+03 3.23228028e+03 4.93690770e+03
5.08698808e+03 4.28157961e+03 4.42391449e+03 4.33121434e+03 4.26961152e+03 4.09846416e+03 4.34971285e+03 4.03371796e+03 3.91811586e+03 4.16500221e+03 4.12400405e+03 4.13569755e+03 4.21892577e+03 4.21161219e+03 4.11599549e+03 4.31236521e+03 4.04489670e+03 4.25732235e+03 4.16338885e+03 0.00000000e+00 3.69100845e+03 4.81453930e+03 5.40108911e+03 5.05002365e+03 5.14782869e+03 5.35944735e+03 5.15632618e+03 4.86178404e+03 3.70669098e+03
5.89789939e+03 4.99799847e+03 5.12726596e+03 4.92490396e+03 5.09682934e+03 4.79744704e+03 5.12059694e+03 4.87661273e+03 4.77635949e+03 4.88197405e+03 4.97019498e+03 4.85403419e+03 4.93178892e+03 3.83464227e+03 3.73722012e+03 5.08236997e+03 3.65557010e+03 4.97080641e+03 4.87452779e+03 3.69100845e+03 0.00000000e+00 4.40293100e+03 6.25909303e+03 6.66849396e+03 5.91519152e+03 5.18921130e+03 5.32781599e+03 5.60859162e+03 2.84141928e+03
6.06874127e+03 5.15052514e+03 5.06494787e+03 5.10691336e+03 5.18300204e+03 5.00760249e+03 5.32149793e+03 4.89194879e+03 5.05874941e+03 5.03793860e+03 4.97837672e+03 5.05873036e+03 5.09361032e+03 3.93494678e+03 3.92770040e+03 5.27662339e+03 3.81241072e+03 5.12913615e+03 5.08804505e+03 4.81453930e+03 4.40293100e+03 0.00000000e+00 6.46527221e+03 5.94238683e+03 6.21255243e+03 5.38400400e+03 5.34772153e+03 6.75980366e+03 4.47284561e+03
4.35872724e+03 4.23035726e+03 3.88864775e+03 3.44618947e+03 3.68645678e+03 3.63317098e+03 3.51028979e+03 3.56749371e+03 3.83941576e+03 4.14585607e+03 3.67093867e+03 3.67797627e+03 4.20463631e+03 5.60490983e+03 5.13051461e+03 3.45936509e+03 5.03342030e+03 4.23917693e+03 3.72939163e+03 5.40108911e+03 6.25909303e+03 6.46527221e+03 0.00000000e+00 3.99848616e+03 5.01587527e+03 4.46643625e+03 5.55844544e+03 4.64303096e+03 6.22686152e+03
3.67239325e+03 3.36732095e+03 3.09354510e+03 3.25123970e+03 3.14066690e+03 3.25277582e+03 3.06597128e+03 3.13447178e+03 3.30723014e+03 3.28515150e+03 3.23366695e+03 3.30649898e+03 3.34679687e+03 5.18421092e+03 5.17261264e+03 3.00709221e+03 5.07503414e+03 3.38449925e+03 3.33802286e+03 5.05002365e+03 6.66849396e+03 5.94238683e+03 3.99848616e+03 0.00000000e+00 4.07552842e+03 4.25118560e+03 4.56822454e+03 4.42764347e+03 6.72673384e+03
4.21621827e+03 2.77902081e+03 3.21785218e+03 4.29904287e+03 3.60547103e+03 3.29614701e+03 3.73824996e+03 3.32437913e+03 3.11717495e+03 2.65866150e+03 3.37341024e+03 3.36716380e+03 2.72448934e+03 5.60668594e+03 6.22351192e+03 3.68731462e+03 6.16587979e+03 2.77331286e+03 3.38188412e+03 5.14782869e+03 5.91519152e+03 6.21255243e+03 5.01587527e+03 4.07552842e+03 0.00000000e+00 4.53592678e+03 4.52249540e+03 4.27305930e+03 6.00185995e+03
4.63914054e+03 3.80205498e+03 3.94526758e+03 3.87873398e+03 4.00098825e+03 3.82289974e+03 3.80231181e+03 3.90445336e+03 4.17737286e+03 3.72400149e+03 4.00069349e+03 3.90030177e+03 3.78072202e+03 4.53578426e+03 4.69275415e+03 3.75788098e+03 4.59680393e+03 3.82031264e+03 3.94850934e+03 5.35944735e+03 5.18921130e+03 5.38400400e+03 4.46643625e+03 4.25118560e+03 4.53592678e+03 0.00000000e+00 4.70474603e+03 4.90912087e+03 5.22984918e+03
4.53475300e+03 3.53095953e+03 3.98142984e+03 4.56735382e+03 4.10701520e+03 4.05277383e+03 3.99754609e+03 4.04623226e+03 3.86973037e+03 3.44320798e+03 4.14340179e+03 4.12200063e+03 3.49993666e+03 4.25342382e+03 4.86989603e+03 3.95926247e+03 4.79390414e+03 3.54321551e+03 4.13341491e+03 5.15632618e+03 5.32781599e+03 5.34772153e+03 5.55844544e+03 4.56822454e+03 4.52249540e+03 4.70474603e+03 0.00000000e+00 5.16045914e+03 5.38818274e+03
4.14509408e+03 3.34817910e+03 3.26570980e+03 3.72224132e+03 3.47184879e+03 3.16341782e+03 3.51969917e+03 3.22805846e+03 3.13357322e+03 3.22770084e+03 3.32870034e+03 3.22570703e+03 3.28790623e+03 5.69228468e+03 5.61124046e+03 3.46363253e+03 5.54941782e+03 3.32851082e+03 3.23228028e+03 4.86178404e+03 5.60859162e+03 6.75980366e+03 4.64303096e+03 4.42764347e+03 4.27305930e+03 4.90912087e+03 5.16045914e+03 0.00000000e+00 5.65157570e+03
5.98448449e+03 5.04936336e+03 5.17812103e+03 4.97804070e+03 5.16475224e+03 4.86259011e+03 5.18803201e+03 4.93176211e+03 4.82340537e+03 4.93466691e+03 5.02613981e+03 4.91605794e+03 4.98457056e+03 3.88839280e+03 3.80145555e+03 5.15083557e+03 3.72157434e+03 5.02418073e+03 4.93690770e+03 3.70669098e+03 2.84141928e+03 4.47284561e+03 6.22686152e+03 6.72673384e+03 6.00185995e+03 5.22984918e+03 5.38818274e+03 5.65157570e+03 0.00000000e+00
