0.00000000e+00 2.63293576e+02 2.37016010e+02 2.57443835e+02 2.16157769e+02 2.13393216e+02 2.11715187e+02 2.11673090e+02 2.24961118e+02 2.57331151e+02 2.20571375e+02 2.19002989e+02 2.61659442e+02 4.49424037e+02 4.05942043e+02 2.04555198e+02 4.02679808e+02 2.64664297e+02 2.19151029e+02 4.05055609e+02 4.83486773e+02 5.03974847e+02 3.63522407e+02 2.98104137e+02 3.51484178e+02 3.73642310e+02 3.71714068e+02 3.44963046e+02 4.90483035e+02
2.63293576e+02 0.00000000e+00 1.04657275e+02 2.22098783e+02 1.42833694e+02 1.17383424e+02 1.59752018e+02 1.21822775e+02 8.42869195e+01 2.71566753e+01 1.22484134e+02 1.26046013e+02 3.78659794e+01 3.36196326e+02 4.23879053e+02 1.54764672e+02 4.16216679e+02 3.88138935e+01 1.28068981e+02 3.45562391e+02 4.16218327e+02 4.34328810e+02 3.58132631e+02 2.77401777e+02 2.37342070e+02 3.10617805e+02 2.94959926e+02 2.83803048e+02 4.20241939e+02
2.37016010e+02 1.04657275e+02 0.00000000e+00 1.59291444e+02 1.08265503e+02 7.26161501e+01 1.26530376e+02 7.57518213e+01 8.35321243e+01 9.11104646e+01 8.39135344e+01 8.05487319e+01 9.59391365e+01 3.75116492e+02 3.55939868e+02 1.19411535e+02 3.50024287e+02 1.04507457e+02 8.27606987e+01 3.56820468e+02 4.26908736e+02 4.26864456e+02 3.29704775e+02 2.54974828e+02 2.73676116e+02 3.22234649e+02 3.31226685e+02 2.77027655e+02 4.30674504e+02
2.57443835e+02 2.22098783e+02 1.59291444e+02 0.00000000e+00 1.12198643e+02 1.33609781e+02 8.81467932e+01 1.24732179e+02 1.51709309e+02 2.19749025e+02 1.33770384e+02 1.40505326e+02 2.26608357e+02 2.96216064e+02 2.20187396e+02 8.50990508e+01 2.00003286e+02 2.22970048e+02 1.44594929e+02 3.50589070e+02 4.12092330e+02 4.32097629e+02 2.93999991e+02 2.69166541e+02 3.64251826e+02 3.18271602e+02 3.79949653e+02 3.16103487e+02 4.15827392e+02
2.16157769e+02 1.42833694e+02 1.08265503e+02 1.12198643e+02 0.00000000e+00 5.46149351e+01 4.55188678e+01 4.61938833e+01 7.74945745e+01 1.42927907e+02 5.00588142e+01 5.95806632e+01 1.47737684e+02 3.94759964e+02 3.18898931e+02 4.10221738e+01 3.05390152e+02 1.41754933e+02 6.34035182e+01 3.46020280e+02 4.26432217e+02 4.39161862e+02 3.14099011e+02 2.59898780e+02 3.07049144e+02 3.28396905e+02 3.43220236e+02 2.95193469e+02 4.31696644e+02
2.13393216e+02 1.17383424e+02 7.26161501e+01 1.33609781e+02 5.46149351e+01 0.00000000e+00 6.91909104e+01 2.33221202e+01 5.68924242e+01 9.29666020e+01 3.14378302e+01 2.38303010e+01 1.07086168e+02 4.14958476e+02 3.30671620e+02 6.81746080e+01 3.28262272e+02 1.16304599e+02 3.01599830e+01 3.31383980e+02 4.00859890e+02 4.23834221e+02 3.09288219e+02 2.68755781e+02 2.80710300e+02 3.13350004e+02 3.38095200e+02 2.69091670e+02 4.06027773e+02
2.11715187e+02 1.59752018e+02 1.26530376e+02 8.81467932e+01 4.55188678e+01 6.91909104e+01 0.00000000e+00 6.07352458e+01 9.04206065e+01 1.57076424e+02 6.96557897e+01 7.73510763e+01 1.64085594e+02 3.72743995e+02 2.98161021e+02 2.09705203e+01 2.81614802e+02 1.57720313e+02 8.12375621e+01 3.53025451e+02 4.29237554e+02 4.51117996e+02 3.00247257e+02 2.54665903e+02 3.18404012e+02 3.13002348e+02 3.34317317e+02 3.00085158e+02 4.34450639e+02
2.11673090e+02 1.21822775e+02 7.57518213e+01 1.24732179e+02 4.61938833e+01 2.33221202e+01 6.07352458e+01 0.00000000e+00 4.90683283e+01 1.03056375e+02 1.01865089e+01 3.13558944e+01 1.10920248e+02 4.07341326e+02 3.23490757e+02 5.58461406e+01 3.19926299e+02 1.16816251e+02 3.10771454e+01 3.26072359e+02 4.07513513e+02 4.14181206e+02 3.03725840e+02 2.58984162e+02 2.83087348e+02 3.19941089e+02 3.37536031e+02 2.74410871e+02 4.11687668e+02
2.24961118e+02 8.42869195e+01 8.35321243e+01 1.51709309e+02 7.74945745e+01 5.68924242e+01 9.04206065e+01 4.90683283e+01 0.00000000e+00 7.13471081e+01 5.72248287e+01 6.95824560e+01 8.69200212e+01 3.76111709e+02 3.58518988e+02 8.71184910e+01 3.46525959e+02 8.75272678e+01 7.10285897e+01 3.18057851e+02 4.00830060e+02 4.29229466e+02 3.27820181e+02 2.74502781e+02 2.66480774e+02 3.43868350e+02 3.23738372e+02 2.67702717e+02 4.04321671e+02
2.57331151e+02 2.71566753e+01 9.11104646e+01 2.19749025e+02 1.42927907e+02 9.29666020e+01 1.57076424e+02 1.03056375e+02 7.13471081e+01 0.00000000e+00 1.11173750e+02 1.07921268e+02 2.01446682e+01 3.36512880e+02 4.11183236e+02 1.53600152e+02 4.14379524e+02 3.33260170e+01 1.09504798e+02 3.36665595e+02 4.07605569e+02 4.25746103e+02 3.51837908e+02 2.71249111e+02 2.27532568e+02 3.05091719e+02 2.88276434e+02 2.74232801e+02 4.11755236e+02
2.20571375e+02 1.22484134e+02 8.39135344e+01 1.33770384e+02 5.00588142e+01 3.14378302e+01 6.96557897e+01 1.01865089e+01 5.72248287e+01 1.11173750e+02 0.00000000e+00 3.96354566e+01 1.19140481e+02 4.16661552e+02 3.32850517e+02 6.47529930e+01 3.29377945e+02 1.24972046e+02 3.92167384e+01 3.34838676e+02 4.16836060e+02 4.22918082e+02 3.13383244e+02 2.68156066e+02 2.88169523e+02 3.29160823e+02 3.46916509e+02 2.83727858e+02 4.21108726e+02
2.19002989e+02 1.26046013e+02 8.05487319e+01 1.40505326e+02 5.95806632e+01 2.38303010e+01 7.73510763e+01 3.13558944e+01 6.95824560e+01 1.07921268e+02 3.96354566e+01 0.00000000e+00 1.00254969e+02 4.20640853e+02 3.33227418e+02 7.23272107e+01 3.33509744e+02 1.22814598e+02 3.45921983e+01 3.34133233e+02 4.05203732e+02 4.27887578e+02 3.12710096e+02 2.72947291e+02 2.86558965e+02 3.19358936e+02 3.43726244e+02 2.74005037e+02 4.10099228e+02
2.61659442e+02 3.78659794e+01 9.59391365e+01 2.26608357e+02 1.47737684e+02 1.07086168e+02 1.64085594e+02 1.10920248e+02 8.69200212e+01 2.01446682e+01 1.19140481e+02 1.00254969e+02 0.00000000e+00 3.41093329e+02 4.15523245e+02 1.57995050e+02 4.19149935e+02 3.89402241e+01 1.14419623e+02 3.40934544e+02 4.11579919e+02 4.30281694e+02 3.56572361e+02 2.76172630e+02 2.32943466e+02 3.09598161e+02 2.92901627e+02 2.79059837e+02 4.15741707e+02
4.49424037e+02 3.36196326e+02 3.75116492e+02 2.96216064e+02 3.94759964e+02 4.14958476e+02 3.72743995e+02 4.07341326e+02 3.76111709e+02 3.36512880e+02 4.16661552e+02 4.20640853e+02 3.41093329e+02 0.00000000e+00 1.06855512e+02 3.69189919e+02 1.07358127e+02 3.35786118e+02 4.22288409e+02 3.40722153e+02 3.20458842e+02 3.32164292e+02 4.72798389e+02 4.27397857e+02 4.72262309e+02 3.70883540e+02 3.53925466e+02 4.79418590e+02 3.23954336e+02
4.05942043e+02 4.23879053e+02 3.55939868e+02 2.20187396e+02 3.18898931e+02 3.30671620e+02 2.98161021e+02 3.23490757e+02 3.58518988e+02 4.11183236e+02 3.32850517e+02 3.33227418e+02 4.15523245e+02 1.06855512e+02 0.00000000e+00 2.92948042e+02 3.20657403e+01 4.24211280e+02 3.30226299e+02 3.32598315e+02 3.12164384e+02 3.31776903e+02 4.33031807e+02 4.26137108e+02 5.23285392e+02 3.83401412e+02 4.04047776e+02 4.72399064e+02 3.16491824e+02
2.04555198e+02 1.54764672e+02 1.19411535e+02 8.50990508e+01 4.10221738e+01 6.81746080e+01 2.09705203e+01 5.58461406e+01 8.71184910e+01 1.53600152e+02 6.47529930e+01 7.23272107e+01 1.57995050e+02 3.69189919e+02 2.92948042e+02 0.00000000e+00 2.78575583e+02 1.52143795e+02 7.40020078e+01 3.48826467e+02 4.24523436e+02 4.46136060e+02 2.94756037e+02 2.48562801e+02 3.13245806e+02 3.07971397e+02 3.30256416e+02 2.94221883e+02 4.29825131e+02
4.02679808e+02 4.16216679e+02 3.50024287e+02 2.00003286e+02 3.05390152e+02 3.28262272e+02 2.81614802e+02 3.19926299e+02 3.46525959e+02 4.14379524e+02 3.29377945e+02 3.33509744e+02 4.19149935e+02 1.07358127e+02 3.20657403e+01 2.78575583e+02 0.00000000e+00 4.15280432e+02 3.36386394e+02 3.28584528e+02 3.06934718e+02 3.23184596e+02 4.26956108e+02 4.20088478e+02 5.20333321e+02 3.77475959e+02 3.98835536e+02 4.69460395e+02 3.11482164e+02
2.64664297e+02 3.88138935e+01 1.04507457e+02 2.22970048e+02 1.41754933e+02 1.16304599e+02 1.57720313e+02 1.16816251e+02 8.75272678e+01 3.33260170e+01 1.24972046e+02 1.22814598e+02 3.89402241e+01 3.35786118e+02 4.24211280e+02 1.52143795e+02 4.15280432e+02 0.00000000e+00 1.15708972e+02 3.44111397e+02 4.14848119e+02 4.33231753e+02 3.59503296e+02 2.79332014e+02 2.37025526e+02 3.12893397e+02 2.96409607e+02 2.82494933e+02 4.19062833e+02
2.19151029e+02 1.28068981e+02 8.27606987e+01 1.44594929e+02 6.34035182e+01 3.01599830e+01 8.12375621e+01 3.10771454e+01 7.10285897e+01 1.09504798e+02 3.92167384e+01 3.45921983e+01 1.14419623e+02 4.22288409e+02 3.30226299e+02 7.40020078e+01 3.36386394e+02 1.15708972e+02 0.00000000e+00 3.35906028e+02 4.06369477e+02 4.29618877e+02 3.16647994e+02 2.75095573e+02 2.87297729e+02 3.22904828e+02 3.44047593e+02 2.74090840e+02 4.11301299e+02
4.05055609e+02 3.45562391e+02 3.56820468e+02 3.50589070e+02 3.46020280e+02 3.31383980e+02 3.53025451e+02 3.26072359e+02 3.18057851e+02 3.36665595e+02 3.34838676e+02 3.34133233e+02 3.40934544e+02 3.40722153e+02 3.32598315e+02 3.48826467e+02 3.28584528e+02 3.44111397e+02 3.35906028e+02 0.00000000e+00 3.04993754e+02 4.01923962e+02 4.50634904e+02 4.11123739e+02 4.29003642e+02 4.33214442e+02 4.22659134e+02 4.05229065e+02 3.05743372e+02
4.83486773e+02 4.16218327e+02 4.26908736e+02 4.12092330e+02 4.26432217e+02 4.00859890e+02 4.29237554e+02 4.07513513e+02 4.00830060e+02 4.07605569e+02 4.16836060e+02 4.05203732e+02 4.11579919e+02 3.20458842e+02 3.12164384e+02 4.24523436e+02 3.06934718e+02 4.14848119e+02 4.06369477e+02 3.04993754e+02 0.00000000e+00 3.77220756e+02 5.35212946e+02 5.57667308e+02 5.05057646e+02 4.31825259e+02 4.48347370e+02 4.79347563e+02 2.41775231e+02
5.03974847e+02 4.34328810e+02 4.26864456e+02 4.32097629e+02 4.39161862e+02 4.23834221e+02 4.51117996e+02 4.14181206e+02 4.29229466e+02 4.25746103e+02 4.22918082e+02 4.27887578e+02 4.30281694e+02 3.32164292e+02 3.31776903e+02 4.46136060e+02 3.23184596e+02 4.33231753e+02 4.29618877e+02 4.01923962e+02 3.77220756e+02 0.00000000e+00 5.58864090e+02 5.03408393e+02 5.35917732e+02 4.53205932e+02 4.55677498e+02 5.80809306e+02 3.82789178e+02
3.63522407e+02 3.58132631e+02 3.29704775e+02 2.93999991e+02 3.14099011e+02 3.09288219e+02 3.00247257e+02 3.03725840e+02 3.27820181e+02 3.51837908e+02 3.13383244e+02 3.12710096e+02 3.56572361e+02 4.72798389e+02 4.33031807e+02 2.94756037e+02 4.26956108e+02 3.59503296e+02 3.16647994e+02 4.50634904e+02 5.35212946e+02 5.58864090e+02 0.00000000e+00 3.40564671e+02 4.34257729e+02 3.77215479e+02 4.72892491e+02 4.03030510e+02 5.30429276e+02
2.98104137e+02 2.77401777e+02 2.54974828e+02 2.69166541e+02 2.59898780e+02 2.68755781e+02 2.54665903e+02 2.58984162e+02 2.74502781e+02 2.71249111e+02 2.68156066e+02 2.72947291e+02 2.76172630e+02 4.27397857e+02 4.26137108e+02 2.48562801e+02 4.20088478e+02 2.79332014e+02 2.75095573e+02 4.11123739e+02 5.57667308e+02 5.03408393e+02 3.40564671e+02 0.00000000e+00 3.46438483e+02 3.50229086e+02 3.81620732e+02 3.75696133e+02 5.62576112e+02
3.51484178e+02 2.37342070e+02 2.73676116e+02 3.64251826e+02 3.07049144e+02 2.80710300e+02 3.18404012e+02 2.83087348e+02 2.66480774e+02 2.27532568e+02 2.88169523e+02 2.86558965e+02 2.32943466e+02 4.72262309e+02 5.23285392e+02 3.13245806e+02 5.20333321e+02 2.37025526e+02 2.87297729e+02 4.29003642e+02 5.05057646e+02 5.35917732e+02 4.34257729e+02 3.46438483e+02 0.00000000e+00 3.83075858e+02 3.86052824e+02 3.71309243e+02 5.12557334e+02
3.73642310e+02 3.10617805e+02 3.22234649e+02 3.18271602e+02 3.28396905e+02 3.13350004e+02 3.13002348e+02 3.19941089e+02 3.43868350e+02 3.05091719e+02 3.29160823e+02 3.19358936e+02 3.09598161e+02 3.70883540e+02 3.83401412e+02 3.07971397e+02 3.77475959e+02 3.12893397e+02 3.22904828e+02 4.33214442e+02 4.31825259e+02 4.53205932e+02 3.77215479e+02 3.50229086e+02 3.83075858e+02 0.00000000e+00 3.90906065e+02 4.13490252e+02 4.34812581e+02
3.71714068e+02 2.94959926e+02 3.31226685e+02 3.79949653e+02 3.43220236e+02 3.38095200e+02 3.34317317e+02 3.37536031e+02 3.23738372e+02 2.88276434e+02 3.46916509e+02 3.43726244e+02 2.92901627e+02 3.53925466e+02 4.04047776e+02 3.30256416e+02 3.98835536e+02 2.96409607e+02 3.44047593e+02 4.22659134e+02 4.48347370e+02 4.55677498e+02 4.72892491e+02 3.81620732e+02 3.86052824e+02 3.90906065e+02 0.00000000e+00 4.40641558e+02 4.53812875e+02
3.44963046e+02 2.83803048e+02 2.77027655e+02 3.16103487e+02 2.95193469e+02 2.69091670e+02 3.00085158e+02 2.74410871e+02 2.67702717e+02 2.74232801e+02 2.83727858e+02 2.74005037e+02 2.79059837e+02 4.79418590e+02 4.72399064e+02 2.94221883e+02 4.69460395e+02 2.82494933e+02 2.74090840e+02 4.05229065e+02 4.79347563e+02 5.80809306e+02 4.03030510e+02 3.75696133e+02 3.71309243e+02 4.13490252e+02 4.40641558e+02 0.00000000e+00 4.82585169e+02
4.90483035e+02 4.20241939e+02 4.30674504e+02 4.15827392e+02 4.31696644e+02 4.06027773e+02 4.34450639e+02 4.11687668e+02 4.04321671e+02 4.11755236e+02 4.21108726e+02 4.10099228e+02 4.15741707e+02 3.23954336e+02 3.16491824e+02 4.29825131e+02 3.11482164e+02 4.19062833e+02 4.11301299e+02 3.05743372e+02 2.41775231e+02 3.82789178e+02 5.30429276e+02 5.62576112e+02 5.12557334e+02 4.34812581e+02 4.53812875e+02 4.82585169e+02 0.00000000e+00
