0.00000000e+00 7.18795406e-01 6.30315574e-01 7.03903446e-01 5.44194231e-01 5.58245461e-01 5.34061042e-01 5.55948913e-01 5.98561962e-01 7.16099488e-01 5.66422193e-01 5.67128027e-01 7.19082688e-01 1.33080189e+00 1.17415721e+00 5.15408474e-01 1.17332542e+00 7.22997764e-01 5.64834066e-01 1.09250418e+00 1.27778103e+00 1.27961985e+00 7.88430115e-01 6.68436658e-01 7.86694920e-01 9.44898205e-01 9.32832884e-01 7.69021220e-01 1.28949572e+00
7.18795406e-01 0.00000000e+00 3.34145574e-01 7.78274803e-01 4.84188837e-01 3.98318836e-01 5.44672106e-01 4.17947617e-01 2.84502816e-01 6.98132664e-02 4.14309697e-01 4.16108723e-01 9.20141493e-02 1.12611048e+00 1.44980936e+00 5.33305904e-01 1.43744902e+00 8.76421513e-02 4.19161412e-01 1.04031835e+00 1.20980800e+00 1.20840390e+00 9.27662644e-01 7.40111013e-01 5.18081577e-01 8.70311260e-01 8.05315408e-01 6.95127345e-01 1.21266433e+00
6.30315574e-01 3.34145574e-01 0.00000000e+00 5.51409199e-01 3.47217665e-01 2.34711271e-01 4.23587234e-01 2.50721742e-01 2.77885876e-01 3.02264627e-01 2.62009559e-01 2.52568649e-01 3.07939294e-01 1.27676148e+00 1.21089850e+00 4.05171879e-01 1.19969729e+00 3.27870758e-01 2.56669052e-01 1.09663963e+00 1.26424758e+00 1.18957810e+00 8.39460771e-01 6.70823379e-01 6.66870596e-01 9.30787885e-01 9.57115342e-01 6.84153837e-01 1.26577370e+00
7.03903446e-01 7.78274803e-01 5.51409199e-01 0.00000000e+00 3.67611315e-01 4.66714893e-01 2.88331925e-01 4.37780178e-01 5.35498887e-01 7.85500605e-01 4.50775443e-01 4.79195232e-01 7.97100367e-01 1.01197874e+00 7.28027117e-01 2.83266470e-01 6.73402151e-01 7.78562731e-01 4.90551881e-01 1.06513177e+00 1.20615073e+00 1.20586507e+00 6.96748804e-01 7.21568469e-01 1.00193619e+00 9.11342451e-01 1.13502130e+00 8.25977829e-01 1.20706101e+00
5.44194231e-01 4.84188837e-01 3.47217665e-01 3.67611315e-01 0.00000000e+00 1.69521979e-01 1.29302432e-01 1.39379009e-01 2.51482280e-01 4.89789859e-01 1.42729321e-01 1.75011731e-01 4.95256649e-01 1.33592229e+00 1.05345471e+00 1.15482234e-01 1.01792743e+00 4.70637599e-01 1.83392630e-01 1.04435373e+00 1.25197146e+00 1.22498923e+00 7.69069923e-01 6.82898015e-01 7.90361758e-01 9.46571109e-01 9.94958284e-01 7.44893223e-01 1.25960499e+00
5.58245461e-01 3.98318836e-01 2.34711271e-01 4.66714893e-01 1.69521979e-01 0.00000000e+00 2.32174086e-01 7.58161810e-02 1.99777617e-01 3.33583800e-01 8.80383343e-02 6.37847112e-02 3.67466474e-01 1.43669297e+00 1.12764195e+00 2.29809279e-01 1.12678696e+00 3.90672662e-01 7.86017203e-02 1.01636410e+00 1.18483622e+00 1.19683185e+00 7.80958257e-01 7.43226576e-01 7.16433075e-01 9.16575803e-01 1.00388849e+00 6.73092139e-01 1.19126214e+00
5.34061042e-01 5.44672106e-01 4.23587234e-01 2.88331925e-01 1.29302432e-01 2.32174086e-01 0.00000000e+00 2.01995601e-01 3.08004117e-01 5.50753085e-01 2.16108292e-01 2.48846001e-01 5.63475538e-01 1.26373724e+00 9.87001793e-01 4.76950022e-02 9.41006716e-01 5.37238345e-01 2.57210684e-01 1.07793853e+00 1.26947810e+00 1.27523554e+00 7.24004339e-01 6.70211439e-01 8.38657554e-01 8.93945092e-01 9.67202467e-01 7.70247252e-01 1.27568266e+00
5.55948913e-01 4.17947617e-01 2.50721742e-01 4.37780178e-01 1.39379009e-01 7.58161810e-02 2.01995601e-01 0.00000000e+00 1.67817745e-01 3.69838317e-01 1.81870410e-02 9.25199239e-02 3.85672156e-01 1.41115865e+00 1.10387890e+00 1.90241560e-01 1.10044318e+00 3.99291292e-01 8.91649269e-02 9.99594571e-01 1.21495707e+00 1.16435546e+00 7.63003678e-01 7.09390698e-01 7.30155073e-01 9.46923122e-01 1.00593215e+00 6.98400413e-01 1.21817655e+00
5.98561962e-01 2.84502816e-01 2.77885876e-01 5.35498887e-01 2.51482280e-01 1.99777617e-01 3.08004117e-01 1.67817745e-01 0.00000000e+00 2.55965346e-01 1.79757738e-01 2.28819824e-01 2.93591099e-01 1.28916663e+00 1.22485597e+00 3.02367769e-01 1.19438758e+00 2.87240868e-01 2.28725802e-01 9.58622032e-01 1.17882913e+00 1.20890433e+00 8.44089370e-01 7.59422177e-01 6.57655356e-01 1.02899881e+00 9.40988790e-01 6.65555978e-01 1.17885664e+00
7.16099488e-01 6.98132664e-02 3.02264627e-01 7.85500605e-01 4.89789859e-01 3.33583800e-01 5.50753085e-01 3.69838317e-01 2.55965346e-01 0.00000000e+00 3.80259063e-01 3.71375803e-01 4.84875573e-02 1.14438514e+00 1.42636076e+00 5.45701029e-01 1.44572414e+00 8.30291853e-02 3.72230328e-01 1.02440869e+00 1.19605587e+00 1.19138855e+00 9.25577837e-01 7.37977798e-01 4.99947015e-01 8.69983643e-01 7.98192655e-01 6.79506590e-01 1.19907175e+00
5.66422193e-01 4.14309697e-01 2.62009559e-01 4.50775443e-01 1.42729321e-01 8.80383343e-02 2.16108292e-01 1.81870410e-02 1.79757738e-01 3.80259063e-01 0.00000000e+00 1.05150848e-01 3.96334184e-01 1.41833223e+00 1.11305245e+00 2.04427363e-01 1.10972928e+00 4.09602863e-01 1.01337078e-01 1.00715666e+00 1.22182516e+00 1.17017317e+00 7.73616783e-01 7.19543179e-01 7.33318880e-01 9.55848237e-01 1.01544131e+00 7.08561293e-01 1.22533599e+00
5.67128027e-01 4.16108723e-01 2.52568649e-01 4.79195232e-01 1.75011731e-01 6.37847112e-02 2.48846001e-01 9.25199239e-02 2.28819824e-01 3.71375803e-01 1.05150848e-01 0.00000000e+00 3.46132008e-01 1.44400485e+00 1.12377001e+00 2.33748354e-01 1.13310284e+00 4.02800718e-01 8.33196664e-02 1.01369942e+00 1.18744112e+00 1.19848919e+00 7.80065557e-01 7.45589456e-01 7.25557218e-01 9.25787164e-01 1.01241612e+00 6.78238610e-01 1.19323981e+00
7.19082688e-01 9.20141493e-02 3.07939294e-01 7.97100367e-01 4.95256649e-01 3.67466474e-01 5.63475538e-01 3.85672156e-01 2.93591099e-01 4.84875573e-02 3.96334184e-01 3.46132008e-01 0.00000000e+00 1.14677254e+00 1.42779763e+00 5.49718573e-01 1.44868965e+00 9.07160503e-02 3.78164258e-01 1.02637682e+00 1.19609885e+00 1.19318489e+00 9.28785925e-01 7.42322451e-01 5.06519001e-01 8.72670144e-01 8.01521559e-01 6.83421697e-01 1.19934666e+00
1.33080189e+00 1.12611048e+00 1.27676148e+00 1.01197874e+00 1.33592229e+00 1.43669297e+00 1.26373724e+00 1.41115865e+00 1.28916663e+00 1.14438514e+00 1.41833223e+00 1.44400485e+00 1.14677254e+00 0.00000000e+00 3.58918808e-01 1.26132695e+00 3.59481109e-01 1.12381679e+00 1.44819919e+00 9.30608386e-01 7.82316099e-01 7.61960125e-01 1.23658689e+00 1.19511449e+00 1.27770793e+00 1.00290410e+00 9.41657648e-01 1.30943304e+00 7.82661936e-01
1.17415721e+00 1.44980936e+00 1.21089850e+00 7.28027117e-01 1.05345471e+00 1.12764195e+00 9.87001793e-01 1.10387890e+00 1.22485597e+00 1.42636076e+00 1.11305245e+00 1.12377001e+00 1.42779763e+00 3.58918808e-01 0.00000000e+00 9.76605713e-01 7.76725808e-02 1.44846064e+00 1.11536899e+00 9.12461148e-01 7.65629662e-01 7.73685069e-01 1.10068920e+00 1.20503076e+00 1.48734015e+00 1.06535545e+00 1.14938599e+00 1.29633650e+00 7.68965077e-01
5.15408474e-01 5.33305904e-01 4.05171879e-01 2.83266470e-01 1.15482234e-01 2.29809279e-01 4.76950022e-02 1.90241560e-01 3.02367769e-01 5.45701029e-01 2.04427363e-01 2.33748354e-01 5.49718573e-01 1.26132695e+00 9.76605713e-01 0.00000000e+00 9.37862705e-01 5.25205248e-01 2.37636183e-01 1.07290602e+00 1.26365230e+00 1.26931292e+00 7.12531206e-01 6.56513911e-01 8.30071179e-01 8.85277920e-01 9.63229110e-01 7.58337225e-01 1.27108402e+00
1.17332542e+00 1.43744902e+00 1.19969729e+00 6.73402151e-01 1.01792743e+00 1.12678696e+00 9.41006716e-01 1.10044318e+00 1.19438758e+00 1.44572414e+00 1.10972928e+00 1.13310284e+00 1.44868965e+00 3.59481109e-01 7.76725808e-02 9.37862705e-01 0.00000000e+00 1.42845986e+00 1.14108195e+00 9.11194941e-01 7.62172044e-01 7.56760189e-01 1.09162640e+00 1.19429706e+00 1.48639894e+00 1.05606526e+00 1.14142318e+00 1.29703785e+00 7.65669908e-01
7.22997764e-01 8.76421513e-02 3.27870758e-01 7.78562731e-01 4.70637599e-01 3.90672662e-01 5.37238345e-01 3.99291292e-01 2.87240868e-01 8.30291853e-02 4.09602863e-01 4.02800718e-01 9.07160503e-02 1.12381679e+00 1.44846064e+00 5.25205248e-01 1.42845986e+00 0.00000000e+00 3.81083346e-01 1.03060837e+00 1.19992953e+00 1.19547870e+00 9.31767365e-01 7.46232033e-01 5.13612542e-01 8.76876061e-01 8.06611024e-01 6.88417767e-01 1.20335124e+00
5.64834066e-01 4.19161412e-01 2.56669052e-01 4.90551881e-01 1.83392630e-01 7.86017203e-02 2.57210684e-01 8.91649269e-02 2.28725802e-01 3.72230328e-01 1.01337078e-01 8.33196664e-02 3.78164258e-01 1.44819919e+00 1.11536899e+00 2.37636183e-01 1.14108195e+00 3.81083346e-01 0.00000000e+00 1.01827053e+00 1.18965802e+00 1.20270005e+00 7.91380632e-01 7.51479903e-01 7.25220845e-01 9.37301999e-01 1.01117762e+00 6.75440091e-01 1.19560405e+00
1.09250418e+00 1.04031835e+00 1.09663963e+00 1.06513177e+00 1.04435373e+00 1.01636410e+00 1.07793853e+00 9.99594571e-01 9.58622032e-01 1.02440869e+00 1.00715666e+00 1.01369942e+00 1.02637682e+00 9.30608386e-01 9.12461148e-01 1.07290602e+00 9.11194941e-01 1.03060837e+00 1.01827053e+00 0.00000000e+00 6.72623249e-01 9.29647805e-01 1.09275384e+00 1.14283839e+00 1.06471988e+00 1.16167226e+00 1.10668158e+00 9.78845057e-01 6.67696706e-01
1.27778103e+00 1.20980800e+00 1.26424758e+00 1.20615073e+00 1.25197146e+00 1.18483622e+00 1.26947810e+00 1.21495707e+00 1.17882913e+00 1.19605587e+00 1.22182516e+00 1.18744112e+00 1.19609885e+00 7.82316099e-01 7.65629662e-01 1.26365230e+00 7.62172044e-01 1.19992953e+00 1.18965802e+00 6.72623249e-01 0.00000000e+00 7.74398568e-01 1.28714601e+00 1.48580736e+00 1.22785455e+00 1.06596545e+00 1.11081747e+00 1.14754417e+00 4.11837384e-01
1.27961985e+00 1.20840390e+00 1.18957810e+00 1.20586507e+00 1.22498923e+00 1.19683185e+00 1.27523554e+00 1.16435546e+00 1.20890433e+00 1.19138855e+00 1.17017317e+00 1.19848919e+00 1.19318489e+00 7.61960125e-01 7.73685069e-01 1.26931292e+00 7.56760189e-01 1.19547870e+00 1.20270005e+00 9.29647805e-01 7.74398568e-01 0.00000000e+00 1.29599959e+00 1.23021979e+00 1.25172596e+00 1.06763097e+00 1.07522022e+00 1.41739854e+00 7.78837379e-01
7.88430115e-01 9.27662644e-01 8.39460771e-01 6.96748804e-01 7.69069923e-01 7.80958257e-01 7.24004339e-01 7.63003678e-01 8.44089370e-01 9.25577837e-01 7.73616783e-01 7.80065557e-01 9.28785925e-01 1.23658689e+00 1.10068920e+00 7.12531206e-01 1.09162640e+00 9.31767365e-01 7.91380632e-01 1.09275384e+00 1.28714601e+00 1.29599959e+00 0.00000000e+00 7.03511370e-01 9.39312033e-01 8.44444965e-01 1.12549467e+00 8.25413299e-01 1.27318133e+00
6.68436658e-01 7.40111013e-01 6.70823379e-01 7.21568469e-01 6.82898015e-01 7.43226576e-01 6.70211439e-01 7.09390698e-01 7.59422177e-01 7.37977798e-01 7.19543179e-01 7.45589456e-01 7.42322451e-01 1.19511449e+00 1.20503076e+00 6.56513911e-01 1.19429706e+00 7.46232033e-01 7.51479903e-01 1.14283839e+00 1.48580736e+00 1.23021979e+00 7.03511370e-01 0.00000000e+00 7.54144197e-01 8.41450230e-01 9.20830656e-01 8.46952058e-01 1.49062606e+00
7.86694920e-01 5.18081577e-01 6.66870596e-01 1.00193619e+00 7.90361758e-01 7.16433075e-01 8.38657554e-01 7.30155073e-01 6.57655356e-01 4.99947015e-01 7.33318880e-01 7.25557218e-01 5.06519001e-01 1.27770793e+00 1.48734015e+00 8.30071179e-01 1.48639894e+00 5.13612542e-01 7.25220845e-01 1.06471988e+00 1.22785455e+00 1.25172596e+00 9.39312033e-01 7.54144197e-01 0.00000000e+00 8.77360925e-01 8.60680111e-01 7.53075385e-01 1.23946798e+00
9.44898205e-01 8.70311260e-01 9.30787885e-01 9.11342451e-01 9.46571109e-01 9.16575803e-01 8.93945092e-01 9.46923122e-01 1.02899881e+00 8.69983643e-01 9.55848237e-01 9.25787164e-01 8.72670144e-01 1.00290410e+00 1.06535545e+00 8.85277920e-01 1.05606526e+00 8.76876061e-01 9.37301999e-01 1.16167226e+00 1.06596545e+00 1.06763097e+00 8.44444965e-01 8.41450230e-01 8.77360925e-01 0.00000000e+00 9.61623426e-01 9.70993290e-01 1.06638502e+00
9.32832884e-01 8.05315408e-01 9.57115342e-01 1.13502130e+00 9.94958284e-01 1.00388849e+00 9.67202467e-01 1.00593215e+00 9.40988790e-01 7.98192655e-01 1.01544131e+00 1.01241612e+00 8.01521559e-01 9.41657648e-01 1.14938599e+00 9.63229110e-01 1.14142318e+00 8.06611024e-01 1.01117762e+00 1.10668158e+00 1.11081747e+00 1.07522022e+00 1.12549467e+00 9.20830656e-01 8.60680111e-01 9.61623426e-01 0.00000000e+00 1.05775944e+00 1.11971368e+00
7.69021220e-01 6.95127345e-01 6.84153837e-01 8.25977829e-01 7.44893223e-01 6.73092139e-01 7.70247252e-01 6.98400413e-01 6.65555978e-01 6.79506590e-01 7.08561293e-01 6.78238610e-01 6.83421697e-01 1.30943304e+00 1.29633650e+00 7.58337225e-01 1.29703785e+00 6.88417767e-01 6.75440091e-01 9.78845057e-01 1.14754417e+00 1.41739854e+00 8.25413299e-01 8.46952058e-01 7.53075385e-01 9.70993290e-01 1.05775944e+00 0.00000000e+00 1.14669339e+00
1.28949572e+00 1.21266433e+00 1.26577370e+00 1.20706101e+00 1.25960499e+00 1.19126214e+00 1.27568266e+00 1.21817655e+00 1.17885664e+00 1.19907175e+00 1.22533599e+00 1.19323981e+00 1.19934666e+00 7.82661936e-01 7.68965077e-01 1.27108402e+00 7.65669908e-01 1.20335124e+00 1.19560405e+00 6.67696706e-01 4.11837384e-01 7.78837379e-01 1.27318133e+00 1.49062606e+00 1.23946798e+00 1.06638502e+00 1.11971368e+00 1.14669339e+00 0.00000000e+00
