0.00000000e+00 1.41207006e+06 1.32842723e+06 1.36372019e+06 1.27002040e+06 1.20933823e+06 1.23982665e+06 1.19693637e+06 1.24243001e+06 1.34614701e+06 1.26493214e+06 1.25638966e+06 1.39169657e+06 2.07974903e+06 1.94670618e+06 1.20508382e+06 1.90322560e+06 1.42370531e+06 1.27004510e+06 2.19791242e+06 2.60651035e+06 2.84989272e+06 2.37482755e+06 1.92439456e+06 2.24413694e+06 2.17416157e+06 2.16945869e+06 2.22299813e+06 2.66133757e+06
1.41207006e+06 0.00000000e+00 4.35147925e+05 7.40265895e+05 5.23555055e+05 4.19478632e+05 5.70866943e+05 4.26004250e+05 3.09438756e+05 1.47454158e+05 4.41682322e+05 4.78690599e+05 2.18880724e+05 1.21514578e+06 1.47478264e+06 5.44405633e+05 1.41106125e+06 2.46940047e+05 5.01029265e+05 1.55969981e+06 1.91843021e+06 2.14989660e+06 1.90080133e+06 1.42985912e+06 1.46404083e+06 1.53680248e+06 1.50112422e+06 1.60258068e+06 1.96216661e+06
1.32842723e+06 4.35147925e+05 0.00000000e+00 5.53678402e+05 4.42861872e+05 2.91774279e+05 4.77084650e+05 2.92937373e+05 3.15988971e+05 3.47117144e+05 3.54113030e+05 3.45444984e+05 3.93642019e+05 1.32704844e+06 1.26698167e+06 4.43229105e+05 1.21365374e+06 4.47777734e+05 3.67375403e+05 1.58234914e+06 1.93744012e+06 2.12572745e+06 1.80553941e+06 1.35396463e+06 1.55698761e+06 1.55739421e+06 1.59402318e+06 1.57040817e+06 1.98130531e+06
1.36372019e+06 7.40265895e+05 5.53678402e+05 0.00000000e+00 4.20066025e+05 4.35433819e+05 3.33702602e+05 4.01903748e+05 4.84068716e+05 6.87348064e+05 4.65985811e+05 4.87716567e+05 7.40944657e+05 1.02499072e+06 8.07234592e+05 3.10414470e+05 7.03651028e+05 7.52463741e+05 5.15512245e+05 1.54084813e+06 1.86182457e+06 2.10731788e+06 1.68325402e+06 1.36703275e+06 1.78758276e+06 1.51942412e+06 1.71017419e+06 1.65458317e+06 1.90657864e+06
1.27002040e+06 5.23555055e+05 4.42861872e+05 4.20066025e+05 0.00000000e+00 2.28549565e+05 2.27159002e+05 2.01979505e+05 2.95201715e+05 4.94237103e+05 2.38927255e+05 2.76293668e+05 5.41291221e+05 1.38632324e+06 1.16878849e+06 2.07473805e+05 1.08992693e+06 5.43318246e+05 3.06119157e+05 1.55329103e+06 1.93591282e+06 2.15972428e+06 1.76872301e+06 1.36914272e+06 1.64588680e+06 1.57425419e+06 1.62667022e+06 1.62461957e+06 1.98369152e+06
1.20933823e+06 4.19478632e+05 2.91774279e+05 4.35433819e+05 2.28549565e+05 0.00000000e+00 2.52606227e+05 8.65481610e+04 1.79822518e+05 2.90810879e+05 1.47161122e+05 1.23233127e+05 3.73585991e+05 1.39419035e+06 1.14691256e+06 2.43776640e+05 1.10635950e+06 4.27784902e+05 1.63116190e+05 1.45811975e+06 1.80819089e+06 2.05919806e+06 1.69525711e+06 1.33879106e+06 1.51812404e+06 1.47715613e+06 1.55700043e+06 1.49589677e+06 1.85556704e+06
1.23982665e+06 5.70866943e+05 4.77084650e+05 3.33702602e+05 2.27159002e+05 2.52606227e+05 0.00000000e+00 2.25462112e+05 3.18216624e+05 5.17539707e+05 2.89049654e+05 3.09662286e+05 5.71160071e+05 1.30426005e+06 1.08958270e+06 1.33334250e+05 1.00381462e+06 5.72378658e+05 3.40266422e+05 1.55752332e+06 1.92677643e+06 2.17862829e+06 1.71271241e+06 1.33723856e+06 1.66293299e+06 1.51509618e+06 1.58741981e+06 1.62067450e+06 1.97486545e+06
1.19693637e+06 4.26004250e+05 2.92937373e+05 4.01903748e+05 2.01979505e+05 8.65481610e+04 2.25462112e+05 0.00000000e+00 1.60629909e+05 3.20824226e+05 7.10575180e+04 1.42306255e+05 3.77231929e+05 1.36595492e+06 1.11989764e+06 1.98435803e+05 1.07328950e+06 4.18848165e+05 1.55083636e+05 1.43619933e+06 1.81747249e+06 2.02490263e+06 1.67348284e+06 1.30470288e+06 1.51610926e+06 1.48686534e+06 1.54769050e+06 1.50159712e+06 1.86222270e+06
1.24243001e+06 3.09438756e+05 3.15988971e+05 4.84068716e+05 2.95201715e+05 1.79822518e+05 3.18216624e+05 1.60629909e+05 0.00000000e+00 2.20146527e+05 2.21303246e+05 2.57479672e+05 3.09382988e+05 1.27898142e+06 1.22772010e+06 2.92916341e+05 1.15554872e+06 3.37772280e+05 2.79375328e+05 1.42304920e+06 1.80843974e+06 2.07823654e+06 1.74948598e+06 1.35626042e+06 1.48178670e+06 1.56138973e+06 1.52227805e+06 1.49132031e+06 1.85142347e+06
1.34614701e+06 1.47454158e+05 3.47117144e+05 6.87348064e+05 4.94237103e+05 2.90810879e+05 5.17539707e+05 3.20824226e+05 2.20146527e+05 0.00000000e+00 3.81734365e+05 3.74078149e+05 1.16257941e+05 1.16734700e+06 1.38276404e+06 4.93462966e+05 1.35796739e+06 1.85783121e+05 3.95769543e+05 1.48756441e+06 1.84377756e+06 2.07987237e+06 1.83064879e+06 1.36145555e+06 1.38795205e+06 1.47031142e+06 1.43377256e+06 1.52528792e+06 1.88794158e+06
1.26493214e+06 4.41682322e+05 3.54113030e+05 4.65985811e+05 2.38927255e+05 1.47161122e+05 2.89049654e+05 7.10575180e+04 2.21303246e+05 3.81734365e+05 0.00000000e+00 2.03590368e+05 4.38684456e+05 1.43325744e+06 1.18701396e+06 2.61708323e+05 1.14106730e+06 4.80333855e+05 2.16055004e+05 1.50327625e+06 1.88878127e+06 2.09394626e+06 1.74672116e+06 1.37387487e+06 1.55843210e+06 1.55639031e+06 1.61772503e+06 1.57302068e+06 1.93408792e+06
1.25638966e+06 4.78690599e+05 3.45444984e+05 4.87716567e+05 2.76293668e+05 1.23233127e+05 3.09662286e+05 1.42306255e+05 2.57479672e+05 3.74078149e+05 2.03590368e+05 0.00000000e+00 3.53531510e+05 1.44401098e+06 1.18723586e+06 2.86617598e+05 1.15402601e+06 4.78259797e+05 2.07204210e+05 1.49796074e+06 1.85393283e+06 2.10419631e+06 1.73887675e+06 1.38346961e+06 1.56716478e+06 1.52693264e+06 1.60446384e+06 1.54306752e+06 1.90046554e+06
1.39169657e+06 2.18880724e+05 3.93642019e+05 7.40944657e+05 5.41291221e+05 3.73585991e+05 5.71160071e+05 3.77231929e+05 3.09382988e+05 1.16257941e+05 4.38684456e+05 3.53531510e+05 0.00000000e+00 1.21517833e+06 1.42997329e+06 5.38947166e+05 1.40628418e+06 2.36411436e+05 4.42950026e+05 1.53362712e+06 1.89045402e+06 2.12894749e+06 1.87992910e+06 1.41020869e+06 1.43803439e+06 1.51762686e+06 1.48082841e+06 1.57437270e+06 1.93470304e+06
2.07974903e+06 1.21514578e+06 1.32704844e+06 1.02499072e+06 1.38632324e+06 1.39419035e+06 1.30426005e+06 1.36595492e+06 1.27898142e+06 1.16734700e+06 1.43325744e+06 1.44401098e+06 1.21517833e+06 0.00000000e+00 3.97890016e+05 1.27859727e+06 3.93381326e+05 1.21739954e+06 1.46418670e+06 1.65324987e+06 1.72118177e+06 1.93471978e+06 2.37936819e+06 2.00226938e+06 2.28610049e+06 1.83230198e+06 1.77972685e+06 2.30753152e+06 1.76676535e+06
1.94670618e+06 1.47478264e+06 1.26698167e+06 8.07234592e+05 1.16878849e+06 1.14691256e+06 1.08958270e+06 1.11989764e+06 1.22772010e+06 1.38276404e+06 1.18701396e+06 1.18723586e+06 1.42997329e+06 3.97890016e+05 0.00000000e+00 1.06009844e+06 1.78792876e+05 1.48299765e+06 1.18348543e+06 1.61768927e+06 1.68360600e+06 1.92052224e+06 2.25551513e+06 1.98542911e+06 2.41197256e+06 1.85382909e+06 1.90611695e+06 2.27494483e+06 1.73167472e+06
1.20508382e+06 5.44405633e+05 4.43229105e+05 3.10414470e+05 2.07473805e+05 2.43776640e+05 1.33334250e+05 1.98435803e+05 2.92916341e+05 4.93462966e+05 2.61708323e+05 2.86617598e+05 5.38947166e+05 1.27859727e+06 1.06009844e+06 0.00000000e+00 9.79962778e+05 5.41812904e+05 3.05833083e+05 1.52886502e+06 1.89652308e+06 2.14563460e+06 1.68148601e+06 1.30444829e+06 1.63036191e+06 1.48486169e+06 1.55765980e+06 1.58719866e+06 1.94434057e+06
1.90322560e+06 1.41106125e+06 1.21365374e+06 7.03651028e+05 1.08992693e+06 1.10635950e+06 1.00381462e+06 1.07328950e+06 1.15554872e+06 1.35796739e+06 1.14106730e+06 1.15402601e+06 1.40628418e+06 3.93381326e+05 1.78792876e+05 9.79962778e+05 0.00000000e+00 1.41798641e+06 1.17820738e+06 1.56908743e+06 1.62879629e+06 1.85831727e+06 2.20126207e+06 1.93203029e+06 2.36894527e+06 1.80027193e+06 1.85771355e+06 2.22984333e+06 1.67793027e+06
1.42370531e+06 2.46940047e+05 4.47777734e+05 7.52463741e+05 5.43318246e+05 4.27784902e+05 5.72378658e+05 4.18848165e+05 3.37772280e+05 1.85783121e+05 4.80333855e+05 4.78259797e+05 2.36411436e+05 1.21739954e+06 1.48299765e+06 5.41812904e+05 1.41798641e+06 0.00000000e+00 4.58013879e+05 1.56648276e+06 1.92483729e+06 2.16334151e+06 1.91350980e+06 1.44383434e+06 1.47488594e+06 1.55163048e+06 1.51535908e+06 1.60914559e+06 1.96928374e+06
1.27004510e+06 5.01029265e+05 3.67375403e+05 5.15512245e+05 3.06119157e+05 1.63116190e+05 3.40266422e+05 1.55083636e+05 2.79375328e+05 3.95769543e+05 2.16055004e+05 2.07204210e+05 4.42950026e+05 1.46418670e+06 1.18348543e+06 3.05833083e+05 1.17820738e+06 4.58013879e+05 0.00000000e+00 1.51679782e+06 1.87178591e+06 2.12404056e+06 1.76519647e+06 1.40368998e+06 1.58434561e+06 1.55056093e+06 1.61965693e+06 1.55826782e+06 1.91821745e+06
2.19791242e+06 1.55969981e+06 1.58234914e+06 1.54084813e+06 1.55329103e+06 1.45811975e+06 1.55752332e+06 1.43619933e+06 1.42304920e+06 1.48756441e+06 1.50327625e+06 1.49796074e+06 1.53362712e+06 1.65324987e+06 1.61768927e+06 1.52886502e+06 1.56908743e+06 1.56648276e+06 1.51679782e+06 0.00000000e+00 1.89194713e+06 2.41173819e+06 2.56611944e+06 2.06963994e+06 2.39920900e+06 2.27371888e+06 2.25807690e+06 2.33342177e+06 1.92126315e+06
2.60651035e+06 1.91843021e+06 1.93744012e+06 1.86182457e+06 1.93591282e+06 1.80819089e+06 1.92677643e+06 1.81747249e+06 1.80843974e+06 1.84377756e+06 1.88878127e+06 1.85393283e+06 1.89045402e+06 1.72118177e+06 1.68360600e+06 1.89652308e+06 1.62879629e+06 1.92483729e+06 1.87178591e+06 1.89194713e+06 0.00000000e+00 2.47177572e+06 3.00450249e+06 2.83572133e+06 2.81571957e+06 2.41904834e+06 2.49251143e+06 2.72812691e+06 1.79594580e+06
2.84989272e+06 2.14989660e+06 2.12572745e+06 2.10731788e+06 2.15972428e+06 2.05919806e+06 2.17862829e+06 2.02490263e+06 2.07823654e+06 2.07987237e+06 2.09394626e+06 2.10419631e+06 2.12894749e+06 1.93471978e+06 1.92052224e+06 2.14563460e+06 1.85831727e+06 2.16334151e+06 2.12404056e+06 2.41173819e+06 2.47177572e+06 0.00000000e+00 3.26983786e+06 2.83629006e+06 3.12108666e+06 2.67778396e+06 2.68616925e+06 3.26333977e+06 2.52630952e+06
2.37482755e+06 1.90080133e+06 1.80553941e+06 1.68325402e+06 1.76872301e+06 1.69525711e+06 1.71271241e+06 1.67348284e+06 1.74948598e+06 1.83064879e+06 1.74672116e+06 1.73887675e+06 1.87992910e+06 2.37936819e+06 2.25551513e+06 1.68148601e+06 2.20126207e+06 1.91350980e+06 1.76519647e+06 2.56611944e+06 3.00450249e+06 3.26983786e+06 0.00000000e+00 2.23773820e+06 2.72727120e+06 2.33979190e+06 2.74329579e+06 2.64319416e+06 3.00541885e+06
1.92439456e+06 1.42985912e+06 1.35396463e+06 1.36703275e+06 1.36914272e+06 1.33879106e+06 1.33723856e+06 1.30470288e+06 1.35626042e+06 1.36145555e+06 1.37387487e+06 1.38346961e+06 1.41020869e+06 2.00226938e+06 1.98542911e+06 1.30444829e+06 1.93203029e+06 1.44383434e+06 1.40368998e+06 2.06963994e+06 2.83572133e+06 2.83629006e+06 2.23773820e+06 0.00000000e+00 2.18341325e+06 2.05343992e+06 2.20372748e+06 2.30162201e+06 2.88315667e+06
2.24413694e+06 1.46404083e+06 1.55698761e+06 1.78758276e+06 1.64588680e+06 1.51812404e+06 1.66293299e+06 1.51610926e+06 1.48178670e+06 1.38795205e+06 1.55843210e+06 1.56716478e+06 1.43803439e+06 2.28610049e+06 2.41197256e+06 1.63036191e+06 2.36894527e+06 1.47488594e+06 1.58434561e+06 2.39920900e+06 2.81571957e+06 3.12108666e+06 2.72727120e+06 2.18341325e+06 0.00000000e+00 2.31926473e+06 2.37344911e+06 2.45625467e+06 2.87319733e+06
2.17416157e+06 1.53680248e+06 1.55739421e+06 1.51942412e+06 1.57425419e+06 1.47715613e+06 1.51509618e+06 1.48686534e+06 1.56138973e+06 1.47031142e+06 1.55639031e+06 1.52693264e+06 1.51762686e+06 1.83230198e+06 1.85382909e+06 1.48486169e+06 1.80027193e+06 1.55163048e+06 1.55056093e+06 2.27371888e+06 2.41904834e+06 2.67778396e+06 2.33979190e+06 2.05343992e+06 2.31926473e+06 0.00000000e+00 2.23539583e+06 2.44875446e+06 2.45817556e+06
2.16945869e+06 1.50112422e+06 1.59402318e+06 1.71017419e+06 1.62667022e+06 1.55700043e+06 1.58741981e+06 1.54769050e+06 1.52227805e+06 1.43377256e+06 1.61772503e+06 1.60446384e+06 1.48082841e+06 1.77972685e+06 1.90611695e+06 1.55765980e+06 1.85771355e+06 1.51535908e+06 1.61965693e+06 2.25807690e+06 2.49251143e+06 2.68616925e+06 2.74329579e+06 2.20372748e+06 2.37344911e+06 2.23539583e+06 0.00000000e+00 2.54513850e+06 2.53698312e+06
2.22299813e+06 1.60258068e+06 1.57040817e+06 1.65458317e+06 1.62461957e+06 1.49589677e+06 1.62067450e+06 1.50159712e+06 1.49132031e+06 1.52528792e+06 1.57302068e+06 1.54306752e+06 1.57437270e+06 2.30753152e+06 2.27494483e+06 1.58719866e+06 2.22984333e+06 1.60914559e+06 1.55826782e+06 2.33342177e+06 2.72812691e+06 3.26333977e+06 2.64319416e+06 2.30162201e+06 2.45625467e+06 2.44875446e+06 2.54513850e+06 0.00000000e+00 2.77238289e+06
2.66133757e+06 1.96216661e+06 1.98130531e+06 1.90657864e+06 1.98369152e+06 1.85556704e+06 1.97486545e+06 1.86222270e+06 1.85142347e+06 1.88794158e+06 1.93408792e+06 1.90046554e+06 1.93470304e+06 1.76676535e+06 1.73167472e+06 1.94434057e+06 1.67793027e+06 1.96928374e+06 1.91821745e+06 1.92126315e+06 1.79594580e+06 2.52630952e+06 3.00541885e+06 2.88315667e+06 2.87319733e+06 2.45817556e+06 2.53698312e+06 2.77238289e+06 0.00000000e+00
