0.00000000e+00 1.76815008e+07 1.66587798e+07 1.70314778e+07 1.58492220e+07 1.51383534e+07 1.54622122e+07 1.49840701e+07 1.55091094e+07 1.68391777e+07 1.57643996e+07 1.57257381e+07 1.74012458e+07 2.59231251e+07 2.42884064e+07 1.50746868e+07 2.36685100e+07 1.77950718e+07 1.59149526e+07 2.76984280e+07 3.19087687e+07 3.44518250e+07 2.86107710e+07 2.38029599e+07 2.71987789e+07 2.70702529e+07 2.69425641e+07 2.69512401e+07 3.25905487e+07
1.76815008e+07 0.00000000e+00 5.35374592e+06 9.06480048e+06 6.40268466e+06 5.14329950e+06 6.96637576e+06 5.22288750e+06 3.77262971e+06 1.80647264e+06 5.38916307e+06 5.87317351e+06 2.68515511e+06 1.49011862e+07 1.81073481e+07 6.67250082e+06 1.72514970e+07 3.02821336e+06 6.15685839e+06 1.94128972e+07 2.30699194e+07 2.55297757e+07 2.24622149e+07 1.74046661e+07 1.73509364e+07 1.88588641e+07 1.83402685e+07 1.90469037e+07 2.36222984e+07
1.66587798e+07 5.35374592e+06 0.00000000e+00 6.78741773e+06 5.42060018e+06 3.58032772e+06 5.82817095e+06 3.59426039e+06 3.86039588e+06 4.26056555e+06 4.32359218e+06 4.24117664e+06 4.83290193e+06 1.62930784e+07 1.55713103e+07 5.43949914e+06 1.48541409e+07 5.49733886e+06 4.51815271e+06 1.97182771e+07 2.33136752e+07 2.52574182e+07 2.13279982e+07 1.64895576e+07 1.84828581e+07 1.91290791e+07 1.95042665e+07 1.86680409e+07 2.38740734e+07
1.70314778e+07 9.06480048e+06 6.78741773e+06 0.00000000e+00 5.11732301e+06 5.32273274e+06 4.06904419e+06 4.91072559e+06 5.90841549e+06 8.40815931e+06 5.67076900e+06 5.96271437e+06 9.06292666e+06 1.25372043e+07 9.88411174e+06 3.79032545e+06 8.58185792e+06 9.20383845e+06 6.31398606e+06 1.91416836e+07 2.23254447e+07 2.49629814e+07 1.98094841e+07 1.65986628e+07 2.12181715e+07 1.86041824e+07 2.08752060e+07 1.96340175e+07 2.29021972e+07
1.58492220e+07 6.40268466e+06 5.42060018e+06 5.11732301e+06 0.00000000e+00 2.78585719e+06 2.75289347e+06 2.46128794e+06 3.58428550e+06 6.03248870e+06 2.90279931e+06 3.37124891e+06 6.60915215e+06 1.69323958e+07 1.42894043e+07 2.52833562e+06 1.32675404e+07 6.63310814e+06 3.74336251e+06 1.92603442e+07 2.31932322e+07 2.55505194e+07 2.08071602e+07 1.66046349e+07 1.94815774e+07 1.92452545e+07 1.98110946e+07 1.92501029e+07 2.37979114e+07
1.51383534e+07 5.14329950e+06 3.58032772e+06 5.32273274e+06 2.78585719e+06 0.00000000e+00 3.07273200e+06 1.05823500e+06 2.19046801e+06 3.56253229e+06 1.79136494e+06 1.50653999e+06 4.57435656e+06 1.70664330e+07 1.40507446e+07 2.97961556e+06 1.34966321e+07 5.23785921e+06 1.99975654e+06 1.81327826e+07 2.16884047e+07 2.43786146e+07 1.99492681e+07 1.62634653e+07 1.79699877e+07 1.80939943e+07 1.89985820e+07 1.77266369e+07 2.22848514e+07
1.54622122e+07 6.96637576e+06 5.82817095e+06 4.06904419e+06 2.75289347e+06 3.07273200e+06 0.00000000e+00 2.73954815e+06 3.87238717e+06 6.31052102e+06 3.50339266e+06 3.76877730e+06 6.96525279e+06 1.59277528e+07 1.33179664e+07 1.61654083e+06 1.22262964e+07 6.98002356e+06 4.15071904e+06 1.93118049e+07 2.30754768e+07 2.57731067e+07 2.01265676e+07 1.62064441e+07 1.96815355e+07 1.85149483e+07 1.93313534e+07 1.91914751e+07 2.36838250e+07
1.49840701e+07 5.22288750e+06 3.59426039e+06 4.91072559e+06 2.46128794e+06 1.05823500e+06 2.73954815e+06 0.00000000e+00 1.95354472e+06 3.92839559e+06 8.63208386e+05 1.74058266e+06 4.61852577e+06 1.67190860e+07 1.37189817e+07 2.42351075e+06 1.30894571e+07 5.12736473e+06 1.90085428e+06 1.78604232e+07 2.17933292e+07 2.39637078e+07 1.96856539e+07 1.58463091e+07 1.79421314e+07 1.82116247e+07 1.88825538e+07 1.77926851e+07 2.23629074e+07
1.55091094e+07 3.77262971e+06 3.86039588e+06 5.90841549e+06 3.58428550e+06 2.19046801e+06 3.87238717e+06 1.95354472e+06 0.00000000e+00 2.68328643e+06 2.68365520e+06 3.13625657e+06 3.77309925e+06 1.56181671e+07 1.50065389e+07 3.56872325e+06 1.40730150e+07 4.12059144e+06 3.41256321e+06 1.76592275e+07 2.16455754e+07 2.45706776e+07 2.05660921e+07 1.64427901e+07 1.75085697e+07 1.90846080e+07 1.85440058e+07 1.76434705e+07 2.21936257e+07
1.68391777e+07 1.80647264e+06 4.26056555e+06 8.40815931e+06 6.03248870e+06 3.56253229e+06 6.31052102e+06 3.92839559e+06 2.68328643e+06 0.00000000e+00 4.65267508e+06 4.58090660e+06 1.42323016e+06 1.42900607e+07 1.69473275e+07 6.03675009e+06 1.65761992e+07 2.27508409e+06 4.85562019e+06 1.84986464e+07 2.21296471e+07 2.46523668e+07 2.15862359e+07 1.65464236e+07 1.64116330e+07 1.80157033e+07 1.74895355e+07 1.80909874e+07 2.26869993e+07
1.57643996e+07 5.38916307e+06 4.32359218e+06 5.67076900e+06 2.90279931e+06 1.79136494e+06 3.50339266e+06 8.63208386e+05 2.68365520e+06 4.65267508e+06 0.00000000e+00 2.47945730e+06 5.34761044e+06 1.74754939e+07 1.44856897e+07 3.18342440e+06 1.38666650e+07 5.85551238e+06 2.63543826e+06 1.86171144e+07 2.25908395e+07 2.47291560e+07 2.05178207e+07 1.66387490e+07 1.84067131e+07 1.89985757e+07 1.96732726e+07 1.86083180e+07 2.31653672e+07
1.57257381e+07 5.87317351e+06 4.24117664e+06 5.96271437e+06 3.37124891e+06 1.50653999e+06 3.76877730e+06 1.74058266e+06 3.13625657e+06 4.58090660e+06 2.47945730e+06 0.00000000e+00 4.33071832e+06 1.76832560e+07 1.45509735e+07 3.50516420e+06 1.40819238e+07 5.85867493e+06 2.54196877e+06 1.86301600e+07 2.22530811e+07 2.49299175e+07 2.04844200e+07 1.68141412e+07 1.85683580e+07 1.87112485e+07 1.95852435e+07 1.83038809e+07 2.28395627e+07
1.74012458e+07 2.68515511e+06 4.83290193e+06 9.06292666e+06 6.60915215e+06 4.57435656e+06 6.96525279e+06 4.61852577e+06 3.77309925e+06 1.42323016e+06 5.34761044e+06 4.33071832e+06 0.00000000e+00 1.48764508e+07 1.75255921e+07 6.59498542e+06 1.71657920e+07 2.89795897e+06 5.43621541e+06 1.90658098e+07 2.26985991e+07 2.52464623e+07 2.21838092e+07 1.71424554e+07 1.70198312e+07 1.85957379e+07 1.80663045e+07 1.86872901e+07 2.32567658e+07
2.59231251e+07 1.49011862e+07 1.62930784e+07 1.25372043e+07 1.69323958e+07 1.70664330e+07 1.59277528e+07 1.67190860e+07 1.56181671e+07 1.42900607e+07 1.74754939e+07 1.76832560e+07 1.48764508e+07 0.00000000e+00 4.87956332e+06 1.56482940e+07 4.80210377e+06 1.49025749e+07 1.79571791e+07 2.05238876e+07 2.06840232e+07 2.29990947e+07 2.82488524e+07 2.43758303e+07 2.72932114e+07 2.24714297e+07 2.17518062e+07 2.75536569e+07 2.12837424e+07
2.42884064e+07 1.81073481e+07 1.55713103e+07 9.88411174e+06 1.42894043e+07 1.40507446e+07 1.33179664e+07 1.37189817e+07 1.50065389e+07 1.69473275e+07 1.44856897e+07 1.45509735e+07 1.75255921e+07 4.87956332e+06 0.00000000e+00 1.29869144e+07 2.18169899e+06 1.81753316e+07 1.45243141e+07 2.01029176e+07 2.02383384e+07 2.28221501e+07 2.67678606e+07 2.41839117e+07 2.88200254e+07 2.27495332e+07 2.33144835e+07 2.71707767e+07 2.08690495e+07
1.50746868e+07 6.67250082e+06 5.43949914e+06 3.79032545e+06 2.52833562e+06 2.97961556e+06 1.61654083e+06 2.42351075e+06 3.56872325e+06 6.03675009e+06 3.18342440e+06 3.50516420e+06 6.59498542e+06 1.56482940e+07 1.29869144e+07 0.00000000e+00 1.19538776e+07 6.62928465e+06 3.74858153e+06 1.89972935e+07 2.27507862e+07 2.54154141e+07 1.97840844e+07 1.58413222e+07 1.93202344e+07 1.81835772e+07 1.90019736e+07 1.88211971e+07 2.33565502e+07
2.36685100e+07 1.72514970e+07 1.48541409e+07 8.58185792e+06 1.32675404e+07 1.34966321e+07 1.22262964e+07 1.30894571e+07 1.40730150e+07 1.65761992e+07 1.38666650e+07 1.40819238e+07 1.71657920e+07 4.80210377e+06 2.18169899e+06 1.19538776e+07 0.00000000e+00 1.73094115e+07 1.43992717e+07 1.94358419e+07 1.95156122e+07 2.20193309e+07 2.60366161e+07 2.34561315e+07 2.82162701e+07 2.20208504e+07 2.26560588e+07 2.65426591e+07 2.01572185e+07
1.77950718e+07 3.02821336e+06 5.49733886e+06 9.20383845e+06 6.63310814e+06 5.23785921e+06 6.98002356e+06 5.12736473e+06 4.12059144e+06 2.27508409e+06 5.85551238e+06 5.85867493e+06 2.89795897e+06 1.49025749e+07 1.81753316e+07 6.62928465e+06 1.73094115e+07 0.00000000e+00 5.61992227e+06 1.94696808e+07 2.31166082e+07 2.56627116e+07 2.25895966e+07 1.75520967e+07 1.74663826e+07 1.90116169e+07 1.84902699e+07 1.91078600e+07 2.36770993e+07
1.59149526e+07 6.15685839e+06 4.51815271e+06 6.31398606e+06 3.74336251e+06 1.99975654e+06 4.15071904e+06 1.90085428e+06 3.41256321e+06 4.85562019e+06 2.63543826e+06 2.54196877e+06 5.43621541e+06 1.79571791e+07 1.45243141e+07 3.74858153e+06 1.43992717e+07 5.61992227e+06 0.00000000e+00 1.88881274e+07 2.24964279e+07 2.51995015e+07 2.08226908e+07 1.70831045e+07 1.87988932e+07 1.90237371e+07 1.97991012e+07 1.85102864e+07 2.30818163e+07
2.76984280e+07 1.94128972e+07 1.97182771e+07 1.91416836e+07 1.92603442e+07 1.81327826e+07 1.93118049e+07 1.78604232e+07 1.76592275e+07 1.84986464e+07 1.86171144e+07 1.86301600e+07 1.90658098e+07 2.05238876e+07 2.01029176e+07 1.89972935e+07 1.94358419e+07 1.94696808e+07 1.88881274e+07 0.00000000e+00 2.30210419e+07 2.90235072e+07 3.08420577e+07 2.55014313e+07 2.89980141e+07 2.82038665e+07 2.79531354e+07 2.81983924e+07 2.34175315e+07
3.19087687e+07 2.30699194e+07 2.33136752e+07 2.23254447e+07 2.31932322e+07 2.16884047e+07 2.30754768e+07 2.17933292e+07 2.16455754e+07 2.21296471e+07 2.25908395e+07 2.22530811e+07 2.26985991e+07 2.06840232e+07 2.02383384e+07 2.27507862e+07 1.95156122e+07 2.31166082e+07 2.24964279e+07 2.30210419e+07 0.00000000e+00 2.90964453e+07 3.53226448e+07 3.40362017e+07 3.32563301e+07 2.91908313e+07 3.00375223e+07 3.22142900e+07 2.13433574e+07
3.44518250e+07 2.55297757e+07 2.52574182e+07 2.49629814e+07 2.55505194e+07 2.43786146e+07 2.57731067e+07 2.39637078e+07 2.45706776e+07 2.46523668e+07 2.47291560e+07 2.49299175e+07 2.52464623e+07 2.29990947e+07 2.28221501e+07 2.54154141e+07 2.20193309e+07 2.56627116e+07 2.51995015e+07 2.90235072e+07 2.90964453e+07 0.00000000e+00 3.80870820e+07 3.36621243e+07 3.65197324e+07 3.19621070e+07 3.20131130e+07 3.82268825e+07 2.97736071e+07
2.86107710e+07 2.24622149e+07 2.13279982e+07 1.98094841e+07 2.08071602e+07 1.99492681e+07 2.01265676e+07 1.96856539e+07 2.05660921e+07 2.15862359e+07 2.05178207e+07 2.04844200e+07 2.21838092e+07 2.82488524e+07 2.67678606e+07 1.97840844e+07 2.60366161e+07 2.25895966e+07 2.08226908e+07 3.08420577e+07 3.53226448e+07 3.80870820e+07 0.00000000e+00 2.64434714e+07 3.18251369e+07 2.78310255e+07 3.26578740e+07 3.07998573e+07 3.54130400e+07
2.38029599e+07 1.74046661e+07 1.64895576e+07 1.65986628e+07 1.66046349e+07 1.62634653e+07 1.62064441e+07 1.58463091e+07 1.64427901e+07 1.65464236e+07 1.66387490e+07 1.68141412e+07 1.71424554e+07 2.43758303e+07 2.41839117e+07 1.58413222e+07 2.34561315e+07 1.75520967e+07 1.70831045e+07 2.55014313e+07 3.40362017e+07 3.36621243e+07 2.64434714e+07 0.00000000e+00 2.59526607e+07 2.50204276e+07 2.68061536e+07 2.73757571e+07 3.46238271e+07
2.71987789e+07 1.73509364e+07 1.84828581e+07 2.12181715e+07 1.94815774e+07 1.79699877e+07 1.96815355e+07 1.79421314e+07 1.75085697e+07 1.64116330e+07 1.84067131e+07 1.85683580e+07 1.70198312e+07 2.72932114e+07 2.88200254e+07 1.93202344e+07 2.82162701e+07 1.74663826e+07 1.87988932e+07 2.89980141e+07 3.32563301e+07 3.65197324e+07 3.18251369e+07 2.59526607e+07 0.00000000e+00 2.77327679e+07 2.83646678e+07 2.87423141e+07 3.39532971e+07
2.70702529e+07 1.88588641e+07 1.91290791e+07 1.86041824e+07 1.92452545e+07 1.80939943e+07 1.85149483e+07 1.82116247e+07 1.90846080e+07 1.80157033e+07 1.89985757e+07 1.87112485e+07 1.85957379e+07 2.24714297e+07 2.27495332e+07 1.81835772e+07 2.20208504e+07 1.90116169e+07 1.90237371e+07 2.82038665e+07 2.91908313e+07 3.19621070e+07 2.78310255e+07 2.50204276e+07 2.77327679e+07 0.00000000e+00 2.73513376e+07 2.93063774e+07 2.96881539e+07
2.69425641e+07 1.83402685e+07 1.95042665e+07 2.08752060e+07 1.98110946e+07 1.89985820e+07 1.93313534e+07 1.88825538e+07 1.85440058e+07 1.74895355e+07 1.96732726e+07 1.95852435e+07 1.80663045e+07 2.17518062e+07 2.33144835e+07 1.90019736e+07 2.26560588e+07 1.84902699e+07 1.97991012e+07 2.79531354e+07 3.00375223e+07 3.20131130e+07 3.26578740e+07 2.68061536e+07 2.83646678e+07 2.73513376e+07 0.00000000e+00 3.04091977e+07 3.05938524e+07
2.69512401e+07 1.90469037e+07 1.86680409e+07 1.96340175e+07 1.92501029e+07 1.77266369e+07 1.91914751e+07 1.77926851e+07 1.76434705e+07 1.80909874e+07 1.86083180e+07 1.83038809e+07 1.86872901e+07 2.75536569e+07 2.71707767e+07 1.88211971e+07 2.65426591e+07 1.91078600e+07 1.85102864e+07 2.81983924e+07 3.22142900e+07 3.82268825e+07 3.07998573e+07 2.73757571e+07 2.87423141e+07 2.93063774e+07 3.04091977e+07 0.00000000e+00 3.27675445e+07
3.25905487e+07 2.36222984e+07 2.38740734e+07 2.29021972e+07 2.37979114e+07 2.22848514e+07 2.36838250e+07 2.23629074e+07 2.21936257e+07 2.26869993e+07 2.31653672e+07 2.28395627e+07 2.32567658e+07 2.12837424e+07 2.08690495e+07 2.33565502e+07 2.01572185e+07 2.36770993e+07 2.30818163e+07 2.34175315e+07 2.13433574e+07 2.97736071e+07 3.54130400e+07 3.46238271e+07 3.39532971e+07 2.96881539e+07 3.05938524e+07 3.27675445e+07 0.00000000e+00
