0.000000e+00 2.837574e-01 2.793227e-01 2.827587e-01 2.851424e-01 2.633148e-01 2.550005e-01 2.501954e-01 2.571709e-01 2.597645e-01
2.837574e-01 0.000000e+00 2.801000e-01 2.825477e-01 2.829545e-01 2.606059e-01 2.573577e-01 2.518713e-01 2.596768e-01 2.621243e-01
2.793227e-01 2.801000e-01 0.000000e+00 2.729628e-01 2.814850e-01 2.596574e-01 2.539642e-01 2.484781e-01 2.569078e-01 2.587306e-01
2.827587e-01 2.825477e-01 2.729628e-01 0.000000e+00 2.839328e-01 2.621051e-01 2.564118e-01 2.488447e-01 2.593553e-01 2.611783e-01
2.851424e-01 2.829545e-01 2.814850e-01 2.839328e-01 0.000000e+00 2.593500e-01 2.545602e-01 2.482447e-01 2.525232e-01 2.635091e-01
2.633148e-01 2.606059e-01 2.596574e-01 2.621051e-01 2.593500e-01 0.000000e+00 2.003416e-01 2.041040e-01 1.970004e-01 2.048627e-01
2.550005e-01 2.573577e-01 2.539642e-01 2.564118e-01 2.545602e-01 2.003416e-01 0.000000e+00 1.909115e-01 1.940590e-01 2.005647e-01
2.501954e-01 2.518713e-01 2.484781e-01 2.488447e-01 2.482447e-01 2.041040e-01 1.909115e-01 0.000000e+00 1.859334e-01 1.842919e-01
2.571709e-01 2.596768e-01 2.569078e-01 2.593553e-01 2.525232e-01 1.970004e-01 1.940590e-01 1.859334e-01 0.000000e+00 2.036080e-01
2.597645e-01 2.621243e-01 2.587306e-01 2.611783e-01 2.635091e-01 2.048627e-01 2.005647e-01 1.842919e-01 2.036080e-01 0.000000e+00
