0.000000e+00 8.473409e-02 8.347932e-02 8.463577e-02 8.536113e-02 8.055712e-02 7.894198e-02 7.703772e-02 7.816477e-02 7.901874e-02
8.473409e-02 0.000000e+00 8.257150e-02 8.372526e-02 8.401298e-02 7.894747e-02 7.880416e-02 7.655957e-02 7.789339e-02 7.888212e-02
8.347932e-02 8.257150e-02 0.000000e+00 8.140885e-02 8.319674e-02 7.839448e-02 7.754954e-02 7.530505e-02 7.663891e-02 7.762746e-02
8.463577e-02 8.372526e-02 8.140885e-02 0.000000e+00 8.435408e-02 7.955101e-02 7.870602e-02 7.594175e-02 7.779530e-02 7.878396e-02
8.536113e-02 8.401298e-02 8.319674e-02 8.435408e-02 0.000000e+00 7.879460e-02 7.841293e-02 7.575412e-02 7.611105e-02 7.950910e-02
8.055712e-02 7.894747e-02 7.839448e-02 7.955101e-02 7.879460e-02 0.000000e+00 6.488225e-02 6.565342e-02 6.219080e-02 6.527784e-02
7.894198e-02 7.880416e-02 7.754954e-02 7.870602e-02 7.841293e-02 6.488225e-02 0.000000e+00 6.219435e-02 6.207762e-02 6.468450e-02
7.703772e-02 7.655957e-02 7.530505e-02 7.594175e-02 7.575412e-02 6.565342e-02 6.219435e-02 0.000000e+00 5.933409e-02 5.908138e-02
7.816477e-02 7.789339e-02 7.663891e-02 7.779530e-02 7.611105e-02 6.219080e-02 6.207762e-02 5.933409e-02 0.000000e+00 6.449650e-02
7.901874e-02 7.888212e-02 7.762746e-02 7.878396e-02 7.950910e-02 6.527784e-02 6.468450e-02 5.908138e-02 6.449650e-02 0.000000e+00
