0.000000e+00 6.911189e-03 6.806291e-03 6.894758e-03 6.945758e-03 6.411581e-03 6.207751e-03 6.090969e-03 6.260557e-03 6.323829e-03
6.911189e-03 0.000000e+00 6.825971e-03 6.889855e-03 6.891687e-03 6.344566e-03 6.266499e-03 6.132788e-03 6.323026e-03 6.382631e-03
6.806291e-03 6.825971e-03 0.000000e+00 6.656860e-03 6.860540e-03 6.326363e-03 6.187483e-03 6.053774e-03 6.259539e-03 6.303613e-03
6.894758e-03 6.889855e-03 6.656860e-03 0.000000e+00 6.924424e-03 6.390247e-03 6.251366e-03 6.065900e-03 6.323421e-03 6.367496e-03
6.945758e-03 6.891687e-03 6.860540e-03 6.924424e-03 0.000000e+00 6.313766e-03 6.197462e-03 6.043118e-03 6.147164e-03 6.417199e-03
6.411581e-03 6.344566e-03 6.326363e-03 6.390247e-03 6.313766e-03 0.000000e+00 4.858982e-03 4.955324e-03 4.774976e-03 4.969252e-03
6.207751e-03 6.266499e-03 6.187483e-03 6.251366e-03 6.197462e-03 4.858982e-03 0.000000e+00 4.630585e-03 4.704881e-03 4.865428e-03
6.090969e-03 6.132788e-03 6.053774e-03 6.065900e-03 6.043118e-03 4.955324e-03 4.630585e-03 0.000000e+00 4.505626e-03 4.463504e-03
6.260557e-03 6.323026e-03 6.259539e-03 6.323421e-03 6.147164e-03 4.774976e-03 4.704881e-03 4.505626e-03 0.000000e+00 4.939956e-03
6.323829e-03 6.382631e-03 6.303613e-03 6.367496e-03 6.417199e-03 4.969252e-03 4.865428e-03 4.463504e-03 4.939956e-03 0.000000e+00
