0.000000e+00 8.495720e-02 8.369783e-02 8.485869e-02 8.558800e-02 8.076831e-02 7.914608e-02 7.723759e-02 7.836731e-02 7.922402e-02
8.495720e-02 0.000000e+00 8.278677e-02 8.394492e-02 8.423414e-02 7.915147e-02 7.900909e-02 7.675840e-02 7.809606e-02 7.908822e-02
8.369783e-02 8.278677e-02 0.000000e+00 8.161824e-02 8.341576e-02 7.859783e-02 7.774988e-02 7.549928e-02 7.683698e-02 7.782898e-02
8.485869e-02 8.394492e-02 8.161824e-02 0.000000e+00 8.457751e-02 7.975876e-02 7.891075e-02 7.613746e-02 7.799777e-02 7.898987e-02
8.558800e-02 8.423414e-02 8.341576e-02 8.457751e-02 0.000000e+00 7.899838e-02 7.861637e-02 7.594910e-02 7.630675e-02 7.971896e-02
8.076831e-02 7.915147e-02 7.859783e-02 7.975876e-02 7.899838e-02 0.000000e+00 6.502225e-02 6.580422e-02 6.231894e-02 6.542087e-02
7.914608e-02 7.900909e-02 7.774988e-02 7.891075e-02 7.861637e-02 6.502225e-02 0.000000e+00 6.232831e-02 6.220725e-02 6.482648e-02
7.723759e-02 7.675840e-02 7.549928e-02 7.613746e-02 7.594910e-02 6.580422e-02 6.232831e-02 0.000000e+00 5.945488e-02 5.919852e-02
7.836731e-02 7.809606e-02 7.683698e-02 7.799777e-02 7.630675e-02 6.231894e-02 6.220725e-02 5.945488e-02 0.000000e+00 6.464022e-02
7.922402e-02 7.908822e-02 7.782898e-02 7.898987e-02 7.971896e-02 6.542087e-02 6.482648e-02 5.919852e-02 6.464022e-02 0.000000e+00
