0.000000e+00 6.682218e-02 6.573422e-02 6.952963e-02 7.079213e-02 6.930072e-02 6.772891e-02 6.824234e-02 6.807843e-02 6.751752e-02
6.682218e-02 0.000000e+00 6.447645e-02 6.832947e-02 6.959926e-02 6.753016e-02 6.721416e-02 6.704269e-02 6.688244e-02 6.700574e-02
6.573422e-02 6.447645e-02 0.000000e+00 6.698132e-02 6.856566e-02 6.701496e-02 6.612694e-02 6.596491e-02 6.579626e-02 6.591979e-02
6.952963e-02 6.832947e-02 6.698132e-02 0.000000e+00 7.235957e-02 7.081256e-02 6.992272e-02 6.955049e-02 6.958976e-02 6.971393e-02
7.079213e-02 6.959926e-02 6.856566e-02 7.235957e-02 0.000000e+00 7.094132e-02 7.049291e-02 6.992033e-02 6.924032e-02 7.103765e-02
6.930072e-02 6.753016e-02 6.701496e-02 7.081256e-02 7.094132e-02 0.000000e+00 6.269921e-02 6.582852e-02 6.100466e-02 6.400922e-02
6.772891e-02 6.721416e-02 6.612694e-02 6.992272e-02 7.049291e-02 6.269921e-02 0.000000e+00 6.222850e-02 6.140867e-02 6.265741e-02
6.824234e-02 6.704269e-02 6.596491e-02 6.955049e-02 6.992033e-02 6.582852e-02 6.222850e-02 0.000000e+00 6.026170e-02 6.000262e-02
6.807843e-02 6.688244e-02 6.579626e-02 6.958976e-02 6.924032e-02 6.100466e-02 6.140867e-02 6.026170e-02 0.000000e+00 6.456128e-02
6.751752e-02 6.700574e-02 6.591979e-02 6.971393e-02 7.103765e-02 6.400922e-02 6.265741e-02 6.000262e-02 6.456128e-02 0.000000e+00
