0.000000e+00 6.780814e-03 6.678432e-03 6.764705e-03 6.814158e-03 6.292237e-03 6.093678e-03 5.978889e-03 6.145726e-03 6.207478e-03
6.780814e-03 0.000000e+00 6.696877e-03 6.759531e-03 6.761743e-03 6.227386e-03 6.149891e-03 6.018824e-03 6.205494e-03 6.263751e-03
6.678432e-03 6.696877e-03 0.000000e+00 6.534073e-03 6.730222e-03 6.208300e-03 6.072376e-03 5.941311e-03 6.142899e-03 6.186234e-03
6.764705e-03 6.759531e-03 6.534073e-03 0.000000e+00 6.792875e-03 6.270954e-03 6.135029e-03 5.954236e-03 6.205551e-03 6.248887e-03
6.814158e-03 6.761743e-03 6.730222e-03 6.792875e-03 0.000000e+00 6.197629e-03 6.083298e-03 5.932418e-03 6.034800e-03 6.297095e-03
6.292237e-03 6.227386e-03 6.208300e-03 6.270954e-03 6.197629e-03 0.000000e+00 4.787372e-03 4.877305e-03 4.707666e-03 4.895372e-03
6.093678e-03 6.149891e-03 6.072376e-03 6.135029e-03 6.083298e-03 4.787372e-03 0.000000e+00 4.562145e-03 4.637465e-03 4.792762e-03
5.978889e-03 6.018824e-03 5.941311e-03 5.954236e-03 5.932418e-03 4.877305e-03 4.562145e-03 0.000000e+00 4.443311e-03 4.403928e-03
6.145726e-03 6.205494e-03 6.142899e-03 6.205551e-03 6.034800e-03 4.707666e-03 4.637465e-03 4.443311e-03 0.000000e+00 4.865627e-03
6.207478e-03 6.263751e-03 6.186234e-03 6.248887e-03 6.297095e-03 4.895372e-03 4.792762e-03 4.403928e-03 4.865627e-03 0.000000e+00
