0.000000e+00 5.447584e-02 5.339428e-02 5.504615e-02 5.579560e-02 5.336052e-02 5.238397e-02 5.163285e-02 5.207873e-02 5.211268e-02
5.447584e-02 0.000000e+00 5.260867e-02 5.425611e-02 5.482036e-02 5.210612e-02 5.212061e-02 5.100546e-02 5.140573e-02 5.185041e-02
5.339428e-02 5.260867e-02 0.000000e+00 5.284778e-02 5.392733e-02 5.148549e-02 5.103958e-02 4.993468e-02 5.032549e-02 5.076935e-02
5.504615e-02 5.425611e-02 5.284778e-02 0.000000e+00 5.557712e-02 5.313645e-02 5.269008e-02 5.131471e-02 5.197586e-02 5.242026e-02
5.579560e-02 5.482036e-02 5.392733e-02 5.557712e-02 0.000000e+00 5.289568e-02 5.288266e-02 5.140101e-02 5.135929e-02 5.316795e-02
5.336052e-02 5.210612e-02 5.148549e-02 5.313645e-02 5.289568e-02 0.000000e+00 4.516189e-02 4.633979e-02 4.333533e-02 4.552317e-02
5.238397e-02 5.212061e-02 5.103958e-02 5.269008e-02 5.288266e-02 4.516189e-02 0.000000e+00 4.384999e-02 4.363584e-02 4.503310e-02
5.163285e-02 5.100546e-02 4.993468e-02 5.131471e-02 5.140101e-02 4.633979e-02 4.384999e-02 0.000000e+00 4.180021e-02 4.181983e-02
5.207873e-02 5.140573e-02 5.032549e-02 5.197586e-02 5.135929e-02 4.333533e-02 4.363584e-02 4.180021e-02 0.000000e+00 4.548624e-02
5.211268e-02 5.185041e-02 5.076935e-02 5.242026e-02 5.316795e-02 4.552317e-02 4.503310e-02 4.181983e-02 4.548624e-02 0.000000e+00
