0.000000e+00 5.611141e-02 5.530110e-02 5.605079e-02 5.652393e-02 5.332974e-02 5.226049e-02 5.100023e-02 5.174773e-02 5.232185e-02
5.611141e-02 0.000000e+00 5.470860e-02 5.545560e-02 5.564050e-02 5.227278e-02 5.217756e-02 5.069208e-02 5.157641e-02 5.223972e-02
5.530110e-02 5.470860e-02 0.000000e+00 5.393927e-02 5.511936e-02 5.192689e-02 5.136734e-02 4.988193e-02 5.076628e-02 5.142948e-02
5.605079e-02 5.545560e-02 5.393927e-02 0.000000e+00 5.586989e-02 5.267663e-02 5.211704e-02 5.028765e-02 5.151593e-02 5.217919e-02
5.652393e-02 5.564050e-02 5.511936e-02 5.586989e-02 0.000000e+00 5.216916e-02 5.191620e-02 5.015660e-02 5.039442e-02 5.265220e-02
5.332974e-02 5.227278e-02 5.192689e-02 5.267663e-02 5.216916e-02 0.000000e+00 4.294238e-02 4.345269e-02 4.115964e-02 4.321159e-02
5.226049e-02 5.217756e-02 5.136734e-02 5.211704e-02 5.191620e-02 4.294238e-02 0.000000e+00 4.116076e-02 4.108513e-02 4.281931e-02
5.100023e-02 5.069208e-02 4.988193e-02 5.028765e-02 5.015660e-02 4.345269e-02 4.116076e-02 0.000000e+00 3.926946e-02 3.911122e-02
5.174773e-02 5.157641e-02 5.076628e-02 5.151593e-02 5.039442e-02 4.115964e-02 4.108513e-02 3.926946e-02 0.000000e+00 4.269332e-02
5.232185e-02 5.223972e-02 5.142948e-02 5.217919e-02 5.265220e-02 4.321159e-02 4.281931e-02 3.911122e-02 4.269332e-02 0.000000e+00
