0.000000e+00 4.546317e-02 4.469160e-02 4.729565e-02 4.815870e-02 4.711972e-02 4.603402e-02 4.637549e-02 4.627377e-02 4.590670e-02
4.546317e-02 0.000000e+00 4.382237e-02 4.646540e-02 4.733325e-02 4.589478e-02 4.567946e-02 4.554579e-02 4.544790e-02 4.555522e-02
4.469160e-02 4.382237e-02 0.000000e+00 4.551347e-02 4.660029e-02 4.552046e-02 4.490870e-02 4.478489e-02 4.467816e-02 4.478582e-02
4.729565e-02 4.646540e-02 4.551347e-02 0.000000e+00 4.920264e-02 4.812669e-02 4.751309e-02 4.724286e-02 4.728028e-02 4.738847e-02
4.815870e-02 4.733325e-02 4.660029e-02 4.920264e-02 0.000000e+00 4.820558e-02 4.789687e-02 4.748716e-02 4.703882e-02 4.829430e-02
4.711972e-02 4.589478e-02 4.552046e-02 4.812669e-02 4.820558e-02 0.000000e+00 4.248808e-02 4.464577e-02 4.131495e-02 4.341478e-02
4.603402e-02 4.567946e-02 4.490870e-02 4.751309e-02 4.789687e-02 4.248808e-02 0.000000e+00 4.215095e-02 4.159900e-02 4.247533e-02
4.637549e-02 4.554579e-02 4.478489e-02 4.724286e-02 4.748716e-02 4.464577e-02 4.215095e-02 0.000000e+00 4.078880e-02 4.062707e-02
4.627377e-02 4.544790e-02 4.467816e-02 4.728028e-02 4.703882e-02 4.131495e-02 4.159900e-02 4.078880e-02 0.000000e+00 4.380154e-02
4.590670e-02 4.555522e-02 4.478582e-02 4.738847e-02 4.829430e-02 4.341478e-02 4.247533e-02 4.062707e-02 4.380154e-02 0.000000e+00
