0.000000e+00 5.612701e-02 5.531639e-02 5.606637e-02 5.653979e-02 5.334450e-02 5.227475e-02 5.101420e-02 5.176189e-02 5.233620e-02
5.612701e-02 0.000000e+00 5.472367e-02 5.547097e-02 5.565596e-02 5.228704e-02 5.219188e-02 5.070599e-02 5.159058e-02 5.225413e-02
5.531639e-02 5.472367e-02 0.000000e+00 5.395392e-02 5.513469e-02 5.194112e-02 5.138136e-02 4.989553e-02 5.078015e-02 5.144359e-02
5.606637e-02 5.547097e-02 5.395392e-02 0.000000e+00 5.588551e-02 5.269115e-02 5.213136e-02 5.030134e-02 5.153009e-02 5.219360e-02
5.653979e-02 5.565596e-02 5.513469e-02 5.588551e-02 0.000000e+00 5.218341e-02 5.193042e-02 5.017023e-02 5.040810e-02 5.266688e-02
5.334450e-02 5.228704e-02 5.194112e-02 5.269115e-02 5.218341e-02 0.000000e+00 4.295216e-02 4.346323e-02 4.116859e-02 4.322159e-02
5.227475e-02 5.219188e-02 5.138136e-02 5.213136e-02 5.193042e-02 4.295216e-02 0.000000e+00 4.117011e-02 4.109419e-02 4.282924e-02
5.101420e-02 5.070599e-02 4.989553e-02 5.030134e-02 5.017023e-02 4.346323e-02 4.117011e-02 0.000000e+00 3.927790e-02 3.911940e-02
5.176189e-02 5.159058e-02 5.078015e-02 5.153009e-02 5.040810e-02 4.116859e-02 4.109419e-02 3.927790e-02 0.000000e+00 4.270337e-02
5.233620e-02 5.225413e-02 5.144359e-02 5.219360e-02 5.266688e-02 4.322159e-02 4.282924e-02 3.911940e-02 4.270337e-02 0.000000e+00
