0.000000e+00 1.709357e-02 1.677912e-02 1.725971e-02 1.747321e-02 1.670196e-02 1.640235e-02 1.616546e-02 1.628956e-02 1.632762e-02
1.709357e-02 0.000000e+00 1.652593e-02 1.700275e-02 1.716202e-02 1.630129e-02 1.630979e-02 1.595669e-02 1.607167e-02 1.623544e-02
1.677912e-02 1.652593e-02 0.000000e+00 1.658749e-02 1.690465e-02 1.612794e-02 1.599578e-02 1.565101e-02 1.575828e-02 1.592142e-02
1.725971e-02 1.700275e-02 1.658749e-02 0.000000e+00 1.738335e-02 1.660766e-02 1.647516e-02 1.604797e-02 1.623762e-02 1.640113e-02
1.747321e-02 1.716202e-02 1.690465e-02 1.738335e-02 0.000000e+00 1.651782e-02 1.651759e-02 1.605812e-02 1.602953e-02 1.661317e-02
1.670196e-02 1.630129e-02 1.612794e-02 1.660766e-02 1.651782e-02 0.000000e+00 1.411826e-02 1.447314e-02 1.354606e-02 1.424040e-02
1.640235e-02 1.630979e-02 1.599578e-02 1.647516e-02 1.651759e-02 1.411826e-02 0.000000e+00 1.371080e-02 1.363965e-02 1.408158e-02
1.616546e-02 1.595669e-02 1.565101e-02 1.604797e-02 1.605812e-02 1.447314e-02 1.371080e-02 0.000000e+00 1.307208e-02 1.309636e-02
1.628956e-02 1.607167e-02 1.575828e-02 1.623762e-02 1.602953e-02 1.354606e-02 1.363965e-02 1.307208e-02 0.000000e+00 1.421011e-02
1.632762e-02 1.623544e-02 1.592142e-02 1.640113e-02 1.661317e-02 1.424040e-02 1.408158e-02 1.309636e-02 1.421011e-02 0.000000e+00
