0.000000e+00 1.093516e-02 1.075655e-02 1.133870e-02 1.153600e-02 1.124869e-02 1.100467e-02 1.107079e-02 1.103796e-02 1.097311e-02
1.093516e-02 0.000000e+00 1.053130e-02 1.112225e-02 1.132180e-02 1.094217e-02 1.090023e-02 1.085494e-02 1.082530e-02 1.087123e-02
1.075655e-02 1.053130e-02 0.000000e+00 1.090198e-02 1.115389e-02 1.085584e-02 1.072239e-02 1.068532e-02 1.064827e-02 1.069461e-02
1.133870e-02 1.112225e-02 1.090198e-02 0.000000e+00 1.173440e-02 1.143969e-02 1.130477e-02 1.123251e-02 1.122882e-02 1.127543e-02
1.153600e-02 1.132180e-02 1.115389e-02 1.173440e-02 0.000000e+00 1.145638e-02 1.139028e-02 1.128602e-02 1.116736e-02 1.148479e-02
1.124869e-02 1.094217e-02 1.085584e-02 1.143969e-02 1.145638e-02 0.000000e+00 1.008262e-02 1.057466e-02 9.792979e-03 1.029572e-02
1.100467e-02 1.090023e-02 1.072239e-02 1.130477e-02 1.139028e-02 1.008262e-02 0.000000e+00 9.993918e-03 9.865815e-03 1.007167e-02
1.107079e-02 1.085494e-02 1.068532e-02 1.123251e-02 1.128602e-02 1.057466e-02 9.993918e-03 0.000000e+00 9.665337e-03 9.640916e-03
1.103796e-02 1.082530e-02 1.064827e-02 1.122882e-02 1.116736e-02 9.792979e-03 9.865815e-03 9.665337e-03 0.000000e+00 1.037451e-02
1.097311e-02 1.087123e-02 1.069461e-02 1.127543e-02 1.148479e-02 1.029572e-02 1.007167e-02 9.640916e-03 1.037451e-02 0.000000e+00
