0.000000e+00 2.723771e-02 2.686722e-02 2.721430e-02 2.743888e-02 2.586389e-02 2.533884e-02 2.472974e-02 2.509294e-02 2.538397e-02
2.723771e-02 0.000000e+00 2.658917e-02 2.693372e-02 2.701750e-02 2.535598e-02 2.531228e-02 2.459181e-02 2.502277e-02 2.535775e-02
2.686722e-02 2.658917e-02 0.000000e+00 2.621035e-02 2.678869e-02 2.521533e-02 2.494183e-02 2.422138e-02 2.465236e-02 2.498729e-02
2.721430e-02 2.693372e-02 2.621035e-02 0.000000e+00 2.713655e-02 2.556242e-02 2.528891e-02 2.439823e-02 2.499942e-02 2.533438e-02
2.743888e-02 2.701750e-02 2.678869e-02 2.713655e-02 0.000000e+00 2.530286e-02 2.518127e-02 2.432506e-02 2.444226e-02 2.555890e-02
2.586389e-02 2.535598e-02 2.521533e-02 2.556242e-02 2.530286e-02 0.000000e+00 2.074395e-02 2.101116e-02 1.986696e-02 2.088828e-02
2.533884e-02 2.531228e-02 2.494183e-02 2.528891e-02 2.518127e-02 2.074395e-02 0.000000e+00 1.987980e-02 1.983555e-02 2.070007e-02
2.472974e-02 2.459181e-02 2.422138e-02 2.439823e-02 2.432506e-02 2.101116e-02 1.987980e-02 0.000000e+00 1.895186e-02 1.887993e-02
2.509294e-02 2.502277e-02 2.465236e-02 2.499942e-02 2.444226e-02 1.986696e-02 1.983555e-02 1.895186e-02 0.000000e+00 2.064169e-02
2.538397e-02 2.535775e-02 2.498729e-02 2.533438e-02 2.555890e-02 2.088828e-02 2.070007e-02 1.887993e-02 2.064169e-02 0.000000e+00
