0.000000e+00 2.283155e-01 2.244385e-01 2.274718e-01 2.297569e-01 2.138571e-01 2.078519e-01 2.033071e-01 2.079581e-01 2.104878e-01
2.283155e-01 0.000000e+00 2.242200e-01 2.267303e-01 2.276028e-01 2.111793e-01 2.092021e-01 2.039722e-01 2.094580e-01 2.118405e-01
2.244385e-01 2.242200e-01 0.000000e+00 2.192435e-01 2.256614e-01 2.097615e-01 2.058488e-01 2.006191e-01 2.062095e-01 2.084870e-01
2.274718e-01 2.267303e-01 2.192435e-01 0.000000e+00 2.281716e-01 2.122718e-01 2.083590e-01 2.015597e-01 2.087195e-01 2.109972e-01
2.297569e-01 2.276028e-01 2.256614e-01 2.281716e-01 0.000000e+00 2.105088e-01 2.075169e-01 2.014531e-01 2.039792e-01 2.132817e-01
2.138571e-01 2.111793e-01 2.097615e-01 2.122718e-01 2.105088e-01 0.000000e+00 1.667058e-01 1.693163e-01 1.618501e-01 1.692332e-01
2.078519e-01 2.092021e-01 2.058488e-01 2.083590e-01 2.075169e-01 1.667058e-01 0.000000e+00 1.591154e-01 1.599488e-01 1.663800e-01
2.033071e-01 2.039722e-01 2.006191e-01 2.015597e-01 2.014531e-01 1.693163e-01 1.591154e-01 0.000000e+00 1.532348e-01 1.521856e-01
2.079581e-01 2.094580e-01 2.062095e-01 2.087195e-01 2.039792e-01 1.618501e-01 1.599488e-01 1.532348e-01 0.000000e+00 1.672003e-01
2.104878e-01 2.118405e-01 2.084870e-01 2.109972e-01 2.132817e-01 1.692332e-01 1.663800e-01 1.521856e-01 1.672003e-01 0.000000e+00
