0.000000e+00 3.355766e-02 3.301142e-02 3.488989e-02 3.551733e-02 3.473795e-02 3.395838e-02 3.420380e-02 3.411690e-02 3.385392e-02
3.355766e-02 0.000000e+00 3.236618e-02 3.427323e-02 3.490511e-02 3.383739e-02 3.368557e-02 3.358768e-02 3.350441e-02 3.358406e-02
3.301142e-02 3.236618e-02 0.000000e+00 3.359704e-02 3.438733e-02 3.357756e-02 3.314012e-02 3.305163e-02 3.295991e-02 3.303991e-02
3.488989e-02 3.427323e-02 3.359704e-02 0.000000e+00 3.626412e-02 3.545804e-02 3.501889e-02 3.482441e-02 3.483657e-02 3.491701e-02
3.551733e-02 3.490511e-02 3.438733e-02 3.626412e-02 0.000000e+00 3.552000e-02 3.529997e-02 3.500549e-02 3.465832e-02 3.557668e-02
3.473795e-02 3.383739e-02 3.357756e-02 3.545804e-02 3.552000e-02 0.000000e+00 3.136530e-02 3.292206e-02 3.050604e-02 3.202146e-02
3.395838e-02 3.368557e-02 3.314012e-02 3.501889e-02 3.529997e-02 3.136530e-02 0.000000e+00 3.112095e-02 3.071333e-02 3.134079e-02
3.420380e-02 3.358768e-02 3.305163e-02 3.482441e-02 3.500549e-02 3.292206e-02 3.112095e-02 0.000000e+00 3.012901e-02 3.001122e-02
3.411690e-02 3.350441e-02 3.295991e-02 3.483657e-02 3.465832e-02 3.050604e-02 3.071333e-02 3.012901e-02 0.000000e+00 3.229025e-02
3.385392e-02 3.358406e-02 3.303991e-02 3.491701e-02 3.557668e-02 3.202146e-02 3.134079e-02 3.001122e-02 3.229025e-02 0.000000e+00
