0.000000e+00 1.133319e-01 1.116306e-01 1.131959e-01 1.141762e-01 1.077602e-01 1.055959e-01 1.030492e-01 1.045550e-01 1.056889e-01
1.133319e-01 0.000000e+00 1.104063e-01 1.119689e-01 1.123605e-01 1.055941e-01 1.054045e-01 1.024011e-01 1.041845e-01 1.054991e-01
1.116306e-01 1.104063e-01 0.000000e+00 1.088469e-01 1.112487e-01 1.048345e-01 1.037034e-01 1.007002e-01 1.024835e-01 1.037979e-01
1.131959e-01 1.119689e-01 1.088469e-01 0.000000e+00 1.128149e-01 1.063999e-01 1.052687e-01 1.015680e-01 1.040488e-01 1.053633e-01
1.141762e-01 1.123605e-01 1.112487e-01 1.128149e-01 0.000000e+00 1.053923e-01 1.048830e-01 1.013238e-01 1.017994e-01 1.063433e-01
1.077602e-01 1.055941e-01 1.048345e-01 1.063999e-01 1.053923e-01 0.000000e+00 8.676296e-02 8.780643e-02 8.315730e-02 8.728719e-02
1.055959e-01 1.054045e-01 1.037034e-01 1.052687e-01 1.048830e-01 8.676296e-02 0.000000e+00 8.317104e-02 8.300785e-02 8.649362e-02
1.030492e-01 1.024011e-01 1.007002e-01 1.015680e-01 1.013238e-01 8.780643e-02 8.317104e-02 0.000000e+00 7.933508e-02 7.898366e-02
1.045550e-01 1.041845e-01 1.024835e-01 1.040488e-01 1.017994e-01 8.315730e-02 8.300785e-02 7.933508e-02 0.000000e+00 8.624672e-02
1.056889e-01 1.054991e-01 1.037979e-01 1.053633e-01 1.063433e-01 8.728719e-02 8.649362e-02 7.898366e-02 8.624672e-02 0.000000e+00
