0.000000e+00 1.695103e-01 1.669364e-01 1.692999e-01 1.707730e-01 1.612027e-01 1.579709e-01 1.541590e-01 1.564102e-01 1.580917e-01
1.695103e-01 0.000000e+00 1.650936e-01 1.674544e-01 1.680473e-01 1.579550e-01 1.576693e-01 1.531763e-01 1.558413e-01 1.577926e-01
1.669364e-01 1.650936e-01 0.000000e+00 1.627662e-01 1.663545e-01 1.567859e-01 1.550958e-01 1.506029e-01 1.532680e-01 1.552190e-01
1.692999e-01 1.674544e-01 1.627662e-01 0.000000e+00 1.687189e-01 1.591496e-01 1.574593e-01 1.519260e-01 1.556314e-01 1.575825e-01
1.707730e-01 1.680473e-01 1.663545e-01 1.687189e-01 0.000000e+00 1.576566e-01 1.568938e-01 1.515716e-01 1.522811e-01 1.590552e-01
1.612027e-01 1.579550e-01 1.567859e-01 1.591496e-01 1.576566e-01 0.000000e+00 1.298692e-01 1.314128e-01 1.244866e-01 1.306381e-01
1.579709e-01 1.576693e-01 1.550958e-01 1.574593e-01 1.568938e-01 1.298692e-01 0.000000e+00 1.244973e-01 1.242589e-01 1.294491e-01
1.541590e-01 1.531763e-01 1.506029e-01 1.519260e-01 1.515716e-01 1.314128e-01 1.244973e-01 0.000000e+00 1.187671e-01 1.182334e-01
1.564102e-01 1.558413e-01 1.532680e-01 1.556314e-01 1.522811e-01 1.244866e-01 1.242589e-01 1.187671e-01 0.000000e+00 1.290777e-01
1.580917e-01 1.577926e-01 1.552190e-01 1.575825e-01 1.590552e-01 1.306381e-01 1.294491e-01 1.182334e-01 1.290777e-01 0.000000e+00
