0.000000e+00 7.127946e-02 6.986084e-02 7.201207e-02 7.299732e-02 6.983182e-02 6.858090e-02 6.759408e-02 6.817638e-02 6.820155e-02
7.127946e-02 0.000000e+00 6.886214e-02 7.100916e-02 7.175546e-02 6.823462e-02 6.825254e-02 6.680166e-02 6.732217e-02 6.787477e-02
6.986084e-02 6.886214e-02 0.000000e+00 6.917206e-02 7.057893e-02 6.740694e-02 6.683444e-02 6.539341e-02 6.590487e-02 6.645664e-02
7.201207e-02 7.100916e-02 6.917206e-02 0.000000e+00 7.272823e-02 6.955735e-02 6.898437e-02 6.719635e-02 6.805462e-02 6.860698e-02
7.299732e-02 7.175546e-02 7.057893e-02 7.272823e-02 0.000000e+00 6.926992e-02 6.925284e-02 6.732884e-02 6.726832e-02 6.959054e-02
6.983182e-02 6.823462e-02 6.740694e-02 6.955735e-02 6.926992e-02 0.000000e+00 5.930979e-02 6.079551e-02 5.694751e-02 5.974019e-02
6.858090e-02 6.825254e-02 6.683444e-02 6.898437e-02 6.925284e-02 5.930979e-02 0.000000e+00 5.759939e-02 5.733198e-02 5.911539e-02
6.759408e-02 6.680166e-02 6.539341e-02 6.719635e-02 6.732884e-02 6.079551e-02 5.759939e-02 0.000000e+00 5.495347e-02 5.496710e-02
6.817638e-02 6.732217e-02 6.590487e-02 6.805462e-02 6.726832e-02 5.694751e-02 5.733198e-02 5.495347e-02 0.000000e+00 5.967877e-02
6.820155e-02 6.787477e-02 6.645664e-02 6.860698e-02 6.959054e-02 5.974019e-02 5.911539e-02 5.496710e-02 5.967877e-02 0.000000e+00
