0.000000e+00 4.437158e-02 4.368748e-02 4.423607e-02 4.458892e-02 4.117485e-02 3.987488e-02 3.912356e-02 4.021451e-02 4.061979e-02
4.437158e-02 0.000000e+00 4.380888e-02 4.420291e-02 4.424662e-02 4.075111e-02 4.024334e-02 3.938548e-02 4.060623e-02 4.098865e-02
4.368748e-02 4.380888e-02 0.000000e+00 4.271346e-02 4.402621e-02 4.061214e-02 3.972204e-02 3.886421e-02 4.018257e-02 4.046732e-02
4.423607e-02 4.420291e-02 4.271346e-02 0.000000e+00 4.442025e-02 4.100618e-02 4.011607e-02 3.893283e-02 4.057657e-02 4.086135e-02
4.458892e-02 4.424662e-02 4.402621e-02 4.442025e-02 0.000000e+00 4.055549e-02 3.980667e-02 3.881915e-02 3.948837e-02 4.120595e-02
4.117485e-02 4.075111e-02 4.061214e-02 4.100618e-02 4.055549e-02 0.000000e+00 3.132763e-02 3.191598e-02 3.080533e-02 3.203454e-02
3.987488e-02 4.024334e-02 3.972204e-02 4.011607e-02 3.980667e-02 3.132763e-02 0.000000e+00 2.985317e-02 3.034548e-02 3.136258e-02
3.912356e-02 3.938548e-02 3.886421e-02 3.893283e-02 3.881915e-02 3.191598e-02 2.985317e-02 0.000000e+00 2.907489e-02 2.881802e-02
4.021451e-02 4.060623e-02 4.018257e-02 4.057657e-02 3.948837e-02 3.080533e-02 3.034548e-02 2.907489e-02 0.000000e+00 3.183865e-02
4.061979e-02 4.098865e-02 4.046732e-02 4.086135e-02 4.120595e-02 3.203454e-02 3.136258e-02 2.881802e-02 3.183865e-02 0.000000e+00
