0.000000e+00 2.672302e-02 2.636157e-02 2.669977e-02 2.691635e-02 2.537955e-02 2.487071e-02 2.427144e-02 2.462885e-02 2.491231e-02
2.672302e-02 0.000000e+00 2.608980e-02 2.642560e-02 2.650685e-02 2.488693e-02 2.484128e-02 2.413491e-02 2.455738e-02 2.488325e-02
2.636157e-02 2.608980e-02 0.000000e+00 2.572438e-02 2.628156e-02 2.474632e-02 2.447986e-02 2.377351e-02 2.419600e-02 2.452182e-02
2.669977e-02 2.642560e-02 2.572438e-02 0.000000e+00 2.662050e-02 2.508454e-02 2.481806e-02 2.394815e-02 2.453418e-02 2.486004e-02
2.691635e-02 2.650685e-02 2.628156e-02 2.662050e-02 0.000000e+00 2.483482e-02 2.471415e-02 2.387743e-02 2.399246e-02 2.507656e-02
2.537955e-02 2.488693e-02 2.474632e-02 2.508454e-02 2.483482e-02 0.000000e+00 2.042372e-02 2.066641e-02 1.957420e-02 2.056045e-02
2.487071e-02 2.484128e-02 2.447986e-02 2.481806e-02 2.471415e-02 2.042372e-02 0.000000e+00 1.957333e-02 1.953929e-02 2.037443e-02
2.427144e-02 2.413491e-02 2.377351e-02 2.394815e-02 2.387743e-02 2.066641e-02 1.957333e-02 0.000000e+00 1.867589e-02 1.861112e-02
2.462885e-02 2.455738e-02 2.419600e-02 2.453418e-02 2.399246e-02 1.957420e-02 1.953929e-02 1.867589e-02 0.000000e+00 2.031276e-02
2.491231e-02 2.488325e-02 2.452182e-02 2.486004e-02 2.507656e-02 2.056045e-02 2.037443e-02 1.861112e-02 2.031276e-02 0.000000e+00
