0.000000e+00 1.137538e-01 1.118496e-01 1.133537e-01 1.144687e-01 1.065478e-01 1.035596e-01 1.012946e-01 1.036124e-01 1.048726e-01
1.137538e-01 0.000000e+00 1.117442e-01 1.129885e-01 1.134018e-01 1.052208e-01 1.042338e-01 1.016284e-01 1.043608e-01 1.055480e-01
1.118496e-01 1.117442e-01 0.000000e+00 1.092912e-01 1.124591e-01 1.045382e-01 1.025897e-01 9.998445e-02 1.027688e-01 1.039038e-01
1.133537e-01 1.129885e-01 1.092912e-01 0.000000e+00 1.137034e-01 1.057825e-01 1.038339e-01 1.004491e-01 1.040130e-01 1.051481e-01
1.144687e-01 1.134018e-01 1.124591e-01 1.137034e-01 0.000000e+00 1.048862e-01 1.033950e-01 1.003754e-01 1.016346e-01 1.062628e-01
1.065478e-01 1.052208e-01 1.045382e-01 1.057825e-01 1.048862e-01 0.000000e+00 8.309827e-02 8.438730e-02 8.068571e-02 8.435702e-02
1.035596e-01 1.042338e-01 1.025897e-01 1.038339e-01 1.033950e-01 8.309827e-02 0.000000e+00 7.931421e-02 7.973566e-02 8.293410e-02
1.012946e-01 1.016284e-01 9.998445e-02 1.004491e-01 1.003754e-01 8.438730e-02 7.931421e-02 0.000000e+00 7.639303e-02 7.587580e-02
1.036124e-01 1.043608e-01 1.027688e-01 1.040130e-01 1.016346e-01 8.068571e-02 7.973566e-02 7.639303e-02 0.000000e+00 8.334140e-02
1.048726e-01 1.055480e-01 1.039038e-01 1.051481e-01 1.062628e-01 8.435702e-02 8.293410e-02 7.587580e-02 8.334140e-02 0.000000e+00
