0.000000e+00 2.672370e-02 2.636223e-02 2.670044e-02 2.691703e-02 2.538019e-02 2.487133e-02 2.427204e-02 2.462946e-02 2.491293e-02
2.672370e-02 0.000000e+00 2.609046e-02 2.642626e-02 2.650752e-02 2.488755e-02 2.484189e-02 2.413551e-02 2.455799e-02 2.488387e-02
2.636223e-02 2.609046e-02 0.000000e+00 2.572501e-02 2.628222e-02 2.474694e-02 2.448046e-02 2.377410e-02 2.419660e-02 2.452243e-02
2.670044e-02 2.642626e-02 2.572501e-02 0.000000e+00 2.662118e-02 2.508517e-02 2.481868e-02 2.394874e-02 2.453479e-02 2.486066e-02
2.691703e-02 2.650752e-02 2.628222e-02 2.662118e-02 0.000000e+00 2.483543e-02 2.471476e-02 2.387802e-02 2.399305e-02 2.507719e-02
2.538019e-02 2.488755e-02 2.474694e-02 2.508517e-02 2.483543e-02 0.000000e+00 2.042414e-02 2.066686e-02 1.957459e-02 2.056088e-02
2.487133e-02 2.484189e-02 2.448046e-02 2.481868e-02 2.471476e-02 2.042414e-02 0.000000e+00 1.957373e-02 1.953968e-02 2.037486e-02
2.427204e-02 2.413551e-02 2.377410e-02 2.394874e-02 2.387802e-02 2.066686e-02 1.957373e-02 0.000000e+00 1.867625e-02 1.861148e-02
2.462946e-02 2.455799e-02 2.419660e-02 2.453479e-02 2.399305e-02 1.957459e-02 1.953968e-02 1.867625e-02 0.000000e+00 2.031319e-02
2.491293e-02 2.488387e-02 2.452243e-02 2.486066e-02 2.507719e-02 2.056088e-02 2.037486e-02 1.861148e-02 2.031319e-02 0.000000e+00
