0.000000e+00 9.375934e-02 9.230282e-02 9.344893e-02 9.421777e-02 8.700467e-02 8.425747e-02 8.266980e-02 8.497468e-02 8.583159e-02
9.375934e-02 0.000000e+00 9.255963e-02 9.337917e-02 9.349479e-02 8.610955e-02 8.503632e-02 8.322353e-02 8.580269e-02 8.661129e-02
9.230282e-02 9.255963e-02 0.000000e+00 9.022089e-02 9.301804e-02 8.580494e-02 8.392383e-02 8.211111e-02 8.489650e-02 8.549873e-02
9.344893e-02 9.337917e-02 9.022089e-02 0.000000e+00 9.383759e-02 8.662448e-02 8.474334e-02 8.224302e-02 8.571598e-02 8.631825e-02
9.421777e-02 9.349479e-02 9.301804e-02 9.383759e-02 0.000000e+00 8.569535e-02 8.411276e-02 8.202599e-02 8.343976e-02 8.706963e-02
8.700467e-02 8.610955e-02 8.580494e-02 8.662448e-02 8.569535e-02 0.000000e+00 6.619701e-02 6.744018e-02 6.509305e-02 6.769085e-02
8.425747e-02 8.503632e-02 8.392383e-02 8.474334e-02 8.411276e-02 6.619701e-02 0.000000e+00 6.308114e-02 6.412117e-02 6.627073e-02
8.266980e-02 8.322353e-02 8.211111e-02 8.224302e-02 8.202599e-02 6.744018e-02 6.308114e-02 0.000000e+00 6.143630e-02 6.089387e-02
8.497468e-02 8.580269e-02 8.489650e-02 8.571598e-02 8.343976e-02 6.509305e-02 6.412117e-02 6.143630e-02 0.000000e+00 6.727636e-02
8.583159e-02 8.661129e-02 8.549873e-02 8.631825e-02 8.706963e-02 6.769085e-02 6.627073e-02 6.089387e-02 6.727636e-02 0.000000e+00
