0.000000e+00 1.090973e-02 1.073248e-02 1.131217e-02 1.150875e-02 1.122231e-02 1.097951e-02 1.104550e-02 1.101235e-02 1.094756e-02
1.090973e-02 0.000000e+00 1.050793e-02 1.109641e-02 1.129525e-02 1.091692e-02 1.087519e-02 1.083032e-02 1.080035e-02 1.084579e-02
1.073248e-02 1.050793e-02 0.000000e+00 1.087771e-02 1.112864e-02 1.083148e-02 1.069871e-02 1.066201e-02 1.062467e-02 1.067052e-02
1.131217e-02 1.109641e-02 1.087771e-02 0.000000e+00 1.170670e-02 1.141287e-02 1.127864e-02 1.120693e-02 1.120278e-02 1.124889e-02
1.150875e-02 1.129525e-02 1.112864e-02 1.170670e-02 0.000000e+00 1.142973e-02 1.136396e-02 1.126044e-02 1.114156e-02 1.145749e-02
1.122231e-02 1.091692e-02 1.083148e-02 1.141287e-02 1.142973e-02 0.000000e+00 1.006222e-02 1.055198e-02 9.773714e-03 1.027372e-02
1.097951e-02 1.087519e-02 1.069871e-02 1.127864e-02 1.136396e-02 1.006222e-02 0.000000e+00 9.974104e-03 9.846168e-03 1.005077e-02
1.104550e-02 1.083032e-02 1.066201e-02 1.120693e-02 1.126044e-02 1.055198e-02 9.974104e-03 0.000000e+00 9.646915e-03 9.622350e-03
1.101235e-02 1.080035e-02 1.062467e-02 1.120278e-02 1.114156e-02 9.773714e-03 9.846168e-03 9.646915e-03 0.000000e+00 1.035183e-02
1.094756e-02 1.084579e-02 1.067052e-02 1.124889e-02 1.145749e-02 1.027372e-02 1.005077e-02 9.622350e-03 1.035183e-02 0.000000e+00
