0.000000e+00 2.672295e-02 2.636149e-02 2.669969e-02 2.691627e-02 2.537948e-02 2.487064e-02 2.427137e-02 2.462878e-02 2.491224e-02
2.672295e-02 0.000000e+00 2.608973e-02 2.642552e-02 2.650678e-02 2.488686e-02 2.484121e-02 2.413484e-02 2.455731e-02 2.488318e-02
2.636149e-02 2.608973e-02 0.000000e+00 2.572431e-02 2.628148e-02 2.474625e-02 2.447979e-02 2.377345e-02 2.419593e-02 2.452176e-02
2.669969e-02 2.642552e-02 2.572431e-02 0.000000e+00 2.662043e-02 2.508447e-02 2.481800e-02 2.394808e-02 2.453412e-02 2.485997e-02
2.691627e-02 2.650678e-02 2.628148e-02 2.662043e-02 0.000000e+00 2.483475e-02 2.471408e-02 2.387737e-02 2.399240e-02 2.507649e-02
2.537948e-02 2.488686e-02 2.474625e-02 2.508447e-02 2.483475e-02 0.000000e+00 2.042367e-02 2.066636e-02 1.957416e-02 2.056040e-02
2.487064e-02 2.484121e-02 2.447979e-02 2.481800e-02 2.471408e-02 2.042367e-02 0.000000e+00 1.957328e-02 1.953925e-02 2.037438e-02
2.427137e-02 2.413484e-02 2.377345e-02 2.394808e-02 2.387737e-02 2.066636e-02 1.957328e-02 0.000000e+00 1.867585e-02 1.861108e-02
2.462878e-02 2.455731e-02 2.419593e-02 2.453412e-02 2.399240e-02 1.957416e-02 1.953925e-02 1.867585e-02 0.000000e+00 2.031271e-02
2.491224e-02 2.488318e-02 2.452176e-02 2.485997e-02 2.507649e-02 2.056040e-02 2.037438e-02 1.861108e-02 2.031271e-02 0.000000e+00
