0.000000e+00 1.699606e-01 1.673770e-01 1.697497e-01 1.712309e-01 1.616292e-01 1.583831e-01 1.545627e-01 1.568192e-01 1.585061e-01
1.699606e-01 0.000000e+00 1.655274e-01 1.678974e-01 1.684935e-01 1.583668e-01 1.580830e-01 1.535776e-01 1.562504e-01 1.582084e-01
1.673770e-01 1.655274e-01 0.000000e+00 1.631882e-01 1.667959e-01 1.571960e-01 1.554998e-01 1.509946e-01 1.536674e-01 1.556251e-01
1.697497e-01 1.678974e-01 1.631882e-01 0.000000e+00 1.691696e-01 1.595688e-01 1.578725e-01 1.523210e-01 1.560400e-01 1.579979e-01
1.712309e-01 1.684935e-01 1.667959e-01 1.691696e-01 0.000000e+00 1.580680e-01 1.573045e-01 1.519652e-01 1.526762e-01 1.594787e-01
1.616292e-01 1.583668e-01 1.571960e-01 1.595688e-01 1.580680e-01 0.000000e+00 1.301521e-01 1.317174e-01 1.247456e-01 1.309269e-01
1.583831e-01 1.580830e-01 1.554998e-01 1.578725e-01 1.573045e-01 1.301521e-01 0.000000e+00 1.247681e-01 1.245208e-01 1.297359e-01
1.545627e-01 1.535776e-01 1.509946e-01 1.523210e-01 1.519652e-01 1.317174e-01 1.247681e-01 0.000000e+00 1.190111e-01 1.184699e-01
1.568192e-01 1.562504e-01 1.536674e-01 1.560400e-01 1.526762e-01 1.247456e-01 1.245208e-01 1.190111e-01 0.000000e+00 1.293679e-01
1.585061e-01 1.582084e-01 1.556251e-01 1.579979e-01 1.594787e-01 1.309269e-01 1.297359e-01 1.184699e-01 1.293679e-01 0.000000e+00
