0.000000e+00 8.473173e-02 8.347700e-02 8.463341e-02 8.535872e-02 8.055488e-02 7.893982e-02 7.703560e-02 7.816263e-02 7.901657e-02
8.473173e-02 0.000000e+00 8.256922e-02 8.372294e-02 8.401064e-02 7.894531e-02 7.880199e-02 7.655747e-02 7.789124e-02 7.887993e-02
8.347700e-02 8.256922e-02 0.000000e+00 8.140664e-02 8.319442e-02 7.839233e-02 7.754742e-02 7.530300e-02 7.663681e-02 7.762533e-02
8.463341e-02 8.372294e-02 8.140664e-02 0.000000e+00 8.435172e-02 7.954881e-02 7.870385e-02 7.593968e-02 7.779315e-02 7.878178e-02
8.535872e-02 8.401064e-02 8.319442e-02 8.435172e-02 0.000000e+00 7.879244e-02 7.841078e-02 7.575206e-02 7.610897e-02 7.950688e-02
8.055488e-02 7.894531e-02 7.839233e-02 7.954881e-02 7.879244e-02 0.000000e+00 6.488077e-02 6.565183e-02 6.218944e-02 6.527632e-02
7.893982e-02 7.880199e-02 7.754742e-02 7.870385e-02 7.841078e-02 6.488077e-02 0.000000e+00 6.219293e-02 6.207625e-02 6.468299e-02
7.703560e-02 7.655747e-02 7.530300e-02 7.593968e-02 7.575206e-02 6.565183e-02 6.219293e-02 0.000000e+00 5.933281e-02 5.908014e-02
7.816263e-02 7.789124e-02 7.663681e-02 7.779315e-02 7.610897e-02 6.218944e-02 6.207625e-02 5.933281e-02 0.000000e+00 6.449498e-02
7.901657e-02 7.887993e-02 7.762533e-02 7.878178e-02 7.950688e-02 6.527632e-02 6.468299e-02 5.908014e-02 6.449498e-02 0.000000e+00
