0.000000e+00 6.680477e-02 6.571779e-02 6.951131e-02 7.077326e-02 6.928228e-02 6.771138e-02 6.822467e-02 6.806049e-02 6.749972e-02
6.680477e-02 0.000000e+00 6.446044e-02 6.831156e-02 6.958082e-02 6.751246e-02 6.719666e-02 6.702542e-02 6.686491e-02 6.698796e-02
6.571779e-02 6.446044e-02 0.000000e+00 6.696453e-02 6.854815e-02 6.699790e-02 6.611040e-02 6.594860e-02 6.577970e-02 6.590298e-02
6.951131e-02 6.831156e-02 6.696453e-02 0.000000e+00 7.234019e-02 7.079362e-02 6.990430e-02 6.953242e-02 6.957131e-02 6.969524e-02
7.077326e-02 6.958082e-02 6.854815e-02 7.234019e-02 0.000000e+00 7.092247e-02 7.047434e-02 6.990224e-02 6.922203e-02 7.101839e-02
6.928228e-02 6.751246e-02 6.699790e-02 7.079362e-02 7.092247e-02 0.000000e+00 6.268468e-02 6.581231e-02 6.099087e-02 6.399354e-02
6.771138e-02 6.719666e-02 6.611040e-02 6.990430e-02 7.047434e-02 6.268468e-02 0.000000e+00 6.221434e-02 6.139465e-02 6.264250e-02
6.822467e-02 6.702542e-02 6.594860e-02 6.953242e-02 6.990224e-02 6.581231e-02 6.221434e-02 0.000000e+00 6.024849e-02 5.998938e-02
6.806049e-02 6.686491e-02 6.577970e-02 6.957131e-02 6.922203e-02 6.099087e-02 6.139465e-02 6.024849e-02 0.000000e+00 6.454506e-02
6.749972e-02 6.698796e-02 6.590298e-02 6.969524e-02 7.101839e-02 6.399354e-02 6.264250e-02 5.998938e-02 6.454506e-02 0.000000e+00
