0.000000e+00 2.234710e-02 2.198368e-02 2.321645e-02 2.362996e-02 2.309138e-02 2.257870e-02 2.273410e-02 2.267319e-02 2.251014e-02
2.234710e-02 0.000000e+00 2.154527e-02 2.279684e-02 2.321379e-02 2.248439e-02 2.238776e-02 2.231504e-02 2.225770e-02 2.232211e-02
2.198368e-02 2.154527e-02 0.000000e+00 2.234737e-02 2.287007e-02 2.231085e-02 2.202514e-02 2.196168e-02 2.189598e-02 2.196079e-02
2.321645e-02 2.279684e-02 2.234737e-02 0.000000e+00 2.410113e-02 2.354556e-02 2.325820e-02 2.312388e-02 2.312701e-02 2.319218e-02
2.362996e-02 2.321379e-02 2.287007e-02 2.410113e-02 0.000000e+00 2.358509e-02 2.344194e-02 2.324146e-02 2.300652e-02 2.362808e-02
2.309138e-02 2.248439e-02 2.231085e-02 2.354556e-02 2.358509e-02 0.000000e+00 2.080904e-02 2.183592e-02 2.023161e-02 2.124463e-02
2.257870e-02 2.238776e-02 2.202514e-02 2.325820e-02 2.344194e-02 2.080904e-02 0.000000e+00 2.064128e-02 2.037246e-02 2.079037e-02
2.273410e-02 2.231504e-02 2.196168e-02 2.312388e-02 2.324146e-02 2.183592e-02 2.064128e-02 0.000000e+00 1.997813e-02 1.990762e-02
2.267319e-02 2.225770e-02 2.189598e-02 2.312701e-02 2.300652e-02 2.023161e-02 2.037246e-02 1.997813e-02 0.000000e+00 2.141805e-02
2.251014e-02 2.232211e-02 2.196079e-02 2.319218e-02 2.362808e-02 2.124463e-02 2.079037e-02 1.990762e-02 2.141805e-02 0.000000e+00
