0.000000e+00 3.578363e-02 3.521271e-02 3.567942e-02 3.600736e-02 3.351114e-02 3.257027e-02 3.185813e-02 3.258709e-02 3.298327e-02
3.578363e-02 0.000000e+00 3.518513e-02 3.556988e-02 3.567647e-02 3.309820e-02 3.278852e-02 3.196903e-02 3.282880e-02 3.320190e-02
3.521271e-02 3.518513e-02 0.000000e+00 3.443331e-02 3.540886e-02 3.291264e-02 3.229964e-02 3.148018e-02 3.235634e-02 3.271301e-02
3.567942e-02 3.556988e-02 3.443331e-02 0.000000e+00 3.579361e-02 3.329739e-02 3.268438e-02 3.161897e-02 3.274106e-02 3.309775e-02
3.600736e-02 3.567647e-02 3.540886e-02 3.579361e-02 0.000000e+00 3.299102e-02 3.252233e-02 3.157217e-02 3.196815e-02 3.342561e-02
3.351114e-02 3.309820e-02 3.291264e-02 3.329739e-02 3.299102e-02 0.000000e+00 2.612256e-02 2.653164e-02 2.536182e-02 2.651857e-02
3.257027e-02 3.278852e-02 3.229964e-02 3.268438e-02 3.252233e-02 2.612256e-02 0.000000e+00 2.493327e-02 2.506397e-02 2.607157e-02
3.185813e-02 3.196903e-02 3.148018e-02 3.161897e-02 3.157217e-02 2.653164e-02 2.493327e-02 0.000000e+00 2.401191e-02 2.384735e-02
3.258709e-02 3.282880e-02 3.235634e-02 3.274106e-02 3.196815e-02 2.536182e-02 2.506397e-02 2.401191e-02 0.000000e+00 2.620025e-02
3.298327e-02 3.320190e-02 3.271301e-02 3.309775e-02 3.342561e-02 2.651857e-02 2.607157e-02 2.384735e-02 2.620025e-02 0.000000e+00
