0.000000e+00 2.679423e-02 2.643152e-02 2.677096e-02 2.698872e-02 2.544679e-02 2.493569e-02 2.433508e-02 2.469335e-02 2.497777e-02
2.679423e-02 0.000000e+00 2.615885e-02 2.649586e-02 2.657754e-02 2.495201e-02 2.490664e-02 2.419833e-02 2.462204e-02 2.494909e-02
2.643152e-02 2.615885e-02 0.000000e+00 2.579155e-02 2.635176e-02 2.481139e-02 2.454397e-02 2.383569e-02 2.425941e-02 2.458642e-02
2.677096e-02 2.649586e-02 2.579155e-02 0.000000e+00 2.669194e-02 2.515085e-02 2.488341e-02 2.401063e-02 2.459883e-02 2.492586e-02
2.698872e-02 2.657754e-02 2.635176e-02 2.669194e-02 0.000000e+00 2.489980e-02 2.477902e-02 2.393961e-02 2.405489e-02 2.514357e-02
2.544679e-02 2.495201e-02 2.481139e-02 2.515085e-02 2.489980e-02 0.000000e+00 2.046823e-02 2.071435e-02 1.961493e-02 2.060600e-02
2.493569e-02 2.490664e-02 2.454397e-02 2.488341e-02 2.477902e-02 2.046823e-02 0.000000e+00 1.961589e-02 1.958049e-02 2.041965e-02
2.433508e-02 2.419833e-02 2.383569e-02 2.401063e-02 2.393961e-02 2.071435e-02 1.961589e-02 0.000000e+00 1.871428e-02 1.864845e-02
2.469335e-02 2.462204e-02 2.425941e-02 2.459883e-02 2.405489e-02 1.961493e-02 1.958049e-02 1.871428e-02 0.000000e+00 2.035851e-02
2.497777e-02 2.494909e-02 2.458642e-02 2.492586e-02 2.514357e-02 2.060600e-02 2.041965e-02 1.864845e-02 2.035851e-02 0.000000e+00
