0.000000e+00 9.378513e-02 9.232808e-02 9.347460e-02 9.424384e-02 8.702838e-02 8.428013e-02 8.269208e-02 8.499753e-02 8.585470e-02
9.378513e-02 0.000000e+00 9.258514e-02 9.340489e-02 9.352052e-02 8.613283e-02 8.505949e-02 8.324618e-02 8.582607e-02 8.663491e-02
9.232808e-02 9.258514e-02 0.000000e+00 9.024508e-02 9.304382e-02 8.582837e-02 8.394668e-02 8.213344e-02 8.491969e-02 8.552203e-02
9.347460e-02 9.340489e-02 9.024508e-02 0.000000e+00 9.386359e-02 8.664812e-02 8.476640e-02 8.226516e-02 8.573938e-02 8.634177e-02
9.424384e-02 9.352052e-02 9.304382e-02 9.386359e-02 0.000000e+00 8.571844e-02 8.413546e-02 8.204801e-02 8.346209e-02 8.709353e-02
8.702838e-02 8.613283e-02 8.582837e-02 8.664812e-02 8.571844e-02 0.000000e+00 6.621127e-02 6.745572e-02 6.510647e-02 6.770554e-02
8.428013e-02 8.505949e-02 8.394668e-02 8.476640e-02 8.413546e-02 6.621127e-02 0.000000e+00 6.309475e-02 6.413460e-02 6.628517e-02
8.269208e-02 8.324618e-02 8.213344e-02 8.226516e-02 8.204801e-02 6.745572e-02 6.309475e-02 0.000000e+00 6.144872e-02 6.090571e-02
8.499753e-02 8.582607e-02 8.491969e-02 8.573938e-02 8.346209e-02 6.510647e-02 6.413460e-02 6.144872e-02 0.000000e+00 6.729117e-02
8.585470e-02 8.663491e-02 8.552203e-02 8.634177e-02 8.709353e-02 6.770554e-02 6.628517e-02 6.090571e-02 6.729117e-02 0.000000e+00
