0.000000e+00 3.363398e-02 3.308353e-02 3.497004e-02 3.559981e-02 3.481838e-02 3.403488e-02 3.428093e-02 3.419511e-02 3.393161e-02
3.363398e-02 0.000000e+00 3.243637e-02 3.435154e-02 3.498569e-02 3.391453e-02 3.376193e-02 3.366295e-02 3.358079e-02 3.366162e-02
3.308353e-02 3.243637e-02 0.000000e+00 3.367048e-02 3.446385e-02 3.365195e-02 3.321227e-02 3.312276e-02 3.303209e-02 3.311328e-02
3.497004e-02 3.435154e-02 3.367048e-02 0.000000e+00 3.634868e-02 3.554048e-02 3.509910e-02 3.490304e-02 3.491679e-02 3.499841e-02
3.559981e-02 3.498569e-02 3.446385e-02 3.634868e-02 0.000000e+00 3.560199e-02 3.538081e-02 3.508421e-02 3.473787e-02 3.566050e-02
3.481838e-02 3.391453e-02 3.365195e-02 3.554048e-02 3.560199e-02 0.000000e+00 3.142842e-02 3.299241e-02 3.056585e-02 3.208953e-02
3.403488e-02 3.376193e-02 3.321227e-02 3.509910e-02 3.538081e-02 3.142842e-02 0.000000e+00 3.118240e-02 3.077422e-02 3.140554e-02
3.428093e-02 3.366295e-02 3.312276e-02 3.490304e-02 3.508421e-02 3.299241e-02 3.118240e-02 0.000000e+00 3.018629e-02 3.006872e-02
3.419511e-02 3.358079e-02 3.303209e-02 3.491679e-02 3.473787e-02 3.056585e-02 3.077422e-02 3.018629e-02 0.000000e+00 3.236063e-02
3.393161e-02 3.366162e-02 3.311328e-02 3.499841e-02 3.566050e-02 3.208953e-02 3.140554e-02 3.006872e-02 3.236063e-02 0.000000e+00
