0.000000e+00 4.465889e-02 4.393186e-02 4.645002e-02 4.728939e-02 4.627234e-02 4.522839e-02 4.556324e-02 4.545062e-02 4.508825e-02
4.465889e-02 0.000000e+00 4.308218e-02 4.563861e-02 4.648337e-02 4.508141e-02 4.487481e-02 4.475235e-02 4.464339e-02 4.473763e-02
4.393186e-02 4.308218e-02 0.000000e+00 4.473817e-02 4.579344e-02 4.473636e-02 4.414856e-02 4.403552e-02 4.391811e-02 4.401267e-02
4.645002e-02 4.563861e-02 4.473817e-02 0.000000e+00 4.830999e-02 4.725659e-02 4.666705e-02 4.641323e-02 4.643443e-02 4.652949e-02
4.728939e-02 4.648337e-02 4.579344e-02 4.830999e-02 0.000000e+00 4.734084e-02 4.704460e-02 4.665730e-02 4.619905e-02 4.741076e-02
4.627234e-02 4.508141e-02 4.473636e-02 4.725659e-02 4.734084e-02 0.000000e+00 4.182204e-02 4.390358e-02 4.068401e-02 4.269640e-02
4.522839e-02 4.487481e-02 4.414856e-02 4.666705e-02 4.704460e-02 4.182204e-02 0.000000e+00 4.150213e-02 4.095695e-02 4.179175e-02
4.556324e-02 4.475235e-02 4.403552e-02 4.641323e-02 4.665730e-02 4.390358e-02 4.150213e-02 0.000000e+00 4.018485e-02 4.001993e-02
4.545062e-02 4.464339e-02 4.391811e-02 4.643443e-02 4.619905e-02 4.068401e-02 4.095695e-02 4.018485e-02 0.000000e+00 4.305971e-02
4.508825e-02 4.473763e-02 4.401267e-02 4.652949e-02 4.741076e-02 4.269640e-02 4.179175e-02 4.001993e-02 4.305971e-02 0.000000e+00
