0.000000e+00 5.626083e-02 5.544757e-02 5.620010e-02 5.667585e-02 5.347107e-02 5.239708e-02 5.113399e-02 5.188328e-02 5.245930e-02
5.626083e-02 0.000000e+00 5.485297e-02 5.560280e-02 5.578867e-02 5.240938e-02 5.231477e-02 5.082522e-02 5.171212e-02 5.237778e-02
5.544757e-02 5.485297e-02 0.000000e+00 5.407970e-02 5.526621e-02 5.206318e-02 5.150161e-02 5.001212e-02 5.089905e-02 5.156460e-02
5.620010e-02 5.560280e-02 5.407970e-02 0.000000e+00 5.601959e-02 5.281575e-02 5.225415e-02 5.041873e-02 5.165153e-02 5.231715e-02
5.667585e-02 5.578867e-02 5.526621e-02 5.601959e-02 0.000000e+00 5.230560e-02 5.205240e-02 5.028715e-02 5.052546e-02 5.279276e-02
5.347107e-02 5.240938e-02 5.206318e-02 5.281575e-02 5.230560e-02 0.000000e+00 4.303604e-02 4.355357e-02 4.124536e-02 4.330732e-02
5.239708e-02 5.231477e-02 5.150161e-02 5.225415e-02 5.205240e-02 4.303604e-02 0.000000e+00 4.125035e-02 4.117184e-02 4.291434e-02
5.113399e-02 5.082522e-02 5.001212e-02 5.041873e-02 5.028715e-02 4.355357e-02 4.125035e-02 0.000000e+00 3.935026e-02 3.918963e-02
5.188328e-02 5.171212e-02 5.089905e-02 5.165153e-02 5.052546e-02 4.124536e-02 4.117184e-02 3.935026e-02 0.000000e+00 4.278950e-02
5.245930e-02 5.237778e-02 5.156460e-02 5.231715e-02 5.279276e-02 4.330732e-02 4.291434e-02 3.918963e-02 4.278950e-02 0.000000e+00
