0.000000e+00 1.708934e-02 1.677501e-02 1.725539e-02 1.746882e-02 1.669779e-02 1.639835e-02 1.616151e-02 1.628555e-02 1.632359e-02
1.708934e-02 0.000000e+00 1.652195e-02 1.699857e-02 1.715779e-02 1.629734e-02 1.630584e-02 1.595285e-02 1.606777e-02 1.623145e-02
1.677501e-02 1.652195e-02 0.000000e+00 1.658347e-02 1.690050e-02 1.612402e-02 1.599194e-02 1.564727e-02 1.575448e-02 1.591754e-02
1.725539e-02 1.699857e-02 1.658347e-02 0.000000e+00 1.737899e-02 1.660354e-02 1.647111e-02 1.604407e-02 1.623362e-02 1.639705e-02
1.746882e-02 1.715779e-02 1.690050e-02 1.737899e-02 0.000000e+00 1.651378e-02 1.651355e-02 1.605424e-02 1.602563e-02 1.660901e-02
1.669779e-02 1.629734e-02 1.612402e-02 1.660354e-02 1.651378e-02 0.000000e+00 1.411531e-02 1.446992e-02 1.354332e-02 1.423731e-02
1.639835e-02 1.630584e-02 1.599194e-02 1.647111e-02 1.651355e-02 1.411531e-02 0.000000e+00 1.370798e-02 1.363687e-02 1.407857e-02
1.616151e-02 1.595285e-02 1.564727e-02 1.604407e-02 1.605424e-02 1.446992e-02 1.370798e-02 0.000000e+00 1.306952e-02 1.309379e-02
1.628555e-02 1.606777e-02 1.575448e-02 1.623362e-02 1.602563e-02 1.354332e-02 1.363687e-02 1.306952e-02 0.000000e+00 1.420696e-02
1.632359e-02 1.623145e-02 1.591754e-02 1.639705e-02 1.660901e-02 1.423731e-02 1.407857e-02 1.309379e-02 1.420696e-02 0.000000e+00
