0.000000e+00 1.905873e-03 1.875270e-03 1.963835e-03 1.995190e-03 1.933956e-03 1.894899e-03 1.901095e-03 1.893877e-03 1.890531e-03
1.905873e-03 0.000000e+00 1.831353e-03 1.920953e-03 1.952834e-03 1.876057e-03 1.871561e-03 1.858725e-03 1.852863e-03 1.868207e-03
1.875270e-03 1.831353e-03 0.000000e+00 1.883394e-03 1.924957e-03 1.861174e-03 1.841454e-03 1.831907e-03 1.823148e-03 1.838719e-03
1.963835e-03 1.920953e-03 1.883394e-03 0.000000e+00 2.012604e-03 1.950507e-03 1.930075e-03 1.913997e-03 1.910835e-03 1.926530e-03
1.995190e-03 1.952834e-03 1.924957e-03 2.012604e-03 0.000000e+00 1.951458e-03 1.942184e-03 1.920815e-03 1.898409e-03 1.960273e-03
1.933956e-03 1.876057e-03 1.861174e-03 1.950507e-03 1.951458e-03 0.000000e+00 1.706544e-03 1.786133e-03 1.652506e-03 1.743270e-03
1.894899e-03 1.871561e-03 1.841454e-03 1.930075e-03 1.942184e-03 1.706544e-03 0.000000e+00 1.688093e-03 1.667540e-03 1.704291e-03
1.901095e-03 1.858725e-03 1.831907e-03 1.913997e-03 1.920815e-03 1.786133e-03 1.688093e-03 0.000000e+00 1.628913e-03 1.630242e-03
1.893877e-03 1.852863e-03 1.823148e-03 1.910835e-03 1.898409e-03 1.652506e-03 1.667540e-03 1.628913e-03 0.000000e+00 1.753510e-03
1.890531e-03 1.868207e-03 1.838719e-03 1.926530e-03 1.960273e-03 1.743270e-03 1.704291e-03 1.630242e-03 1.753510e-03 0.000000e+00
