0.000000e+00 2.277728e-01 2.239071e-01 2.269314e-01 2.292077e-01 2.133528e-01 2.073684e-01 2.028330e-01 2.074740e-01 2.099975e-01
2.277728e-01 0.000000e+00 2.236865e-01 2.261904e-01 2.270612e-01 2.106852e-01 2.087092e-01 2.034921e-01 2.089637e-01 2.113408e-01
2.239071e-01 2.236865e-01 0.000000e+00 2.187332e-01 2.251214e-01 2.092664e-01 2.053646e-01 2.001477e-01 2.057234e-01 2.079960e-01
2.269314e-01 2.261904e-01 2.187332e-01 0.000000e+00 2.276253e-01 2.117704e-01 2.078684e-01 2.010900e-01 2.082271e-01 2.104999e-01
2.292077e-01 2.270612e-01 2.251214e-01 2.276253e-01 0.000000e+00 2.100180e-01 2.070321e-01 2.009854e-01 2.035066e-01 2.127755e-01
2.133528e-01 2.106852e-01 2.092664e-01 2.117704e-01 2.100180e-01 0.000000e+00 1.663882e-01 1.689718e-01 1.615559e-01 1.689089e-01
2.073684e-01 2.087092e-01 2.053646e-01 2.078684e-01 2.070321e-01 1.663882e-01 0.000000e+00 1.588115e-01 1.596541e-01 1.660599e-01
2.028330e-01 2.034921e-01 2.001477e-01 2.010900e-01 2.009854e-01 1.689718e-01 1.588115e-01 0.000000e+00 1.529602e-01 1.519234e-01
2.074740e-01 2.089637e-01 2.057234e-01 2.082271e-01 2.035066e-01 1.615559e-01 1.596541e-01 1.529602e-01 0.000000e+00 1.668757e-01
2.099975e-01 2.113408e-01 2.079960e-01 2.104999e-01 2.127755e-01 1.689089e-01 1.660599e-01 1.519234e-01 1.668757e-01 0.000000e+00
