0.000000e+00 5.504897e-03 5.425835e-03 5.495537e-03 5.538800e-03 5.153969e-03 5.009520e-03 4.899982e-03 5.012219e-03 5.072996e-03
5.504897e-03 0.000000e+00 5.422928e-03 5.480060e-03 5.489382e-03 5.091978e-03 5.044334e-03 4.918336e-03 5.050628e-03 5.107868e-03
5.425835e-03 5.422928e-03 0.000000e+00 5.314259e-03 5.456830e-03 5.072000e-03 4.977845e-03 4.851848e-03 4.986655e-03 5.041378e-03
5.495537e-03 5.480060e-03 5.314259e-03 0.000000e+00 5.513963e-03 5.129132e-03 5.034976e-03 4.871266e-03 5.043786e-03 5.098510e-03
5.538800e-03 5.489382e-03 5.456830e-03 5.513963e-03 0.000000e+00 5.075117e-03 5.003084e-03 4.857051e-03 4.918073e-03 5.141771e-03
5.153969e-03 5.091978e-03 5.072000e-03 5.129132e-03 5.075117e-03 0.000000e+00 4.019600e-03 4.081982e-03 3.903007e-03 4.080460e-03
5.009520e-03 5.044334e-03 4.977845e-03 5.034976e-03 5.003084e-03 4.019600e-03 0.000000e+00 3.836655e-03 3.857125e-03 4.011710e-03
4.899982e-03 4.918336e-03 4.851848e-03 4.871266e-03 4.857051e-03 4.081982e-03 3.836655e-03 0.000000e+00 3.695447e-03 3.670296e-03
5.012219e-03 5.050628e-03 4.986655e-03 5.043786e-03 4.918073e-03 3.903007e-03 3.857125e-03 3.695447e-03 0.000000e+00 4.031526e-03
5.072996e-03 5.107868e-03 5.041378e-03 5.098510e-03 5.141771e-03 4.080460e-03 4.011710e-03 3.670296e-03 4.031526e-03 0.000000e+00
