0.000000e+00 7.526572e-02 7.402279e-02 7.501395e-02 7.573774e-02 7.049485e-02 6.851778e-02 6.701919e-02 6.855273e-02 6.938644e-02
7.526572e-02 0.000000e+00 7.395619e-02 7.477544e-02 7.503499e-02 6.961999e-02 6.896698e-02 6.724321e-02 6.905110e-02 6.983647e-02
7.402279e-02 7.395619e-02 0.000000e+00 7.234616e-02 7.442820e-02 6.918531e-02 6.789616e-02 6.617246e-02 6.801473e-02 6.876560e-02
7.501395e-02 7.477544e-02 7.234616e-02 0.000000e+00 7.524746e-02 7.000456e-02 6.871539e-02 6.647586e-02 6.883391e-02 6.958484e-02
7.573774e-02 7.503499e-02 7.442820e-02 7.524746e-02 0.000000e+00 6.939760e-02 6.841101e-02 6.641319e-02 6.724631e-02 7.030843e-02
7.049485e-02 6.961999e-02 6.918531e-02 7.000456e-02 6.939760e-02 0.000000e+00 5.497971e-02 5.583265e-02 5.338347e-02 5.581252e-02
6.851778e-02 6.896698e-02 6.789616e-02 6.871539e-02 6.841101e-02 5.497971e-02 0.000000e+00 5.247611e-02 5.275493e-02 5.487111e-02
6.701919e-02 6.724321e-02 6.617246e-02 6.647586e-02 6.641319e-02 5.583265e-02 5.247611e-02 0.000000e+00 5.054334e-02 5.020106e-02
6.855273e-02 6.905110e-02 6.801473e-02 6.883391e-02 6.724631e-02 5.338347e-02 5.275493e-02 5.054334e-02 0.000000e+00 5.514063e-02
6.938644e-02 6.983647e-02 6.876560e-02 6.958484e-02 7.030843e-02 5.581252e-02 5.487111e-02 5.020106e-02 5.514063e-02 0.000000e+00
