0.000000e+00 1.111213e-02 1.092409e-02 1.152321e-02 1.172531e-02 1.143166e-02 1.117918e-02 1.124611e-02 1.121528e-02 1.115037e-02
1.111213e-02 0.000000e+00 1.069403e-02 1.130207e-02 1.150633e-02 1.111732e-02 1.107385e-02 1.102559e-02 1.099809e-02 1.104771e-02
1.092409e-02 1.069403e-02 0.000000e+00 1.107093e-02 1.132938e-02 1.102477e-02 1.088662e-02 1.084691e-02 1.081170e-02 1.086175e-02
1.152321e-02 1.130207e-02 1.107093e-02 0.000000e+00 1.192678e-02 1.162566e-02 1.148598e-02 1.140984e-02 1.140915e-02 1.145947e-02
1.172531e-02 1.150633e-02 1.132938e-02 1.192678e-02 0.000000e+00 1.164111e-02 1.157261e-02 1.146322e-02 1.134629e-02 1.167389e-02
1.143166e-02 1.111732e-02 1.102477e-02 1.162566e-02 1.164111e-02 0.000000e+00 1.022392e-02 1.073154e-02 9.926269e-03 1.044805e-02
1.117918e-02 1.107385e-02 1.088662e-02 1.148598e-02 1.157261e-02 1.022392e-02 0.000000e+00 1.013116e-02 1.000171e-02 1.021647e-02
1.124611e-02 1.102559e-02 1.084691e-02 1.140984e-02 1.146322e-02 1.073154e-02 1.013116e-02 0.000000e+00 9.792683e-03 9.769573e-03
1.121528e-02 1.099809e-02 1.081170e-02 1.140915e-02 1.134629e-02 9.926269e-03 1.000171e-02 9.792683e-03 0.000000e+00 1.053135e-02
1.115037e-02 1.104771e-02 1.086175e-02 1.145947e-02 1.167389e-02 1.044805e-02 1.021647e-02 9.769573e-03 1.053135e-02 0.000000e+00
