0.000000e+00 5.348579e-02 5.243166e-02 5.403195e-02 5.476216e-02 5.238199e-02 5.144352e-02 5.070296e-02 5.113357e-02 5.116526e-02
5.348579e-02 0.000000e+00 5.167646e-02 5.327250e-02 5.382463e-02 5.117610e-02 5.119124e-02 5.010046e-02 5.048703e-02 5.091417e-02
5.243166e-02 5.167646e-02 0.000000e+00 5.190421e-02 5.295177e-02 5.056513e-02 5.013762e-02 4.905665e-02 4.943417e-02 4.986053e-02
5.403195e-02 5.327250e-02 5.190421e-02 0.000000e+00 5.455007e-02 5.216456e-02 5.173659e-02 5.039557e-02 5.103301e-02 5.145989e-02
5.476216e-02 5.382463e-02 5.295177e-02 5.455007e-02 0.000000e+00 5.194056e-02 5.192929e-02 5.048637e-02 5.043522e-02 5.218844e-02
5.238199e-02 5.117610e-02 5.056513e-02 5.216456e-02 5.194056e-02 0.000000e+00 4.446241e-02 4.557670e-02 4.268755e-02 4.479291e-02
5.144352e-02 5.119124e-02 5.013762e-02 5.173659e-02 5.192929e-02 4.446241e-02 0.000000e+00 4.318008e-02 4.297652e-02 4.432039e-02
5.070296e-02 5.010046e-02 4.905665e-02 5.039557e-02 5.048637e-02 4.557670e-02 4.318008e-02 0.000000e+00 4.119292e-02 4.121153e-02
5.113357e-02 5.048703e-02 4.943417e-02 5.103301e-02 5.043522e-02 4.268755e-02 4.297652e-02 4.119292e-02 0.000000e+00 4.474051e-02
5.116526e-02 5.091417e-02 4.986053e-02 5.145989e-02 5.218844e-02 4.479291e-02 4.432039e-02 4.121153e-02 4.474051e-02 0.000000e+00
