0.000000e+00 2.277101e-01 2.238458e-01 2.268691e-01 2.291443e-01 2.132946e-01 2.073126e-01 2.027783e-01 2.074182e-01 2.099409e-01
2.277101e-01 0.000000e+00 2.236249e-01 2.261281e-01 2.269987e-01 2.106282e-01 2.086523e-01 2.034367e-01 2.089066e-01 2.112831e-01
2.238458e-01 2.236249e-01 0.000000e+00 2.186743e-01 2.250590e-01 2.092093e-01 2.053087e-01 2.000933e-01 2.056673e-01 2.079394e-01
2.268691e-01 2.261281e-01 2.186743e-01 0.000000e+00 2.275623e-01 2.117125e-01 2.078118e-01 2.010357e-01 2.081702e-01 2.104425e-01
2.291443e-01 2.269987e-01 2.250590e-01 2.275623e-01 0.000000e+00 2.099614e-01 2.069761e-01 2.009314e-01 2.034521e-01 2.127171e-01
2.132946e-01 2.106282e-01 2.092093e-01 2.117125e-01 2.099614e-01 0.000000e+00 1.663516e-01 1.689320e-01 1.615219e-01 1.688714e-01
2.073126e-01 2.086523e-01 2.053087e-01 2.078118e-01 2.069761e-01 1.663516e-01 0.000000e+00 1.587764e-01 1.596200e-01 1.660229e-01
2.027783e-01 2.034367e-01 2.000933e-01 2.010357e-01 2.009314e-01 1.689320e-01 1.587764e-01 0.000000e+00 1.529285e-01 1.518931e-01
2.074182e-01 2.089066e-01 2.056673e-01 2.081702e-01 2.034521e-01 1.615219e-01 1.596200e-01 1.529285e-01 0.000000e+00 1.668383e-01
2.099409e-01 2.112831e-01 2.079394e-01 2.104425e-01 2.127171e-01 1.688714e-01 1.660229e-01 1.518931e-01 1.668383e-01 0.000000e+00
