0.000000e+00 4.198200e-03 4.152069e-03 4.197756e-03 4.227472e-03 3.978725e-03 3.898989e-03 3.805248e-03 3.861997e-03 3.910636e-03
4.198200e-03 0.000000e+00 4.114442e-03 4.159064e-03 4.168729e-03 3.906548e-03 3.899280e-03 3.788784e-03 3.855711e-03 3.910986e-03
4.152069e-03 4.114442e-03 0.000000e+00 4.058198e-03 4.142987e-03 3.894967e-03 3.853150e-03 3.742656e-03 3.809585e-03 3.864855e-03
4.197756e-03 4.159064e-03 4.058198e-03 0.000000e+00 4.189041e-03 3.940655e-03 3.898838e-03 3.762751e-03 3.855271e-03 3.910543e-03
4.227472e-03 4.168729e-03 4.142987e-03 4.189041e-03 0.000000e+00 3.897424e-03 3.878420e-03 3.747530e-03 3.766355e-03 3.940259e-03
3.978725e-03 3.906548e-03 3.894967e-03 3.940655e-03 3.897424e-03 0.000000e+00 3.196642e-03 3.234631e-03 3.063043e-03 3.221660e-03
3.898989e-03 3.899280e-03 3.853150e-03 3.898838e-03 3.878420e-03 3.196642e-03 0.000000e+00 3.062328e-03 3.057815e-03 3.192793e-03
3.805248e-03 3.788784e-03 3.742656e-03 3.762751e-03 3.747530e-03 3.234631e-03 3.062328e-03 0.000000e+00 2.922742e-03 2.916926e-03
3.861997e-03 3.855711e-03 3.809585e-03 3.855271e-03 3.766355e-03 3.063043e-03 3.057815e-03 2.922742e-03 0.000000e+00 3.182459e-03
3.910636e-03 3.910986e-03 3.864855e-03 3.910543e-03 3.940259e-03 3.221660e-03 3.192793e-03 2.916926e-03 3.182459e-03 0.000000e+00
