0.000000e+00 3.559032e-02 3.490171e-02 3.595019e-02 3.642481e-02 3.483390e-02 3.420791e-02 3.371531e-02 3.399431e-02 3.403211e-02
3.559032e-02 0.000000e+00 3.439027e-02 3.543452e-02 3.579190e-02 3.401968e-02 3.403190e-02 3.330303e-02 3.355567e-02 3.385688e-02
3.490171e-02 3.439027e-02 0.000000e+00 3.453609e-02 3.522373e-02 3.362642e-02 3.334378e-02 3.262461e-02 3.286828e-02 3.316875e-02
3.595019e-02 3.543452e-02 3.453609e-02 0.000000e+00 3.627019e-02 3.467400e-02 3.439094e-02 3.349867e-02 3.391536e-02 3.421629e-02
3.642481e-02 3.579190e-02 3.522373e-02 3.627019e-02 0.000000e+00 3.451308e-02 3.450751e-02 3.354739e-02 3.350669e-02 3.468926e-02
3.483390e-02 3.401968e-02 3.362642e-02 3.467400e-02 3.451308e-02 0.000000e+00 2.952149e-02 3.026590e-02 2.833596e-02 2.975332e-02
3.420791e-02 3.403190e-02 3.334378e-02 3.439094e-02 3.450751e-02 2.952149e-02 0.000000e+00 2.866912e-02 2.852943e-02 2.943334e-02
3.371531e-02 3.330303e-02 3.262461e-02 3.349867e-02 3.354739e-02 3.026590e-02 2.866912e-02 0.000000e+00 2.734249e-02 2.736576e-02
3.399431e-02 3.355567e-02 3.286828e-02 3.391536e-02 3.350669e-02 2.833596e-02 2.852943e-02 2.734249e-02 0.000000e+00 2.971171e-02
3.403211e-02 3.385688e-02 3.316875e-02 3.421629e-02 3.468926e-02 2.975332e-02 2.943334e-02 2.736576e-02 2.971171e-02 0.000000e+00
