0.000000e+00 3.568862e-02 3.511946e-02 3.558466e-02 3.591124e-02 3.342291e-02 3.248566e-02 3.177518e-02 3.250239e-02 3.289747e-02
3.568862e-02 0.000000e+00 3.509147e-02 3.547517e-02 3.558165e-02 3.301173e-02 3.270223e-02 3.188499e-02 3.274227e-02 3.311443e-02
3.511946e-02 3.509147e-02 0.000000e+00 3.434355e-02 3.531409e-02 3.282575e-02 3.221465e-02 3.139744e-02 3.227102e-02 3.262683e-02
3.558466e-02 3.547517e-02 3.434355e-02 0.000000e+00 3.569778e-02 3.320944e-02 3.259833e-02 3.153657e-02 3.265469e-02 3.301052e-02
3.591124e-02 3.558165e-02 3.531409e-02 3.569778e-02 0.000000e+00 3.290513e-02 3.243747e-02 3.149031e-02 3.188543e-02 3.333702e-02
3.342291e-02 3.301173e-02 3.282575e-02 3.320944e-02 3.290513e-02 0.000000e+00 2.606699e-02 2.647137e-02 2.531033e-02 2.646181e-02
3.248566e-02 3.270223e-02 3.221465e-02 3.259833e-02 3.243747e-02 2.606699e-02 0.000000e+00 2.488009e-02 2.501240e-02 2.601555e-02
3.177518e-02 3.188499e-02 3.139744e-02 3.153657e-02 3.149031e-02 2.647137e-02 2.488009e-02 0.000000e+00 2.396386e-02 2.380146e-02
3.250239e-02 3.274227e-02 3.227102e-02 3.265469e-02 3.188543e-02 2.531033e-02 2.501240e-02 2.396386e-02 0.000000e+00 2.614345e-02
3.289747e-02 3.311443e-02 3.262683e-02 3.301052e-02 3.333702e-02 2.646181e-02 2.601555e-02 2.380146e-02 2.614345e-02 0.000000e+00
