0.000000e+00 7.528452e-02 7.404123e-02 7.503269e-02 7.575677e-02 7.051233e-02 6.853455e-02 6.703562e-02 6.856952e-02 6.940344e-02
7.528452e-02 0.000000e+00 7.397471e-02 7.479417e-02 7.505376e-02 6.963712e-02 6.898407e-02 6.725986e-02 6.906824e-02 6.985379e-02
7.404123e-02 7.397471e-02 0.000000e+00 7.236389e-02 7.444694e-02 6.920249e-02 6.791297e-02 6.618883e-02 6.803161e-02 6.878265e-02
7.503269e-02 7.479417e-02 7.236389e-02 0.000000e+00 7.526641e-02 7.002196e-02 6.873241e-02 6.649217e-02 6.885100e-02 6.960210e-02
7.575677e-02 7.505376e-02 7.444694e-02 7.526641e-02 0.000000e+00 6.941462e-02 6.842782e-02 6.642940e-02 6.726270e-02 7.032599e-02
7.051233e-02 6.963712e-02 6.920249e-02 7.002196e-02 6.941462e-02 0.000000e+00 5.499072e-02 5.584459e-02 5.339368e-02 5.582377e-02
6.853455e-02 6.898407e-02 6.791297e-02 6.873241e-02 6.842782e-02 5.499072e-02 0.000000e+00 5.248665e-02 5.276515e-02 5.488221e-02
6.703562e-02 6.725986e-02 6.618883e-02 6.649217e-02 6.642940e-02 5.584459e-02 5.248665e-02 0.000000e+00 5.055287e-02 5.021015e-02
6.856952e-02 6.906824e-02 6.803161e-02 6.885100e-02 6.726270e-02 5.339368e-02 5.276515e-02 5.055287e-02 0.000000e+00 5.515188e-02
6.940344e-02 6.985379e-02 6.878265e-02 6.960210e-02 7.032599e-02 5.582377e-02 5.488221e-02 5.021015e-02 5.515188e-02 0.000000e+00
