0.000000e+00 1.938436e-03 1.906231e-03 1.997252e-03 2.029356e-03 1.966537e-03 1.926129e-03 1.932265e-03 1.925310e-03 1.922262e-03
1.938436e-03 0.000000e+00 1.861299e-03 1.953353e-03 1.985971e-03 1.907096e-03 1.902444e-03 1.888901e-03 1.883360e-03 1.899632e-03
1.906231e-03 1.861299e-03 0.000000e+00 1.913951e-03 1.956600e-03 1.891162e-03 1.870759e-03 1.860639e-03 1.852083e-03 1.868592e-03
1.997252e-03 1.953353e-03 1.913951e-03 0.000000e+00 2.046662e-03 1.982984e-03 1.961836e-03 1.944950e-03 1.942186e-03 1.958825e-03
2.029356e-03 1.985971e-03 1.956600e-03 2.046662e-03 0.000000e+00 1.983659e-03 1.974054e-03 1.951671e-03 1.929451e-03 1.993371e-03
1.966537e-03 1.907096e-03 1.891162e-03 1.982984e-03 1.983659e-03 0.000000e+00 1.730872e-03 1.812960e-03 1.675268e-03 1.769489e-03
1.926129e-03 1.902444e-03 1.870759e-03 1.961836e-03 1.974054e-03 1.730872e-03 0.000000e+00 1.711600e-03 1.690855e-03 1.729193e-03
1.932265e-03 1.888901e-03 1.860639e-03 1.944950e-03 1.951671e-03 1.812960e-03 1.711600e-03 0.000000e+00 1.650593e-03 1.652365e-03
1.925310e-03 1.883360e-03 1.852083e-03 1.942186e-03 1.929451e-03 1.675268e-03 1.690855e-03 1.650593e-03 0.000000e+00 1.780362e-03
1.922262e-03 1.899632e-03 1.868592e-03 1.958825e-03 1.993371e-03 1.769489e-03 1.729193e-03 1.652365e-03 1.780362e-03 0.000000e+00
