0.000000e+00 4.209332e-03 4.163072e-03 4.208906e-03 4.238781e-03 3.989186e-03 3.909099e-03 3.815150e-03 3.872037e-03 3.920851e-03
4.209332e-03 0.000000e+00 4.125343e-03 4.170106e-03 4.179817e-03 3.916712e-03 3.909489e-03 3.798692e-03 3.865815e-03 3.921299e-03
4.163072e-03 4.125343e-03 0.000000e+00 4.068816e-03 4.154059e-03 3.905195e-03 3.863229e-03 3.752435e-03 3.819559e-03 3.875039e-03
4.208906e-03 4.170106e-03 4.068816e-03 0.000000e+00 4.200263e-03 3.951031e-03 3.909064e-03 3.772533e-03 3.865392e-03 3.920874e-03
4.238781e-03 4.179817e-03 4.154059e-03 4.200263e-03 0.000000e+00 3.907568e-03 3.888545e-03 3.757239e-03 3.776107e-03 3.950748e-03
3.989186e-03 3.916712e-03 3.905195e-03 3.951031e-03 3.907568e-03 0.000000e+00 3.203547e-03 3.242068e-03 3.069358e-03 3.228748e-03
3.909099e-03 3.909489e-03 3.863229e-03 3.909064e-03 3.888545e-03 3.203547e-03 0.000000e+00 3.068924e-03 3.064205e-03 3.199831e-03
3.815150e-03 3.798692e-03 3.752435e-03 3.772533e-03 3.757239e-03 3.242068e-03 3.068924e-03 0.000000e+00 2.928696e-03 2.922741e-03
3.872037e-03 3.865815e-03 3.819559e-03 3.865392e-03 3.776107e-03 3.069358e-03 3.064205e-03 2.928696e-03 0.000000e+00 3.189576e-03
3.920851e-03 3.921299e-03 3.875039e-03 3.920874e-03 3.950748e-03 3.228748e-03 3.199831e-03 2.922741e-03 3.189576e-03 0.000000e+00
