0.000000e+00 1.067686e-01 1.046231e-01 1.078727e-01 1.093665e-01 1.046349e-01 1.027615e-01 1.012834e-01 1.021680e-01 1.021801e-01
1.067686e-01 0.000000e+00 1.031393e-01 1.063848e-01 1.075183e-01 1.022582e-01 1.022816e-01 1.001127e-01 1.009002e-01 1.017026e-01
1.046231e-01 1.031393e-01 0.000000e+00 1.036130e-01 1.057361e-01 1.009981e-01 1.001367e-01 9.797766e-02 9.875612e-02 9.955765e-02
1.078727e-01 1.063848e-01 1.036130e-01 0.000000e+00 1.089839e-01 1.042470e-01 1.033850e-01 1.007057e-01 1.020042e-01 1.028064e-01
1.093665e-01 1.075183e-01 1.057361e-01 1.089839e-01 0.000000e+00 1.038335e-01 1.038048e-01 1.009216e-01 1.008422e-01 1.042985e-01
1.046349e-01 1.022582e-01 1.009981e-01 1.042470e-01 1.038335e-01 0.000000e+00 8.892651e-02 9.115175e-02 8.539321e-02 8.955535e-02
1.027615e-01 1.022816e-01 1.001367e-01 1.033850e-01 1.038048e-01 8.892651e-02 0.000000e+00 8.636250e-02 8.596794e-02 8.862715e-02
1.012834e-01 1.001127e-01 9.797766e-02 1.007057e-01 1.009216e-01 9.115175e-02 8.636250e-02 0.000000e+00 8.240346e-02 8.240708e-02
1.021680e-01 1.009002e-01 9.875612e-02 1.020042e-01 1.008422e-01 8.539321e-02 8.596794e-02 8.240346e-02 0.000000e+00 8.947551e-02
1.021801e-01 1.017026e-01 9.955765e-02 1.028064e-01 1.042985e-01 8.955535e-02 8.862715e-02 8.240708e-02 8.947551e-02 0.000000e+00
