0.000000e+00 6.780832e-03 6.678450e-03 6.764724e-03 6.814177e-03 6.292254e-03 6.093694e-03 5.978905e-03 6.145742e-03 6.207495e-03
6.780832e-03 0.000000e+00 6.696896e-03 6.759549e-03 6.761761e-03 6.227403e-03 6.149908e-03 6.018841e-03 6.205511e-03 6.263768e-03
6.678450e-03 6.696896e-03 0.000000e+00 6.534091e-03 6.730240e-03 6.208317e-03 6.072393e-03 5.941327e-03 6.142916e-03 6.186251e-03
6.764724e-03 6.759549e-03 6.534091e-03 0.000000e+00 6.792894e-03 6.270971e-03 6.135046e-03 5.954252e-03 6.205568e-03 6.248904e-03
6.814177e-03 6.761761e-03 6.730240e-03 6.792894e-03 0.000000e+00 6.197646e-03 6.083315e-03 5.932434e-03 6.034816e-03 6.297112e-03
6.292254e-03 6.227403e-03 6.208317e-03 6.270971e-03 6.197646e-03 0.000000e+00 4.787382e-03 4.877317e-03 4.707676e-03 4.895383e-03
6.093694e-03 6.149908e-03 6.072393e-03 6.135046e-03 6.083315e-03 4.787382e-03 0.000000e+00 4.562155e-03 4.637475e-03 4.792772e-03
5.978905e-03 6.018841e-03 5.941327e-03 5.954252e-03 5.932434e-03 4.877317e-03 4.562155e-03 0.000000e+00 4.443320e-03 4.403937e-03
6.145742e-03 6.205511e-03 6.142916e-03 6.205568e-03 6.034816e-03 4.707676e-03 4.637475e-03 4.443320e-03 0.000000e+00 4.865638e-03
6.207495e-03 6.263768e-03 6.186251e-03 6.248904e-03 6.297112e-03 4.895383e-03 4.792772e-03 4.403937e-03 4.865638e-03 0.000000e+00
