0.000000e+00 1.900663e-03 1.870317e-03 1.958483e-03 1.989711e-03 1.928721e-03 1.889881e-03 1.896083e-03 1.888817e-03 1.885435e-03
1.900663e-03 0.000000e+00 1.826566e-03 1.915766e-03 1.947522e-03 1.871071e-03 1.866600e-03 1.853875e-03 1.847956e-03 1.863161e-03
1.870317e-03 1.826566e-03 0.000000e+00 1.878504e-03 1.919886e-03 1.856357e-03 1.836747e-03 1.827291e-03 1.818493e-03 1.833923e-03
1.958483e-03 1.915766e-03 1.878504e-03 0.000000e+00 2.007139e-03 1.945286e-03 1.924968e-03 1.909018e-03 1.905787e-03 1.921340e-03
1.989711e-03 1.947522e-03 1.919886e-03 2.007139e-03 0.000000e+00 1.946278e-03 1.937055e-03 1.915847e-03 1.893417e-03 1.954946e-03
1.928721e-03 1.871071e-03 1.856357e-03 1.945286e-03 1.946278e-03 0.000000e+00 1.702625e-03 1.781807e-03 1.648835e-03 1.739047e-03
1.889881e-03 1.866600e-03 1.836747e-03 1.924968e-03 1.937055e-03 1.702625e-03 0.000000e+00 1.684307e-03 1.663779e-03 1.700281e-03
1.896083e-03 1.853875e-03 1.827291e-03 1.909018e-03 1.915847e-03 1.781807e-03 1.684307e-03 0.000000e+00 1.625414e-03 1.626681e-03
1.888817e-03 1.847956e-03 1.818493e-03 1.905787e-03 1.893417e-03 1.648835e-03 1.663779e-03 1.625414e-03 0.000000e+00 1.749177e-03
1.885435e-03 1.863161e-03 1.833923e-03 1.921340e-03 1.954946e-03 1.739047e-03 1.700281e-03 1.626681e-03 1.749177e-03 0.000000e+00
