0.000000e+00 1.417435e-01 1.395350e-01 1.412596e-01 1.424360e-01 1.315320e-01 1.273787e-01 1.249785e-01 1.284629e-01 1.297585e-01
1.417435e-01 0.000000e+00 1.399233e-01 1.411542e-01 1.413430e-01 1.301788e-01 1.285562e-01 1.258157e-01 1.297147e-01 1.309373e-01
1.395350e-01 1.399233e-01 0.000000e+00 1.363730e-01 1.406157e-01 1.297117e-01 1.268678e-01 1.241274e-01 1.283382e-01 1.292487e-01
1.412596e-01 1.411542e-01 1.363730e-01 0.000000e+00 1.418467e-01 1.309426e-01 1.280987e-01 1.243188e-01 1.295690e-01 1.304796e-01
1.424360e-01 1.413430e-01 1.406157e-01 1.418467e-01 0.000000e+00 1.295520e-01 1.271595e-01 1.240047e-01 1.261419e-01 1.316296e-01
1.315320e-01 1.301788e-01 1.297117e-01 1.309426e-01 1.295520e-01 0.000000e+00 1.000754e-01 1.019548e-01 9.840637e-02 1.023337e-01
1.273787e-01 1.285562e-01 1.268678e-01 1.280987e-01 1.271595e-01 1.000754e-01 0.000000e+00 9.536481e-02 9.693706e-02 1.001868e-01
1.249785e-01 1.258157e-01 1.241274e-01 1.243188e-01 1.240047e-01 1.019548e-01 9.536481e-02 0.000000e+00 9.287812e-02 9.205814e-02
1.284629e-01 1.297147e-01 1.283382e-01 1.295690e-01 1.261419e-01 9.840637e-02 9.693706e-02 9.287812e-02 0.000000e+00 1.017070e-01
1.297585e-01 1.309373e-01 1.292487e-01 1.304796e-01 1.316296e-01 1.023337e-01 1.001868e-01 9.205814e-02 1.017070e-01 0.000000e+00
