0.000000e+00 1.417825e-01 1.395732e-01 1.412984e-01 1.424754e-01 1.315678e-01 1.274130e-01 1.250122e-01 1.284975e-01 1.297934e-01
1.417825e-01 0.000000e+00 1.399618e-01 1.411931e-01 1.413819e-01 1.302140e-01 1.285913e-01 1.258499e-01 1.297501e-01 1.309730e-01
1.395732e-01 1.399618e-01 0.000000e+00 1.364096e-01 1.406547e-01 1.297471e-01 1.269024e-01 1.241611e-01 1.283733e-01 1.292840e-01
1.412984e-01 1.411931e-01 1.364096e-01 0.000000e+00 1.418860e-01 1.309784e-01 1.281336e-01 1.243522e-01 1.296044e-01 1.305152e-01
1.424754e-01 1.413819e-01 1.406547e-01 1.418860e-01 0.000000e+00 1.295869e-01 1.271938e-01 1.240380e-01 1.261757e-01 1.316657e-01
1.315678e-01 1.302140e-01 1.297471e-01 1.309784e-01 1.295869e-01 0.000000e+00 1.000969e-01 1.019782e-01 9.842666e-02 1.023559e-01
1.274130e-01 1.285913e-01 1.269024e-01 1.281336e-01 1.271938e-01 1.000969e-01 0.000000e+00 9.538538e-02 9.695737e-02 1.002086e-01
1.250122e-01 1.258499e-01 1.241611e-01 1.243522e-01 1.240380e-01 1.019782e-01 9.538538e-02 0.000000e+00 9.289689e-02 9.207605e-02
1.284975e-01 1.297501e-01 1.283733e-01 1.296044e-01 1.261757e-01 9.842666e-02 9.695737e-02 9.289689e-02 0.000000e+00 1.017294e-01
1.297934e-01 1.309730e-01 1.292840e-01 1.305152e-01 1.316657e-01 1.023559e-01 1.002086e-01 9.207605e-02 1.017294e-01 0.000000e+00
