0.000000e+00 2.864185e-03 2.818736e-03 2.888322e-03 2.917397e-03 2.783754e-03 2.732394e-03 2.692662e-03 2.709613e-03 2.726183e-03
2.864185e-03 0.000000e+00 2.773566e-03 2.841431e-03 2.862266e-03 2.712227e-03 2.714775e-03 2.653892e-03 2.670774e-03 2.708620e-03
2.818736e-03 2.773566e-03 0.000000e+00 2.778449e-03 2.826251e-03 2.690860e-03 2.669592e-03 2.611756e-03 2.625886e-03 2.663436e-03
2.888322e-03 2.841431e-03 2.778449e-03 0.000000e+00 2.894749e-03 2.759955e-03 2.738513e-03 2.666836e-03 2.694804e-03 2.732530e-03
2.917397e-03 2.862266e-03 2.826251e-03 2.894749e-03 0.000000e+00 2.737646e-03 2.738533e-03 2.661420e-03 2.653417e-03 2.760803e-03
2.783754e-03 2.712227e-03 2.690860e-03 2.759955e-03 2.737646e-03 0.000000e+00 2.325680e-03 2.386723e-03 2.226960e-03 2.353433e-03
2.732394e-03 2.714775e-03 2.669592e-03 2.738513e-03 2.738533e-03 2.325680e-03 0.000000e+00 2.257729e-03 2.243761e-03 2.324097e-03
2.692662e-03 2.653892e-03 2.611756e-03 2.666836e-03 2.661420e-03 2.386723e-03 2.257729e-03 0.000000e+00 2.148437e-03 2.159344e-03
2.709613e-03 2.670774e-03 2.625886e-03 2.694804e-03 2.653417e-03 2.226960e-03 2.243761e-03 2.148437e-03 0.000000e+00 2.344784e-03
2.726183e-03 2.708620e-03 2.663436e-03 2.732530e-03 2.760803e-03 2.353433e-03 2.324097e-03 2.159344e-03 2.344784e-03 0.000000e+00
