0.000000e+00 2.234704e-02 2.198362e-02 2.321639e-02 2.362989e-02 2.309131e-02 2.257864e-02 2.273404e-02 2.267313e-02 2.251008e-02
2.234704e-02 0.000000e+00 2.154521e-02 2.279678e-02 2.321373e-02 2.248433e-02 2.238771e-02 2.231498e-02 2.225765e-02 2.232205e-02
2.198362e-02 2.154521e-02 0.000000e+00 2.234731e-02 2.287001e-02 2.231079e-02 2.202508e-02 2.196162e-02 2.189593e-02 2.196073e-02
2.321639e-02 2.279678e-02 2.234731e-02 0.000000e+00 2.410107e-02 2.354549e-02 2.325814e-02 2.312382e-02 2.312695e-02 2.319211e-02
2.362989e-02 2.321373e-02 2.287001e-02 2.410107e-02 0.000000e+00 2.358502e-02 2.344188e-02 2.324140e-02 2.300646e-02 2.362801e-02
2.309131e-02 2.248433e-02 2.231079e-02 2.354549e-02 2.358502e-02 0.000000e+00 2.080899e-02 2.183587e-02 2.023156e-02 2.124458e-02
2.257864e-02 2.238771e-02 2.202508e-02 2.325814e-02 2.344188e-02 2.080899e-02 0.000000e+00 2.064124e-02 2.037241e-02 2.079032e-02
2.273404e-02 2.231498e-02 2.196162e-02 2.312382e-02 2.324140e-02 2.183587e-02 2.064124e-02 0.000000e+00 1.997809e-02 1.990758e-02
2.267313e-02 2.225765e-02 2.189593e-02 2.312695e-02 2.300646e-02 2.023156e-02 2.037241e-02 1.997809e-02 0.000000e+00 2.141800e-02
2.251008e-02 2.232205e-02 2.196073e-02 2.319211e-02 2.362801e-02 2.124458e-02 2.079032e-02 1.990758e-02 2.141800e-02 0.000000e+00
