0.000000e+00 1.708892e-02 1.677459e-02 1.725495e-02 1.746838e-02 1.669738e-02 1.639795e-02 1.616111e-02 1.628514e-02 1.632318e-02
1.708892e-02 0.000000e+00 1.652155e-02 1.699815e-02 1.715737e-02 1.629694e-02 1.630545e-02 1.595246e-02 1.606738e-02 1.623105e-02
1.677459e-02 1.652155e-02 0.000000e+00 1.658306e-02 1.690008e-02 1.612363e-02 1.599155e-02 1.564689e-02 1.575410e-02 1.591715e-02
1.725495e-02 1.699815e-02 1.658306e-02 0.000000e+00 1.737856e-02 1.660313e-02 1.647070e-02 1.604368e-02 1.623322e-02 1.639664e-02
1.746838e-02 1.715737e-02 1.690008e-02 1.737856e-02 0.000000e+00 1.651338e-02 1.651315e-02 1.605385e-02 1.602524e-02 1.660859e-02
1.669738e-02 1.629694e-02 1.612363e-02 1.660313e-02 1.651338e-02 0.000000e+00 1.411501e-02 1.446960e-02 1.354305e-02 1.423700e-02
1.639795e-02 1.630545e-02 1.599155e-02 1.647070e-02 1.651315e-02 1.411501e-02 0.000000e+00 1.370769e-02 1.363659e-02 1.407826e-02
1.616111e-02 1.595246e-02 1.564689e-02 1.604368e-02 1.605385e-02 1.446960e-02 1.370769e-02 0.000000e+00 1.306926e-02 1.309353e-02
1.628514e-02 1.606738e-02 1.575410e-02 1.623322e-02 1.602524e-02 1.354305e-02 1.363659e-02 1.306926e-02 0.000000e+00 1.420664e-02
1.632318e-02 1.623105e-02 1.591715e-02 1.639664e-02 1.660859e-02 1.423700e-02 1.407826e-02 1.309353e-02 1.420664e-02 0.000000e+00
