0.000000e+00 3.569854e-02 3.512920e-02 3.559455e-02 3.592127e-02 3.343212e-02 3.249450e-02 3.178384e-02 3.251124e-02 3.290643e-02
3.569854e-02 0.000000e+00 3.510125e-02 3.548505e-02 3.559155e-02 3.302076e-02 3.271124e-02 3.189377e-02 3.275131e-02 3.312356e-02
3.512920e-02 3.510125e-02 0.000000e+00 3.435292e-02 3.532398e-02 3.283482e-02 3.222353e-02 3.140608e-02 3.227993e-02 3.263583e-02
3.559455e-02 3.548505e-02 3.435292e-02 0.000000e+00 3.570779e-02 3.321863e-02 3.260732e-02 3.154518e-02 3.266371e-02 3.301963e-02
3.592127e-02 3.559155e-02 3.532398e-02 3.570779e-02 0.000000e+00 3.291410e-02 3.244633e-02 3.149886e-02 3.189407e-02 3.334627e-02
3.343212e-02 3.302076e-02 3.283482e-02 3.321863e-02 3.291410e-02 0.000000e+00 2.607279e-02 2.647767e-02 2.531571e-02 2.646774e-02
3.249450e-02 3.271124e-02 3.222353e-02 3.260732e-02 3.244633e-02 2.607279e-02 0.000000e+00 2.488564e-02 2.501778e-02 2.602140e-02
3.178384e-02 3.189377e-02 3.140608e-02 3.154518e-02 3.149886e-02 2.647767e-02 2.488564e-02 0.000000e+00 2.396888e-02 2.380625e-02
3.251124e-02 3.275131e-02 3.227993e-02 3.266371e-02 3.189407e-02 2.531571e-02 2.501778e-02 2.396888e-02 0.000000e+00 2.614938e-02
3.290643e-02 3.312356e-02 3.263583e-02 3.301963e-02 3.334627e-02 2.646774e-02 2.602140e-02 2.380625e-02 2.614938e-02 0.000000e+00
