0.000000e+00 2.809598e-03 2.765146e-03 2.832747e-03 2.861209e-03 2.730823e-03 2.681501e-03 2.642374e-03 2.658792e-03 2.674591e-03
2.809598e-03 0.000000e+00 2.721568e-03 2.787530e-03 2.808064e-03 2.661932e-03 2.664434e-03 2.604983e-03 2.621315e-03 2.657585e-03
2.765146e-03 2.721568e-03 0.000000e+00 2.726234e-03 2.772678e-03 2.640616e-03 2.620235e-03 2.563695e-03 2.577395e-03 2.613385e-03
2.832747e-03 2.787530e-03 2.726234e-03 0.000000e+00 2.839246e-03 2.707751e-03 2.687203e-03 2.617364e-03 2.644361e-03 2.680518e-03
2.861209e-03 2.808064e-03 2.772678e-03 2.839246e-03 0.000000e+00 2.686732e-03 2.687642e-03 2.612593e-03 2.604361e-03 2.708218e-03
2.730823e-03 2.661932e-03 2.640616e-03 2.707751e-03 2.686732e-03 0.000000e+00 2.288759e-03 2.346468e-03 2.192956e-03 2.314512e-03
2.681501e-03 2.664434e-03 2.620235e-03 2.687203e-03 2.687642e-03 2.288759e-03 0.000000e+00 2.222376e-03 2.209090e-03 2.286271e-03
2.642374e-03 2.604983e-03 2.563695e-03 2.617364e-03 2.612593e-03 2.346468e-03 2.222376e-03 0.000000e+00 2.116525e-03 2.126946e-03
2.658792e-03 2.621315e-03 2.577395e-03 2.644361e-03 2.604361e-03 2.192956e-03 2.209090e-03 2.116525e-03 0.000000e+00 2.305357e-03
2.674591e-03 2.657585e-03 2.613385e-03 2.680518e-03 2.708218e-03 2.314512e-03 2.286271e-03 2.126946e-03 2.305357e-03 0.000000e+00
