0.000000e+00 3.568872e-02 3.511956e-02 3.558476e-02 3.591134e-02 3.342300e-02 3.248575e-02 3.177526e-02 3.250248e-02 3.289756e-02
3.568872e-02 0.000000e+00 3.509157e-02 3.547527e-02 3.558175e-02 3.301182e-02 3.270232e-02 3.188508e-02 3.274236e-02 3.311452e-02
3.511956e-02 3.509157e-02 0.000000e+00 3.434364e-02 3.531418e-02 3.282584e-02 3.221474e-02 3.139753e-02 3.227111e-02 3.262692e-02
3.558476e-02 3.547527e-02 3.434364e-02 0.000000e+00 3.569788e-02 3.320954e-02 3.259842e-02 3.153666e-02 3.265478e-02 3.301061e-02
3.591134e-02 3.558175e-02 3.531418e-02 3.569788e-02 0.000000e+00 3.290521e-02 3.243756e-02 3.149039e-02 3.188552e-02 3.333711e-02
3.342300e-02 3.301182e-02 3.282584e-02 3.320954e-02 3.290521e-02 0.000000e+00 2.606705e-02 2.647144e-02 2.531038e-02 2.646187e-02
3.248575e-02 3.270232e-02 3.221474e-02 3.259842e-02 3.243756e-02 2.606705e-02 0.000000e+00 2.488014e-02 2.501245e-02 2.601561e-02
3.177526e-02 3.188508e-02 3.139753e-02 3.153666e-02 3.149039e-02 2.647144e-02 2.488014e-02 0.000000e+00 2.396391e-02 2.380151e-02
3.250248e-02 3.274236e-02 3.227111e-02 3.265478e-02 3.188552e-02 2.531038e-02 2.501245e-02 2.396391e-02 0.000000e+00 2.614351e-02
3.289756e-02 3.311452e-02 3.262692e-02 3.301061e-02 3.333711e-02 2.646187e-02 2.601561e-02 2.380151e-02 2.614351e-02 0.000000e+00
