0.000000e+00 2.837566e-01 2.793219e-01 2.827580e-01 2.851417e-01 2.633141e-01 2.549998e-01 2.501948e-01 2.571702e-01 2.597638e-01
2.837566e-01 0.000000e+00 2.800993e-01 2.825469e-01 2.829537e-01 2.606052e-01 2.573570e-01 2.518706e-01 2.596761e-01 2.621236e-01
2.793219e-01 2.800993e-01 0.000000e+00 2.729620e-01 2.814843e-01 2.596567e-01 2.539635e-01 2.484774e-01 2.569071e-01 2.587299e-01
2.827580e-01 2.825469e-01 2.729620e-01 0.000000e+00 2.839320e-01 2.621044e-01 2.564111e-01 2.488440e-01 2.593546e-01 2.611776e-01
2.851417e-01 2.829537e-01 2.814843e-01 2.839320e-01 0.000000e+00 2.593493e-01 2.545595e-01 2.482440e-01 2.525225e-01 2.635083e-01
2.633141e-01 2.606052e-01 2.596567e-01 2.621044e-01 2.593493e-01 0.000000e+00 2.003412e-01 2.041035e-01 1.970000e-01 2.048622e-01
2.549998e-01 2.573570e-01 2.539635e-01 2.564111e-01 2.545595e-01 2.003412e-01 0.000000e+00 1.909111e-01 1.940586e-01 2.005642e-01
2.501948e-01 2.518706e-01 2.484774e-01 2.488440e-01 2.482440e-01 2.041035e-01 1.909111e-01 0.000000e+00 1.859330e-01 1.842915e-01
2.571702e-01 2.596761e-01 2.569071e-01 2.593546e-01 2.525225e-01 1.970000e-01 1.940586e-01 1.859330e-01 0.000000e+00 2.036076e-01
2.597638e-01 2.621236e-01 2.587299e-01 2.611776e-01 2.635083e-01 2.048622e-01 2.005642e-01 1.842915e-01 2.036076e-01 0.000000e+00
