0.000000e+00 5.347141e-02 5.241768e-02 5.401722e-02 5.474713e-02 5.236774e-02 5.142981e-02 5.068940e-02 5.111978e-02 5.115146e-02
5.347141e-02 0.000000e+00 5.166293e-02 5.325823e-02 5.381017e-02 5.116257e-02 5.117770e-02 5.008728e-02 5.047364e-02 5.090054e-02
5.241768e-02 5.166293e-02 0.000000e+00 5.189052e-02 5.293760e-02 5.055174e-02 5.012448e-02 4.904386e-02 4.942117e-02 4.984730e-02
5.401722e-02 5.325823e-02 5.189052e-02 0.000000e+00 5.453515e-02 5.215041e-02 5.172270e-02 5.038218e-02 5.101926e-02 5.144591e-02
5.474713e-02 5.381017e-02 5.293760e-02 5.453515e-02 0.000000e+00 5.192664e-02 5.191540e-02 5.047304e-02 5.042177e-02 5.217416e-02
5.236774e-02 5.116257e-02 5.055174e-02 5.215041e-02 5.192664e-02 0.000000e+00 4.445221e-02 4.556557e-02 4.267809e-02 4.478227e-02
5.142981e-02 5.117770e-02 5.012448e-02 5.172270e-02 5.191540e-02 4.445221e-02 0.000000e+00 4.317031e-02 4.296690e-02 4.431001e-02
5.068940e-02 5.008728e-02 4.904386e-02 5.038218e-02 5.047304e-02 4.556557e-02 4.317031e-02 0.000000e+00 4.118405e-02 4.120267e-02
5.111978e-02 5.047364e-02 4.942117e-02 5.101926e-02 5.042177e-02 4.267809e-02 4.296690e-02 4.118405e-02 0.000000e+00 4.472962e-02
5.115146e-02 5.090054e-02 4.984730e-02 5.144591e-02 5.217416e-02 4.478227e-02 4.431001e-02 4.120267e-02 4.472962e-02 0.000000e+00
