0.000000e+00 7.546394e-02 7.421708e-02 7.521146e-02 7.593830e-02 7.067900e-02 6.869436e-02 6.719231e-02 6.872950e-02 6.956550e-02
7.546394e-02 0.000000e+00 7.415131e-02 7.497281e-02 7.523281e-02 6.980042e-02 6.914702e-02 6.741855e-02 6.923164e-02 7.001898e-02
7.421708e-02 7.415131e-02 0.000000e+00 7.253294e-02 7.462565e-02 6.936634e-02 6.807323e-02 6.634484e-02 6.819249e-02 6.894514e-02
7.521146e-02 7.497281e-02 7.253294e-02 0.000000e+00 7.544717e-02 7.018785e-02 6.889471e-02 6.664759e-02 6.901393e-02 6.976664e-02
7.593830e-02 7.523281e-02 7.462565e-02 7.544717e-02 0.000000e+00 6.957684e-02 6.858807e-02 6.658400e-02 6.741891e-02 7.049328e-02
7.067900e-02 6.980042e-02 6.936634e-02 7.018785e-02 6.957684e-02 0.000000e+00 5.509568e-02 5.595842e-02 5.349093e-02 5.593098e-02
6.869436e-02 6.914702e-02 6.807323e-02 6.889471e-02 6.858807e-02 5.509568e-02 0.000000e+00 5.258711e-02 5.286256e-02 5.498802e-02
6.719231e-02 6.741855e-02 6.634484e-02 6.664759e-02 6.658400e-02 5.595842e-02 5.258711e-02 0.000000e+00 5.064362e-02 5.029683e-02
6.872950e-02 6.923164e-02 6.819249e-02 6.901393e-02 6.741891e-02 5.349093e-02 5.286256e-02 5.064362e-02 0.000000e+00 5.525915e-02
6.956550e-02 7.001898e-02 6.894514e-02 6.976664e-02 7.049328e-02 5.593098e-02 5.498802e-02 5.029683e-02 5.525915e-02 0.000000e+00
