0.000000e+00 7.126033e-02 6.984225e-02 7.199247e-02 7.297731e-02 6.981283e-02 6.856265e-02 6.757603e-02 6.815801e-02 6.818317e-02
7.126033e-02 0.000000e+00 6.884415e-02 7.099016e-02 7.173620e-02 6.821659e-02 6.823451e-02 6.678410e-02 6.730433e-02 6.785663e-02
6.984225e-02 6.884415e-02 0.000000e+00 6.915385e-02 7.056007e-02 6.738910e-02 6.681695e-02 6.537638e-02 6.588756e-02 6.643903e-02
7.199247e-02 7.099016e-02 6.915385e-02 0.000000e+00 7.270835e-02 6.953851e-02 6.896588e-02 6.717852e-02 6.803631e-02 6.858836e-02
7.297731e-02 7.173620e-02 7.056007e-02 7.270835e-02 0.000000e+00 6.925138e-02 6.923432e-02 6.731108e-02 6.725039e-02 6.957152e-02
6.981283e-02 6.821659e-02 6.738910e-02 6.953851e-02 6.925138e-02 0.000000e+00 5.929619e-02 6.078066e-02 5.693491e-02 5.972600e-02
6.856265e-02 6.823451e-02 6.681695e-02 6.896588e-02 6.923432e-02 5.929619e-02 0.000000e+00 5.758637e-02 5.731915e-02 5.910155e-02
6.757603e-02 6.678410e-02 6.537638e-02 6.717852e-02 6.731108e-02 6.078066e-02 5.758637e-02 0.000000e+00 5.494165e-02 5.495529e-02
6.815801e-02 6.730433e-02 6.588756e-02 6.803631e-02 6.725039e-02 5.693491e-02 5.731915e-02 5.494165e-02 0.000000e+00 5.966425e-02
6.818317e-02 6.785663e-02 6.643903e-02 6.858836e-02 6.957152e-02 5.972600e-02 5.910155e-02 5.495529e-02 5.966425e-02 0.000000e+00
