0.000000e+00 1.159406e-01 1.139919e-01 1.155316e-01 1.166788e-01 1.085719e-01 1.055008e-01 1.031972e-01 1.055532e-01 1.068410e-01
1.159406e-01 0.000000e+00 1.138957e-01 1.151651e-01 1.155820e-01 1.072044e-01 1.062124e-01 1.035549e-01 1.063425e-01 1.075537e-01
1.139919e-01 1.138957e-01 0.000000e+00 1.113502e-01 1.146339e-01 1.065270e-01 1.045344e-01 1.018770e-01 1.047187e-01 1.058756e-01
1.155316e-01 1.151651e-01 1.113502e-01 0.000000e+00 1.159033e-01 1.077964e-01 1.058037e-01 1.023349e-01 1.059880e-01 1.071450e-01
1.166788e-01 1.155820e-01 1.146339e-01 1.159033e-01 0.000000e+00 1.068552e-01 1.053399e-01 1.022510e-01 1.035312e-01 1.082918e-01
1.085719e-01 1.072044e-01 1.065270e-01 1.077964e-01 1.068552e-01 0.000000e+00 8.437085e-02 8.576700e-02 8.186371e-02 8.565763e-02
1.055008e-01 1.062124e-01 1.045344e-01 1.058037e-01 1.053399e-01 8.437085e-02 0.000000e+00 8.053350e-02 8.091614e-02 8.421842e-02
1.031972e-01 1.035549e-01 1.018770e-01 1.023349e-01 1.022510e-01 8.576700e-02 8.053350e-02 0.000000e+00 7.749254e-02 7.692786e-02
1.055532e-01 1.063425e-01 1.047187e-01 1.059880e-01 1.035312e-01 8.186371e-02 8.091614e-02 7.749254e-02 0.000000e+00 8.464133e-02
1.068410e-01 1.075537e-01 1.058756e-01 1.071450e-01 1.082918e-01 8.565763e-02 8.421842e-02 7.692786e-02 8.464133e-02 0.000000e+00
