0.000000e+00 2.810308e-03 2.765843e-03 2.833470e-03 2.861941e-03 2.731514e-03 2.682166e-03 2.643030e-03 2.659456e-03 2.675264e-03
2.810308e-03 0.000000e+00 2.722243e-03 2.788230e-03 2.808769e-03 2.662588e-03 2.665091e-03 2.605621e-03 2.621960e-03 2.658251e-03
2.765843e-03 2.722243e-03 0.000000e+00 2.726912e-03 2.773375e-03 2.641271e-03 2.620878e-03 2.564322e-03 2.578028e-03 2.614037e-03
2.833470e-03 2.788230e-03 2.726912e-03 0.000000e+00 2.839968e-03 2.708431e-03 2.687872e-03 2.618009e-03 2.645020e-03 2.681196e-03
2.861941e-03 2.808769e-03 2.773375e-03 2.839968e-03 0.000000e+00 2.687396e-03 2.688306e-03 2.613231e-03 2.605001e-03 2.708904e-03
2.731514e-03 2.662588e-03 2.641271e-03 2.708431e-03 2.687396e-03 0.000000e+00 2.289242e-03 2.346994e-03 2.193401e-03 2.315020e-03
2.682166e-03 2.665091e-03 2.620878e-03 2.687872e-03 2.688306e-03 2.289242e-03 0.000000e+00 2.222838e-03 2.209544e-03 2.286765e-03
2.643030e-03 2.605621e-03 2.564322e-03 2.618009e-03 2.613231e-03 2.346994e-03 2.222838e-03 0.000000e+00 2.116942e-03 2.127369e-03
2.659456e-03 2.621960e-03 2.578028e-03 2.645020e-03 2.605001e-03 2.193401e-03 2.209544e-03 2.116942e-03 0.000000e+00 2.305872e-03
2.675264e-03 2.658251e-03 2.614037e-03 2.681196e-03 2.708904e-03 2.315020e-03 2.286765e-03 2.127369e-03 2.305872e-03 0.000000e+00
