0.000000e+00 4.476008e-02 4.402745e-02 4.655642e-02 4.739889e-02 4.637923e-02 4.533002e-02 4.566574e-02 4.555459e-02 4.519146e-02
4.476008e-02 0.000000e+00 4.317525e-02 4.574259e-02 4.659040e-02 4.518397e-02 4.497631e-02 4.485244e-02 4.474497e-02 4.484071e-02
4.402745e-02 4.317525e-02 0.000000e+00 4.483567e-02 4.589505e-02 4.483525e-02 4.424445e-02 4.413006e-02 4.401409e-02 4.411016e-02
4.655642e-02 4.574259e-02 4.483567e-02 0.000000e+00 4.842240e-02 4.736630e-02 4.677375e-02 4.651787e-02 4.654121e-02 4.663778e-02
4.739889e-02 4.659040e-02 4.589505e-02 4.842240e-02 0.000000e+00 4.744995e-02 4.715217e-02 4.676207e-02 4.630495e-02 4.752229e-02
4.637923e-02 4.518397e-02 4.483525e-02 4.736630e-02 4.744995e-02 0.000000e+00 4.190611e-02 4.399732e-02 4.076371e-02 4.278708e-02
4.533002e-02 4.497631e-02 4.424445e-02 4.677375e-02 4.715217e-02 4.190611e-02 0.000000e+00 4.158402e-02 4.103808e-02 4.187801e-02
4.566574e-02 4.485244e-02 4.413006e-02 4.651787e-02 4.676207e-02 4.399732e-02 4.158402e-02 0.000000e+00 4.026120e-02 4.009652e-02
4.555459e-02 4.474497e-02 4.401409e-02 4.654121e-02 4.630495e-02 4.076371e-02 4.103808e-02 4.026120e-02 0.000000e+00 4.315349e-02
4.519146e-02 4.484071e-02 4.411016e-02 4.663778e-02 4.752229e-02 4.278708e-02 4.187801e-02 4.009652e-02 4.315349e-02 0.000000e+00
