0.000000e+00 1.130344e-01 1.113393e-01 1.128987e-01 1.138736e-01 1.074785e-01 1.053236e-01 1.027826e-01 1.042849e-01 1.054151e-01
1.130344e-01 0.000000e+00 1.101194e-01 1.116761e-01 1.120656e-01 1.053220e-01 1.051312e-01 1.021360e-01 1.039142e-01 1.052243e-01
1.113393e-01 1.101194e-01 0.000000e+00 1.085679e-01 1.109568e-01 1.045634e-01 1.034363e-01 1.004413e-01 1.022195e-01 1.035294e-01
1.128987e-01 1.116761e-01 1.085679e-01 0.000000e+00 1.125171e-01 1.061229e-01 1.049957e-01 1.013070e-01 1.037788e-01 1.050888e-01
1.138736e-01 1.120656e-01 1.109568e-01 1.125171e-01 0.000000e+00 1.051205e-01 1.046116e-01 1.010637e-01 1.015384e-01 1.060635e-01
1.074785e-01 1.053220e-01 1.045634e-01 1.061229e-01 1.051205e-01 0.000000e+00 8.657617e-02 8.760522e-02 8.298631e-02 8.709639e-02
1.053236e-01 1.051312e-01 1.034363e-01 1.049957e-01 1.046116e-01 8.657617e-02 0.000000e+00 8.299228e-02 8.283489e-02 8.630423e-02
1.027826e-01 1.021360e-01 1.004413e-01 1.013070e-01 1.010637e-01 8.760522e-02 8.299228e-02 0.000000e+00 7.917391e-02 7.882741e-02
1.042849e-01 1.039142e-01 1.022195e-01 1.037788e-01 1.015384e-01 8.298631e-02 8.283489e-02 7.917391e-02 0.000000e+00 8.605499e-02
1.054151e-01 1.052243e-01 1.035294e-01 1.050888e-01 1.060635e-01 8.709639e-02 8.630423e-02 7.882741e-02 8.605499e-02 0.000000e+00
