0.000000e+00 5.611298e-02 5.530264e-02 5.605235e-02 5.652552e-02 5.333122e-02 5.226192e-02 5.100163e-02 5.174915e-02 5.232329e-02
5.611298e-02 0.000000e+00 5.471011e-02 5.545715e-02 5.564205e-02 5.227421e-02 5.217899e-02 5.069348e-02 5.157783e-02 5.224116e-02
5.530264e-02 5.471011e-02 0.000000e+00 5.394074e-02 5.512090e-02 5.192832e-02 5.136875e-02 4.988330e-02 5.076767e-02 5.143090e-02
5.605235e-02 5.545715e-02 5.394074e-02 0.000000e+00 5.587145e-02 5.267808e-02 5.211848e-02 5.028902e-02 5.151735e-02 5.218064e-02
5.652552e-02 5.564205e-02 5.512090e-02 5.587145e-02 0.000000e+00 5.217059e-02 5.191763e-02 5.015797e-02 5.039579e-02 5.265367e-02
5.333122e-02 5.227421e-02 5.192832e-02 5.267808e-02 5.217059e-02 0.000000e+00 4.294337e-02 4.345375e-02 4.116054e-02 4.321259e-02
5.226192e-02 5.217899e-02 5.136875e-02 5.211848e-02 5.191763e-02 4.294337e-02 0.000000e+00 4.116170e-02 4.108604e-02 4.282031e-02
5.100163e-02 5.069348e-02 4.988330e-02 5.028902e-02 5.015797e-02 4.345375e-02 4.116170e-02 0.000000e+00 3.927031e-02 3.911204e-02
5.174915e-02 5.157783e-02 5.076767e-02 5.151735e-02 5.039579e-02 4.116054e-02 4.108604e-02 3.927031e-02 0.000000e+00 4.269433e-02
5.232329e-02 5.224116e-02 5.143090e-02 5.218064e-02 5.265367e-02 4.321259e-02 4.282031e-02 3.911204e-02 4.269433e-02 0.000000e+00
