0.000000e+00 1.140566e-01 1.121462e-01 1.136552e-01 1.147751e-01 1.068291e-01 1.038294e-01 1.015590e-01 1.038824e-01 1.051461e-01
1.140566e-01 0.000000e+00 1.120420e-01 1.132898e-01 1.137039e-01 1.054964e-01 1.045087e-01 1.018962e-01 1.046366e-01 1.058267e-01
1.121462e-01 1.120420e-01 0.000000e+00 1.095762e-01 1.127605e-01 1.048145e-01 1.028600e-01 1.002476e-01 1.030402e-01 1.041779e-01
1.136552e-01 1.132898e-01 1.095762e-01 0.000000e+00 1.140082e-01 1.060623e-01 1.041077e-01 1.007112e-01 1.042878e-01 1.054256e-01
1.147751e-01 1.137039e-01 1.127605e-01 1.140082e-01 0.000000e+00 1.051599e-01 1.036654e-01 1.006363e-01 1.018982e-01 1.065451e-01
1.068291e-01 1.054964e-01 1.048145e-01 1.060623e-01 1.051599e-01 0.000000e+00 8.327541e-02 8.457942e-02 8.084984e-02 8.453795e-02
1.038294e-01 1.045087e-01 1.028600e-01 1.041077e-01 1.036654e-01 8.327541e-02 0.000000e+00 7.948376e-02 7.990006e-02 8.311267e-02
1.015590e-01 1.018962e-01 1.002476e-01 1.007112e-01 1.006363e-01 8.457942e-02 7.948376e-02 0.000000e+00 7.654620e-02 7.602208e-02
1.038824e-01 1.046366e-01 1.030402e-01 1.042878e-01 1.018982e-01 8.084984e-02 7.990006e-02 7.654620e-02 0.000000e+00 8.352244e-02
1.051461e-01 1.058267e-01 1.041779e-01 1.054256e-01 1.065451e-01 8.453795e-02 8.311267e-02 7.602208e-02 8.352244e-02 0.000000e+00
