0.000000e+00 1.137854e-01 1.118806e-01 1.133852e-01 1.145007e-01 1.065772e-01 1.035878e-01 1.013222e-01 1.036406e-01 1.049011e-01
1.137854e-01 0.000000e+00 1.117753e-01 1.130199e-01 1.134334e-01 1.052496e-01 1.042625e-01 1.016564e-01 1.043896e-01 1.055771e-01
1.118806e-01 1.117753e-01 0.000000e+00 1.093210e-01 1.124905e-01 1.045670e-01 1.026179e-01 1.000119e-01 1.027972e-01 1.039324e-01
1.133852e-01 1.130199e-01 1.093210e-01 0.000000e+00 1.137352e-01 1.058117e-01 1.038625e-01 1.004764e-01 1.040417e-01 1.051770e-01
1.145007e-01 1.134334e-01 1.124905e-01 1.137352e-01 0.000000e+00 1.049148e-01 1.034232e-01 1.004027e-01 1.016621e-01 1.062923e-01
1.065772e-01 1.052496e-01 1.045670e-01 1.058117e-01 1.049148e-01 0.000000e+00 8.311677e-02 8.440736e-02 8.070285e-02 8.437592e-02
1.035878e-01 1.042625e-01 1.026179e-01 1.038625e-01 1.034232e-01 8.311677e-02 0.000000e+00 7.933192e-02 7.975283e-02 8.295275e-02
1.013222e-01 1.016564e-01 1.000119e-01 1.004764e-01 1.004027e-01 8.440736e-02 7.933192e-02 0.000000e+00 7.640902e-02 7.589107e-02
1.036406e-01 1.043896e-01 1.027972e-01 1.040417e-01 1.016621e-01 8.070285e-02 7.975283e-02 7.640902e-02 0.000000e+00 8.336030e-02
1.049011e-01 1.055771e-01 1.039324e-01 1.051770e-01 1.062923e-01 8.437592e-02 8.295275e-02 7.589107e-02 8.336030e-02 0.000000e+00
