0.000000e+00 7.126208e-02 6.984395e-02 7.199426e-02 7.297914e-02 6.981456e-02 6.856432e-02 6.757768e-02 6.815968e-02 6.818485e-02
7.126208e-02 0.000000e+00 6.884579e-02 7.099190e-02 7.173796e-02 6.821824e-02 6.823616e-02 6.678571e-02 6.730596e-02 6.785828e-02
6.984395e-02 6.884579e-02 0.000000e+00 6.915551e-02 7.056179e-02 6.739073e-02 6.681855e-02 6.537794e-02 6.588914e-02 6.644064e-02
7.199426e-02 7.099190e-02 6.915551e-02 0.000000e+00 7.271017e-02 6.954023e-02 6.896757e-02 6.718015e-02 6.803798e-02 6.859006e-02
7.297914e-02 7.173796e-02 7.056179e-02 7.271017e-02 0.000000e+00 6.925308e-02 6.923601e-02 6.731270e-02 6.725203e-02 6.957325e-02
6.981456e-02 6.821824e-02 6.739073e-02 6.954023e-02 6.925308e-02 0.000000e+00 5.929743e-02 6.078202e-02 5.693606e-02 5.972730e-02
6.856432e-02 6.823616e-02 6.681855e-02 6.896757e-02 6.923601e-02 5.929743e-02 0.000000e+00 5.758756e-02 5.732032e-02 5.910281e-02
6.757768e-02 6.678571e-02 6.537794e-02 6.718015e-02 6.731270e-02 6.078202e-02 5.758756e-02 0.000000e+00 5.494273e-02 5.495637e-02
6.815968e-02 6.730596e-02 6.588914e-02 6.803798e-02 6.725203e-02 5.693606e-02 5.732032e-02 5.494273e-02 0.000000e+00 5.966558e-02
6.818485e-02 6.785828e-02 6.644064e-02 6.859006e-02 6.957325e-02 5.972730e-02 5.910281e-02 5.495637e-02 5.966558e-02 0.000000e+00
