0.000000e+00 3.416435e-02 3.358466e-02 3.552706e-02 3.617221e-02 3.537562e-02 3.456487e-02 3.481501e-02 3.473616e-02 3.447005e-02
3.416435e-02 0.000000e+00 3.292445e-02 3.489595e-02 3.554510e-02 3.444923e-02 3.429102e-02 3.418445e-02 3.410941e-02 3.419927e-02
3.358466e-02 3.292445e-02 0.000000e+00 3.418112e-02 3.499504e-02 3.416743e-02 3.371217e-02 3.361544e-02 3.353155e-02 3.362180e-02
3.552706e-02 3.489595e-02 3.418112e-02 0.000000e+00 3.693568e-02 3.611194e-02 3.565489e-02 3.544791e-02 3.547206e-02 3.556276e-02
3.617221e-02 3.554510e-02 3.499504e-02 3.693568e-02 0.000000e+00 3.616985e-02 3.594056e-02 3.562910e-02 3.528919e-02 3.624081e-02
3.537562e-02 3.444923e-02 3.416743e-02 3.611194e-02 3.616985e-02 0.000000e+00 3.186538e-02 3.347907e-02 3.097953e-02 3.256080e-02
3.456487e-02 3.429102e-02 3.371217e-02 3.565489e-02 3.594056e-02 3.186538e-02 0.000000e+00 3.160792e-02 3.119527e-02 3.185394e-02
3.481501e-02 3.418445e-02 3.361544e-02 3.544791e-02 3.562910e-02 3.347907e-02 3.160792e-02 0.000000e+00 3.058213e-02 3.046701e-02
3.473616e-02 3.410941e-02 3.353155e-02 3.547206e-02 3.528919e-02 3.097953e-02 3.119527e-02 3.058213e-02 0.000000e+00 3.284701e-02
3.447005e-02 3.419927e-02 3.362180e-02 3.556276e-02 3.624081e-02 3.256080e-02 3.185394e-02 3.046701e-02 3.284701e-02 0.000000e+00
