0.000000e+00 1.900717e-03 1.870369e-03 1.958539e-03 1.989769e-03 1.928776e-03 1.889934e-03 1.896136e-03 1.888870e-03 1.885489e-03
1.900717e-03 0.000000e+00 1.826616e-03 1.915820e-03 1.947578e-03 1.871123e-03 1.866652e-03 1.853926e-03 1.848008e-03 1.863214e-03
1.870369e-03 1.826616e-03 0.000000e+00 1.878555e-03 1.919939e-03 1.856407e-03 1.836796e-03 1.827339e-03 1.818542e-03 1.833973e-03
1.958539e-03 1.915820e-03 1.878555e-03 0.000000e+00 2.007196e-03 1.945341e-03 1.925021e-03 1.909070e-03 1.905839e-03 1.921394e-03
1.989769e-03 1.947578e-03 1.919939e-03 2.007196e-03 0.000000e+00 1.946332e-03 1.937109e-03 1.915899e-03 1.893469e-03 1.955002e-03
1.928776e-03 1.871123e-03 1.856407e-03 1.945341e-03 1.946332e-03 0.000000e+00 1.702666e-03 1.781853e-03 1.648873e-03 1.739091e-03
1.889934e-03 1.866652e-03 1.836796e-03 1.925021e-03 1.937109e-03 1.702666e-03 0.000000e+00 1.684346e-03 1.663819e-03 1.700323e-03
1.896136e-03 1.853926e-03 1.827339e-03 1.909070e-03 1.915899e-03 1.781853e-03 1.684346e-03 0.000000e+00 1.625450e-03 1.626718e-03
1.888870e-03 1.848008e-03 1.818542e-03 1.905839e-03 1.893469e-03 1.648873e-03 1.663819e-03 1.625450e-03 0.000000e+00 1.749222e-03
1.885489e-03 1.863214e-03 1.833973e-03 1.921394e-03 1.955002e-03 1.739091e-03 1.700323e-03 1.626718e-03 1.749222e-03 0.000000e+00
