0.00000000e+00 5.09443355e-02 4.61424880e-02 5.08432536e-02 4.12453009e-02 4.20061109e-02 4.13802529e-02 4.17292190e-02 4.50010256e-02 5.11122012e-02 4.26219397e-02 4.25209579e-02 5.13321497e-02 8.73339135e-02 7.82445853e-02 3.94625668e-02 7.88579260e-02 5.16916793e-02 4.24318943e-02 7.27308254e-02 8.61951369e-02 8.76995412e-02 5.81366968e-02 4.94492044e-02 5.84451851e-02 6.49951482e-02 6.75828933e-02 5.70875583e-02 8.68852501e-02
5.09443355e-02 0.00000000e+00 2.27657097e-02 5.15530236e-02 3.23937244e-02 2.65599400e-02 3.68723868e-02 2.77397414e-02 1.97341838e-02 5.15738301e-03 2.76638384e-02 2.80328004e-02 7.12956060e-03 7.41185181e-02 9.49022800e-02 3.54853073e-02 9.48726451e-02 7.05875310e-03 2.83184319e-02 7.03249812e-02 8.29109818e-02 8.39933032e-02 6.66760456e-02 5.37444583e-02 4.27211400e-02 6.10804613e-02 6.03866010e-02 5.30075078e-02 8.30772658e-02
4.61424880e-02 2.27657097e-02 0.00000000e+00 3.69753790e-02 2.37934443e-02 1.65076397e-02 2.91848003e-02 1.73835667e-02 1.96296328e-02 2.08384503e-02 1.82325286e-02 1.78187334e-02 2.13727331e-02 8.39035769e-02 7.96612119e-02 2.73537823e-02 7.92897135e-02 2.28274708e-02 1.82100639e-02 7.36977798e-02 8.62502247e-02 8.28970891e-02 6.16633500e-02 4.99179105e-02 5.16920112e-02 6.48027924e-02 6.91499187e-02 5.25925826e-02 8.62855515e-02
5.08432536e-02 5.15530236e-02 3.69753790e-02 0.00000000e+00 2.50839604e-02 3.10610315e-02 1.95445722e-02 2.90456858e-02 3.54964486e-02 5.18567971e-02 3.00567704e-02 3.23396290e-02 5.29306977e-02 6.71616420e-02 4.88120973e-02 1.92579685e-02 4.47242794e-02 5.18099802e-02 3.30758337e-02 7.20004315e-02 8.32405597e-02 8.41909459e-02 5.34232420e-02 5.33040169e-02 7.17894889e-02 6.40633343e-02 7.97003635e-02 6.13067578e-02 8.31678897e-02
4.12453009e-02 3.23937244e-02 2.37934443e-02 2.50839604e-02 0.00000000e+00 1.20691267e-02 1.00238403e-02 9.92452763e-03 1.78458720e-02 3.28801297e-02 1.02103887e-02 1.25909477e-02 3.33543409e-02 8.81671069e-02 6.98712068e-02 8.44728208e-03 6.79635668e-02 3.19227245e-02 1.32248516e-02 7.08647621e-02 8.58797035e-02 8.55466781e-02 5.75598715e-02 5.07150164e-02 5.91749479e-02 6.59814428e-02 7.16991864e-02 5.62372352e-02 8.62753890e-02
4.20061109e-02 2.65599400e-02 1.65076397e-02 3.10610315e-02 1.20691267e-02 0.00000000e+00 1.62072432e-02 5.36561959e-03 1.34340318e-02 2.18740593e-02 6.18632453e-03 5.35770235e-03 2.50023346e-02 9.45549375e-02 7.45983085e-02 1.58303180e-02 7.47143064e-02 2.66473581e-02 6.43997139e-03 6.90648869e-02 8.17492749e-02 8.36872005e-02 5.81712478e-02 5.41820673e-02 5.45123712e-02 6.41552258e-02 7.20528048e-02 5.17951532e-02 8.21378522e-02
4.13802529e-02 3.68723868e-02 2.91848003e-02 1.95445722e-02 1.00238403e-02 1.62072432e-02 0.00000000e+00 1.41540277e-02 2.09366904e-02 3.69819809e-02 1.51464807e-02 1.78403011e-02 3.82006251e-02 8.38941100e-02 6.59986485e-02 4.35074715e-03 6.26153924e-02 3.66381344e-02 1.84372598e-02 7.32076166e-02 8.74576308e-02 8.88206602e-02 5.54377984e-02 5.05793343e-02 6.22748401e-02 6.34961693e-02 7.01896955e-02 5.82821380e-02 8.77567347e-02
4.17292190e-02 2.77397414e-02 1.73835667e-02 2.90456858e-02 9.92452763e-03 5.36561959e-03 1.41540277e-02 0.00000000e+00 1.16893422e-02 2.45202479e-02 1.28241960e-03 6.99722170e-03 2.60069366e-02 9.28291994e-02 7.29495237e-02 1.31034682e-02 7.29365696e-02 2.70515568e-02 6.92375877e-03 6.79696679e-02 8.34555194e-02 8.16546055e-02 5.69410563e-02 5.20617932e-02 5.52324005e-02 6.58100352e-02 7.20682049e-02 5.31576347e-02 8.36116161e-02
4.50010256e-02 1.97341838e-02 1.96296328e-02 3.54964486e-02 1.78458720e-02 1.34340318e-02 2.09366904e-02 1.16893422e-02 0.00000000e+00 1.71695959e-02 1.25389972e-02 1.64160787e-02 2.06138507e-02 8.56358643e-02 8.14322757e-02 2.07720819e-02 7.92314631e-02 2.03519751e-02 1.64460201e-02 6.63073944e-02 8.21551807e-02 8.48597141e-02 6.25488772e-02 5.57201195e-02 5.13523646e-02 7.14084062e-02 6.85641669e-02 5.19269483e-02 8.21192490e-02
5.11122012e-02 5.15738301e-03 2.08384503e-02 5.18567971e-02 3.28801297e-02 2.18740593e-02 3.69819809e-02 2.45202479e-02 1.71695959e-02 0.00000000e+00 2.53318440e-02 2.52218608e-02 4.36441535e-03 7.56601985e-02 9.38073775e-02 3.63616184e-02 9.55490908e-02 6.78001388e-03 2.53585429e-02 6.95879882e-02 8.24517942e-02 8.32566527e-02 6.67913342e-02 5.38195837e-02 4.16660847e-02 6.13686049e-02 6.01361909e-02 5.22333718e-02 8.26554714e-02
4.26219397e-02 2.76638384e-02 1.82325286e-02 3.00567704e-02 1.02103887e-02 6.18632453e-03 1.51464807e-02 1.28241960e-03 1.25389972e-02 2.53318440e-02 0.00000000e+00 7.87672735e-03 2.68521621e-02 9.38114065e-02 7.39606100e-02 1.41155124e-02 7.39219948e-02 2.78707949e-02 7.77080041e-03 6.88233922e-02 8.43351784e-02 8.24716786e-02 5.79046332e-02 5.29826340e-02 5.57252662e-02 6.67325679e-02 7.30711689e-02 5.40853996e-02 8.45207135e-02
4.25209579e-02 2.80328004e-02 1.78187334e-02 3.23396290e-02 1.25909477e-02 5.35770235e-03 1.78403011e-02 6.99722170e-03 1.64160787e-02 2.52218608e-02 7.87672735e-03 0.00000000e+00 2.29362488e-02 9.49207822e-02 7.42975097e-02 1.62509011e-02 7.53667129e-02 2.75172137e-02 6.90709809e-03 6.88699785e-02 8.18319504e-02 8.37501283e-02 5.81072455e-02 5.43325223e-02 5.51910737e-02 6.46506561e-02 7.26147502e-02 5.21192638e-02 8.21587356e-02
5.13321497e-02 7.12956060e-03 2.13727331e-02 5.29306977e-02 3.33543409e-02 2.50023346e-02 3.82006251e-02 2.60069366e-02 2.06138507e-02 4.36441535e-03 2.68521621e-02 2.29362488e-02 0.00000000e+00 7.58397747e-02 9.38598330e-02 3.67182150e-02 9.58030032e-02 7.44839686e-03 2.58551541e-02 6.97144531e-02 8.24492837e-02 8.33747552e-02 6.70160980e-02 5.41410765e-02 4.22230097e-02 6.15624139e-02 6.04237720e-02 5.25408906e-02 8.26583800e-02
8.73339135e-02 7.41185181e-02 8.39035769e-02 6.71616420e-02 8.81671069e-02 9.45549375e-02 8.38941100e-02 9.28291994e-02 8.56358643e-02 7.56601985e-02 9.38114065e-02 9.49207822e-02 7.58397747e-02 0.00000000e+00 2.39812856e-02 8.31095099e-02 2.47748772e-02 7.43358889e-02 9.50026363e-02 6.43785956e-02 5.78590521e-02 5.72052326e-02 8.61669336e-02 8.17219889e-02 8.90433120e-02 6.94333749e-02 6.87809442e-02 9.09409574e-02 5.77933246e-02
7.82445853e-02 9.49022800e-02 7.96612119e-02 4.88120973e-02 6.98712068e-02 7.45983085e-02 6.59986485e-02 7.29495237e-02 8.14322757e-02 9.38073775e-02 7.39606100e-02 7.42975097e-02 9.38598330e-02 2.39812856e-02 0.00000000e+00 6.46932971e-02 6.62209545e-03 9.52301700e-02 7.34194264e-02 6.31729068e-02 5.67386718e-02 5.79546504e-02 7.80131411e-02 8.22623667e-02 1.01360203e-01 7.30184064e-02 8.07871156e-02 8.99958893e-02 5.68209990e-02
3.94625668e-02 3.54853073e-02 2.73537823e-02 1.92579685e-02 8.44728208e-03 1.58303180e-02 4.35074715e-03 1.31034682e-02 2.07720819e-02 3.63616184e-02 1.41155124e-02 1.62509011e-02 3.67182150e-02 8.31095099e-02 6.46932971e-02 0.00000000e+00 6.23103492e-02 3.52916549e-02 1.65812020e-02 7.23319627e-02 8.63760743e-02 8.79153278e-02 5.40287936e-02 4.90513550e-02 6.12750279e-02 6.22413827e-02 6.94855399e-02 5.68919665e-02 8.67538852e-02
7.88579260e-02 9.48726451e-02 7.92897135e-02 4.47242794e-02 6.79635668e-02 7.47143064e-02 6.26153924e-02 7.29365696e-02 7.92314631e-02 9.55490908e-02 7.39219948e-02 7.53667129e-02 9.58030032e-02 2.47748772e-02 6.62209545e-03 6.23103492e-02 0.00000000e+00 9.45086780e-02 7.57313578e-02 6.35736769e-02 5.68751498e-02 5.69883179e-02 7.80593195e-02 8.22238701e-02 1.01798743e-01 7.30438389e-02 8.03408418e-02 9.07266405e-02 5.70075131e-02
5.16916793e-02 7.05875310e-03 2.28274708e-02 5.18099802e-02 3.19227245e-02 2.66473581e-02 3.66381344e-02 2.70515568e-02 2.03519751e-02 6.78001388e-03 2.78707949e-02 2.75172137e-02 7.44839686e-03 7.43358889e-02 9.52301700e-02 3.52916549e-02 9.45086780e-02 0.00000000e+00 2.58361885e-02 7.00766350e-02 8.27634592e-02 8.35848933e-02 6.73306159e-02 5.45221099e-02 4.28216050e-02 6.19544059e-02 6.08151953e-02 5.29969516e-02 8.29908738e-02
4.24318943e-02 2.83184319e-02 1.82100639e-02 3.30758337e-02 1.32248516e-02 6.43997139e-03 1.84372598e-02 6.92375877e-03 1.64460201e-02 2.53585429e-02 7.77080041e-03 6.90709809e-03 2.58551541e-02 9.50026363e-02 7.34194264e-02 1.65812020e-02 7.57313578e-02 2.58361885e-02 0.00000000e+00 6.90582368e-02 8.18597182e-02 8.38791072e-02 5.87772308e-02 5.46586531e-02 5.51089000e-02 6.52909321e-02 7.24178696e-02 5.19830220e-02 8.21993510e-02
7.27308254e-02 7.03249812e-02 7.36977798e-02 7.20004315e-02 7.08647621e-02 6.90648869e-02 7.32076166e-02 6.79696679e-02 6.63073944e-02 6.95879882e-02 6.88233922e-02 6.88699785e-02 6.97144531e-02 6.43785956e-02 6.31729068e-02 7.23319627e-02 6.35736769e-02 7.00766350e-02 6.90582368e-02 0.00000000e+00 5.02149985e-02 6.70137510e-02 7.61603553e-02 7.53827641e-02 7.48079591e-02 7.76394512e-02 7.78091118e-02 7.02099534e-02 4.99308663e-02
8.61951369e-02 8.29109818e-02 8.62502247e-02 8.32405597e-02 8.58797035e-02 8.17492749e-02 8.74576308e-02 8.34555194e-02 8.21551807e-02 8.24517942e-02 8.43351784e-02 8.18319504e-02 8.24492837e-02 5.78590521e-02 5.67386718e-02 8.63760743e-02 5.68751498e-02 8.27634592e-02 8.18597182e-02 5.02149985e-02 0.00000000e+00 5.95698156e-02 9.07940444e-02 1.00741903e-01 8.73624085e-02 7.45672940e-02 8.02275543e-02 8.30167735e-02 3.51244128e-02
8.76995412e-02 8.39933032e-02 8.28970891e-02 8.41909459e-02 8.55466781e-02 8.36872005e-02 8.88206602e-02 8.16546055e-02 8.48597141e-02 8.32566527e-02 8.24716786e-02 8.37501283e-02 8.33747552e-02 5.72052326e-02 5.79546504e-02 8.79153278e-02 5.69883179e-02 8.35848933e-02 8.38791072e-02 6.70137510e-02 5.95698156e-02 0.00000000e+00 9.31513917e-02 8.69782124e-02 9.04276702e-02 7.61767883e-02 7.93289475e-02 1.00287882e-01 5.99438886e-02
5.81366968e-02 6.66760456e-02 6.16633500e-02 5.34232420e-02 5.75598715e-02 5.81712478e-02 5.54377984e-02 5.69410563e-02 6.25488772e-02 6.67913342e-02 5.79046332e-02 5.81072455e-02 6.70160980e-02 8.61669336e-02 7.80131411e-02 5.40287936e-02 7.80593195e-02 6.73306159e-02 5.87772308e-02 7.61603553e-02 9.07940444e-02 9.31513917e-02 0.00000000e+00 5.35186255e-02 6.98701704e-02 6.14708800e-02 8.20343245e-02 6.36204831e-02 8.95144615e-02
4.94492044e-02 5.37444583e-02 4.99179105e-02 5.33040169e-02 5.07150164e-02 5.41820673e-02 5.05793343e-02 5.20617932e-02 5.57201195e-02 5.38195837e-02 5.29826340e-02 5.43325223e-02 5.41410765e-02 8.17219889e-02 8.22623667e-02 4.90513550e-02 8.22238701e-02 5.45221099e-02 5.46586531e-02 7.53827641e-02 1.00741903e-01 8.69782124e-02 5.35186255e-02 0.00000000e+00 5.68856576e-02 5.98103011e-02 6.82167776e-02 6.33046004e-02 1.01151054e-01
5.84451851e-02 4.27211400e-02 5.16920112e-02 7.17894889e-02 5.91749479e-02 5.45123712e-02 6.22748401e-02 5.52324005e-02 5.13523646e-02 4.16660847e-02 5.57252662e-02 5.51910737e-02 4.22230097e-02 8.90433120e-02 1.01360203e-01 6.12750279e-02 1.01798743e-01 4.28216050e-02 5.51089000e-02 7.48079591e-02 8.73624085e-02 9.04276702e-02 6.98701704e-02 5.68856576e-02 0.00000000e+00 6.41695257e-02 6.64833976e-02 5.96675108e-02 8.82557663e-02
6.49951482e-02 6.10804613e-02 6.48027924e-02 6.40633343e-02 6.59814428e-02 6.41552258e-02 6.34961693e-02 6.58100352e-02 7.14084062e-02 6.13686049e-02 6.67325679e-02 6.46506561e-02 6.15624139e-02 6.94333749e-02 7.30184064e-02 6.22413827e-02 7.30438389e-02 6.19544059e-02 6.52909321e-02 7.76394512e-02 7.45672940e-02 7.61767883e-02 6.14708800e-02 5.98103011e-02 6.41695257e-02 0.00000000e+00 7.03989865e-02 7.04444874e-02 7.45592175e-02
6.75828933e-02 6.03866010e-02 6.91499187e-02 7.97003635e-02 7.16991864e-02 7.20528048e-02 7.01896955e-02 7.20682049e-02 6.85641669e-02 6.01361909e-02 7.30711689e-02 7.26147502e-02 6.04237720e-02 6.87809442e-02 8.07871156e-02 6.94855399e-02 8.03408418e-02 6.08151953e-02 7.24178696e-02 7.78091118e-02 8.02275543e-02 7.93289475e-02 8.20343245e-02 6.82167776e-02 6.64833976e-02 7.03989865e-02 0.00000000e+00 7.88744203e-02 8.11632159e-02
5.70875583e-02 5.30075078e-02 5.25925826e-02 6.13067578e-02 5.62372352e-02 5.17951532e-02 5.82821380e-02 5.31576347e-02 5.19269483e-02 5.22333718e-02 5.40853996e-02 5.21192638e-02 5.25408906e-02 9.09409574e-02 8.99958893e-02 5.68919665e-02 9.07266405e-02 5.29969516e-02 5.19830220e-02 7.02099534e-02 8.30167735e-02 1.00287882e-01 6.36204831e-02 6.33046004e-02 5.96675108e-02 7.04444874e-02 7.88744203e-02 0.00000000e+00 8.29341095e-02
8.68852501e-02 8.30772658e-02 8.62855515e-02 8.31678897e-02 8.62753890e-02 8.21378522e-02 8.77567347e-02 8.36116161e-02 8.21192490e-02 8.26554714e-02 8.45207135e-02 8.21587356e-02 8.26583800e-02 5.77933246e-02 5.68209990e-02 8.67538852e-02 5.70075131e-02 8.29908738e-02 8.21993510e-02 4.99308663e-02 3.51244128e-02 5.99438886e-02 8.95144615e-02 1.01151054e-01 8.82557663e-02 7.45592175e-02 8.11632159e-02 8.29341095e-02 0.00000000e+00
