0.00000000e+00 6.89110357e-01 6.22072208e-01 6.78872598e-01 5.54044849e-01 5.63468967e-01 5.46979026e-01 5.60715495e-01 5.95355860e-01 6.87082677e-01 5.69761949e-01 5.72539065e-01 6.91381906e-01 1.17739967e+00 1.05542840e+00 5.29999794e-01 1.05391566e+00 6.95857884e-01 5.71824503e-01 9.90663516e-01 1.14318672e+00 1.14679014e+00 7.57878313e-01 6.60038436e-01 7.54733620e-01 8.76798877e-01 8.72705292e-01 7.39417077e-01 1.15296577e+00
6.89110357e-01 0.00000000e+00 3.00894566e-01 6.79198132e-01 4.28970229e-01 3.49998387e-01 4.79638016e-01 3.66710889e-01 2.51442352e-01 6.53434004e-02 3.63729668e-01 3.71586192e-01 9.30482368e-02 9.85002392e-01 1.26330916e+00 4.69736462e-01 1.25250672e+00 9.16639174e-02 3.75586332e-01 9.44726089e-01 1.08438416e+00 1.08390203e+00 8.59583213e-01 7.08333028e-01 5.38743270e-01 8.12594993e-01 7.65787161e-01 6.76395410e-01 1.08722465e+00
6.22072208e-01 3.00894566e-01 0.00000000e+00 4.87543618e-01 3.13991138e-01 2.16191639e-01 3.80112079e-01 2.28194013e-01 2.53324586e-01 2.74226228e-01 2.38191096e-01 2.34267416e-01 2.81988273e-01 1.11507621e+00 1.05926756e+00 3.62007143e-01 1.04848383e+00 3.00852348e-01 2.39511015e-01 9.89309603e-01 1.12693995e+00 1.07026845e+00 7.92497862e-01 6.56220097e-01 6.56458196e-01 8.60935244e-01 8.84446451e-01 6.69551961e-01 1.12876220e+00
6.78872598e-01 6.79198132e-01 4.87543618e-01 0.00000000e+00 3.27515291e-01 4.09333995e-01 2.57349583e-01 3.82430673e-01 4.69035943e-01 6.85732669e-01 3.93912609e-01 4.25197130e-01 6.99274327e-01 8.86838847e-01 6.42950557e-01 2.52797528e-01 5.89099807e-01 6.84546853e-01 4.36196817e-01 9.62309813e-01 1.07953453e+00 1.08147497e+00 6.79628838e-01 6.95690262e-01 9.17991594e-01 8.44716005e-01 1.02315918e+00 7.78939170e-01 1.08076672e+00
5.54044849e-01 4.28970229e-01 3.13991138e-01 3.27515291e-01 0.00000000e+00 1.57990402e-01 1.25558584e-01 1.30189927e-01 2.28712865e-01 4.34164902e-01 1.33281307e-01 1.65854376e-01 4.41371445e-01 1.16616881e+00 9.24017398e-01 1.10495764e-01 8.91505827e-01 4.22091091e-01 1.74711987e-01 9.47771468e-01 1.11706728e+00 1.09823773e+00 7.36709223e-01 6.65002584e-01 7.52157257e-01 8.73037267e-01 9.13550788e-01 7.15787500e-01 1.12331786e+00
5.63468967e-01 3.49998387e-01 2.16191639e-01 4.09333995e-01 1.57990402e-01 0.00000000e+00 2.10047078e-01 7.06177254e-02 1.74009091e-01 2.90763198e-01 8.13091879e-02 6.89602193e-02 3.30496041e-01 1.25190162e+00 9.86723557e-01 2.07877219e-01 9.83264132e-01 3.52265772e-01 8.35724064e-02 9.24667742e-01 1.06365918e+00 1.07511614e+00 7.44730107e-01 7.10780485e-01 6.92968103e-01 8.48501572e-01 9.19444698e-01 6.58139103e-01 1.06938327e+00
5.46979026e-01 4.79638016e-01 3.80112079e-01 2.57349583e-01 1.25558584e-01 2.10047078e-01 0.00000000e+00 1.82420673e-01 2.75466460e-01 4.85259976e-01 1.94703785e-01 2.29772492e-01 5.00325214e-01 1.10448214e+00 8.67213557e-01 5.31638342e-02 8.23872978e-01 4.79766161e-01 2.38840194e-01 9.74048236e-01 1.13067916e+00 1.13769607e+00 7.02072087e-01 6.56004190e-01 7.90443956e-01 8.32448763e-01 8.92610656e-01 7.35775366e-01 1.13582749e+00
5.60715495e-01 3.66710889e-01 2.28194013e-01 3.82430673e-01 1.30189927e-01 7.06177254e-02 1.82420673e-01 0.00000000e+00 1.50184335e-01 3.25537848e-01 1.66114890e-02 9.16711286e-02 3.44564814e-01 1.22980155e+00 9.65834365e-01 1.72057373e-01 9.59120172e-01 3.58207724e-01 9.07257027e-02 9.10920370e-01 1.08652117e+00 1.04907216e+00 7.29698500e-01 6.83503235e-01 7.02662540e-01 8.71496380e-01 9.20285526e-01 6.76858499e-01 1.08976456e+00
5.95355860e-01 2.51442352e-01 2.53324586e-01 4.69035943e-01 2.28712865e-01 1.74009091e-01 2.75466460e-01 1.50184335e-01 0.00000000e+00 2.23150958e-01 1.60648208e-01 2.10702259e-01 2.67069584e-01 1.12574689e+00 1.07029198e+00 2.70639342e-01 1.04200092e+00 2.63787257e-01 2.12471003e-01 8.80537638e-01 1.05982794e+00 1.08500184e+00 7.94141970e-01 7.23597819e-01 6.48135298e-01 9.36239301e-01 8.70927808e-01 6.53086217e-01 1.06062601e+00
6.87082677e-01 6.53434004e-02 2.74226228e-01 6.85732669e-01 4.34164902e-01 2.90763198e-01 4.85259976e-01 3.25537848e-01 2.23150958e-01 0.00000000e+00 3.34820961e-01 3.33522690e-01 5.62817735e-02 1.00097921e+00 1.24344054e+00 4.80797313e-01 1.25996145e+00 8.82250814e-02 3.35873333e-01 9.32449447e-01 1.07381786e+00 1.07112213e+00 8.57905134e-01 7.06594175e-01 5.24957328e-01 8.12140014e-01 7.60604203e-01 6.64505963e-01 1.07706369e+00
5.69761949e-01 3.63729668e-01 2.38191096e-01 3.93912609e-01 1.33281307e-01 8.13091879e-02 1.94703785e-01 1.66114890e-02 1.60648208e-01 3.34820961e-01 0.00000000e+00 1.02747194e-01 3.54061437e-01 1.23665933e+00 9.74266497e-01 1.84459731e-01 9.67815226e-01 3.67397427e-01 1.01425684e-01 9.17803963e-01 1.09295604e+00 1.05468745e+00 7.38846027e-01 6.92393127e-01 7.05644562e-01 8.79456213e-01 9.28749625e-01 6.85806884e-01 1.09644990e+00
5.72539065e-01 3.71586192e-01 2.34267416e-01 4.25197130e-01 1.65854376e-01 6.89602193e-02 2.29772492e-01 9.16711286e-02 2.10702259e-01 3.33522690e-01 1.02747194e-01 0.00000000e+00 3.04620980e-01 1.25848638e+00 9.84635915e-01 2.13987415e-01 9.90926348e-01 3.65050656e-01 9.09375262e-02 9.24102147e-01 1.06686567e+00 1.07713344e+00 7.45892646e-01 7.14526780e-01 7.02045886e-01 8.57308293e-01 9.27088307e-01 6.64208652e-01 1.07187009e+00
6.91381906e-01 9.30482368e-02 2.81988273e-01 6.99274327e-01 4.41371445e-01 3.30496041e-01 5.00325214e-01 3.44564814e-01 2.67069584e-01 5.62817735e-02 3.54061437e-01 3.04620980e-01 0.00000000e+00 1.00430468e+00 1.24508513e+00 4.86427812e-01 1.26305631e+00 9.85073727e-02 3.43789762e-01 9.35395096e-01 1.07505796e+00 1.07361320e+00 8.62067337e-01 7.12172720e-01 5.32603865e-01 8.16019099e-01 7.64870547e-01 6.69843970e-01 1.07833241e+00
1.17739967e+00 9.85002392e-01 1.11507621e+00 8.86838847e-01 1.16616881e+00 1.25190162e+00 1.10448214e+00 1.22980155e+00 1.12574689e+00 1.00097921e+00 1.23665933e+00 1.25848638e+00 1.00430468e+00 0.00000000e+00 3.19343014e-01 1.10155544e+00 3.24109150e-01 9.84081570e-01 1.26178704e+00 8.63128797e-01 7.51582748e-01 7.34954759e-01 1.11106135e+00 1.07541349e+00 1.14405409e+00 9.22762088e-01 8.78834762e-01 1.16808929e+00 7.53557582e-01
1.05542840e+00 1.26330916e+00 1.05926756e+00 6.42950557e-01 9.24017398e-01 9.86723557e-01 8.67213557e-01 9.65834365e-01 1.07029198e+00 1.24344054e+00 9.74266497e-01 9.84635915e-01 1.24508513e+00 3.19343014e-01 0.00000000e+00 8.57017131e-01 8.21930387e-02 1.26295767e+00 9.74296030e-01 8.47803498e-01 7.37535383e-01 7.44068713e-01 1.00533190e+00 1.08348355e+00 1.30621137e+00 9.71439578e-01 1.03908866e+00 1.15672989e+00 7.41617209e-01
5.29999794e-01 4.69736462e-01 3.62007143e-01 2.52797528e-01 1.10495764e-01 2.07877219e-01 5.31638342e-02 1.72057373e-01 2.70639342e-01 4.80797313e-01 1.84459731e-01 2.13987415e-01 4.86427812e-01 1.10155544e+00 8.57017131e-01 0.00000000e+00 8.21244951e-01 4.67418133e-01 2.19356316e-01 9.68833564e-01 1.12515892e+00 1.13208161e+00 6.91102994e-01 6.43287708e-01 7.81878942e-01 8.24095206e-01 8.87770462e-01 7.24545303e-01 1.13125123e+00
1.05391566e+00 1.25250672e+00 1.04848383e+00 5.89099807e-01 8.91505827e-01 9.83264132e-01 8.23872978e-01 9.59120172e-01 1.04200092e+00 1.25996145e+00 9.67815226e-01 9.90926348e-01 1.26305631e+00 3.24109150e-01 8.21930387e-02 8.21244951e-01 0.00000000e+00 1.24630067e+00 9.98326407e-01 8.44463129e-01 7.31685453e-01 7.27781026e-01 9.96788380e-01 1.07417095e+00 1.30579172e+00 9.62575261e-01 1.03141969e+00 1.15660575e+00 7.35992328e-01
6.95857884e-01 9.16639174e-02 3.00852348e-01 6.84546853e-01 4.22091091e-01 3.52265772e-01 4.79766161e-01 3.58207724e-01 2.63787257e-01 8.82250814e-02 3.67397427e-01 3.65050656e-01 9.85073727e-02 9.84081570e-01 1.26295767e+00 4.67418133e-01 1.24630067e+00 0.00000000e+00 3.43603825e-01 9.39797845e-01 1.07876760e+00 1.07623955e+00 8.65729615e-01 7.16750822e-01 5.40103591e-01 8.20785480e-01 7.70314333e-01 6.75262003e-01 1.08223127e+00
5.71824503e-01 3.75586332e-01 2.39511015e-01 4.36196817e-01 1.74711987e-01 8.35724064e-02 2.38840194e-01 9.07257027e-02 2.12471003e-01 3.35873333e-01 1.01425684e-01 9.09375262e-02 3.43789762e-01 1.26178704e+00 9.74296030e-01 2.19356316e-01 9.98326407e-01 3.43603825e-01 0.00000000e+00 9.27819858e-01 1.06854647e+00 1.08102158e+00 7.55393366e-01 7.20047200e-01 7.02538428e-01 8.66698832e-01 9.26688907e-01 6.63457782e-01 1.07366688e+00
9.90663516e-01 9.44726089e-01 9.89309603e-01 9.62309813e-01 9.47771468e-01 9.24667742e-01 9.74048236e-01 9.10920370e-01 8.80537638e-01 9.32449447e-01 9.17803963e-01 9.24102147e-01 9.35395096e-01 8.63128797e-01 8.47803498e-01 9.68833564e-01 8.44463129e-01 9.39797845e-01 9.27819858e-01 0.00000000e+00 6.58705750e-01 8.69432674e-01 9.92010019e-01 1.00519723e+00 9.69480503e-01 1.04321620e+00 1.00952961e+00 9.09135052e-01 6.56005924e-01
1.14318672e+00 1.08438416e+00 1.12693995e+00 1.07953453e+00 1.11706728e+00 1.06365918e+00 1.13067916e+00 1.08652117e+00 1.05982794e+00 1.07381786e+00 1.09295604e+00 1.06686567e+00 1.07505796e+00 7.51582748e-01 7.37535383e-01 1.12515892e+00 7.31685453e-01 1.07876760e+00 1.06854647e+00 6.58705750e-01 0.00000000e+00 7.50886636e-01 1.15311520e+00 1.30925656e+00 1.10610647e+00 9.73626956e-01 1.01834702e+00 1.04855499e+00 4.44813202e-01
1.14679014e+00 1.08390203e+00 1.07026845e+00 1.08147497e+00 1.09823773e+00 1.07511614e+00 1.13769607e+00 1.04907216e+00 1.08500184e+00 1.07112213e+00 1.05468745e+00 1.07713344e+00 1.07361320e+00 7.34954759e-01 7.44068713e-01 1.13208161e+00 7.27781026e-01 1.07623955e+00 1.08102158e+00 8.69432674e-01 7.50886636e-01 0.00000000e+00 1.16767363e+00 1.11227613e+00 1.13185837e+00 9.81374404e-01 9.91279574e-01 1.26312651e+00 7.56386434e-01
7.57878313e-01 8.59583213e-01 7.92497862e-01 6.79628838e-01 7.36709223e-01 7.44730107e-01 7.02072087e-01 7.29698500e-01 7.94141970e-01 8.57905134e-01 7.38846027e-01 7.45892646e-01 8.62067337e-01 1.11106135e+00 1.00533190e+00 6.91102994e-01 9.96788380e-01 8.65729615e-01 7.55393366e-01 9.92010019e-01 1.15311520e+00 1.16767363e+00 0.00000000e+00 6.81317859e-01 8.70583785e-01 7.90983325e-01 1.02980200e+00 7.89999578e-01 1.14312222e+00
6.60038436e-01 7.08333028e-01 6.56220097e-01 6.95690262e-01 6.65002584e-01 7.10780485e-01 6.56004190e-01 6.83503235e-01 7.23597819e-01 7.06594175e-01 6.92393127e-01 7.14526780e-01 7.12172720e-01 1.07541349e+00 1.08348355e+00 6.43287708e-01 1.07417095e+00 7.16750822e-01 7.20047200e-01 1.00519723e+00 1.30925656e+00 1.11227613e+00 6.81317859e-01 0.00000000e+00 7.20610045e-01 7.87612910e-01 8.66337464e-01 8.04344649e-01 1.31366963e+00
7.54733620e-01 5.38743270e-01 6.56458196e-01 9.17991594e-01 7.52157257e-01 6.92968103e-01 7.90443956e-01 7.02662540e-01 6.48135298e-01 5.24957328e-01 7.05644562e-01 7.02045886e-01 5.32603865e-01 1.14405409e+00 1.30621137e+00 7.81878942e-01 1.30579172e+00 5.40103591e-01 7.02538428e-01 9.69480503e-01 1.10610647e+00 1.13185837e+00 8.70583785e-01 7.20610045e-01 0.00000000e+00 8.18508070e-01 8.24330823e-01 7.33914360e-01 1.11637703e+00
8.76798877e-01 8.12594993e-01 8.60935244e-01 8.44716005e-01 8.73037267e-01 8.48501572e-01 8.32448763e-01 8.71496380e-01 9.36239301e-01 8.12140014e-01 8.79456213e-01 8.57308293e-01 8.16019099e-01 9.22762088e-01 9.71439578e-01 8.24095206e-01 9.62575261e-01 8.20785480e-01 8.66698832e-01 1.04321620e+00 9.73626956e-01 9.81374404e-01 7.90983325e-01 7.87612910e-01 8.18508070e-01 0.00000000e+00 8.98697720e-01 9.02836572e-01 9.74816326e-01
8.72705292e-01 7.65787161e-01 8.84446451e-01 1.02315918e+00 9.13550788e-01 9.19444698e-01 8.92610656e-01 9.20285526e-01 8.70927808e-01 7.60604203e-01 9.28749625e-01 9.27088307e-01 7.64870547e-01 8.78834762e-01 1.03908866e+00 8.87770462e-01 1.03141969e+00 7.70314333e-01 9.26688907e-01 1.00952961e+00 1.01834702e+00 9.91279574e-01 1.02980200e+00 8.66337464e-01 8.24330823e-01 8.98697720e-01 0.00000000e+00 9.76328568e-01 1.02631679e+00
7.39417077e-01 6.76395410e-01 6.69551961e-01 7.78939170e-01 7.15787500e-01 6.58139103e-01 7.35775366e-01 6.76858499e-01 6.53086217e-01 6.64505963e-01 6.85806884e-01 6.64208652e-01 6.69843970e-01 1.16808929e+00 1.15672989e+00 7.24545303e-01 1.15660575e+00 6.75262003e-01 6.63457782e-01 9.09135052e-01 1.04855499e+00 1.26312651e+00 7.89999578e-01 8.04344649e-01 7.33914360e-01 9.02836572e-01 9.76328568e-01 0.00000000e+00 1.04865924e+00
1.15296577e+00 1.08722465e+00 1.12876220e+00 1.08076672e+00 1.12331786e+00 1.06938327e+00 1.13582749e+00 1.08976456e+00 1.06062601e+00 1.07706369e+00 1.09644990e+00 1.07187009e+00 1.07833241e+00 7.53557582e-01 7.41617209e-01 1.13125123e+00 7.35992328e-01 1.08223127e+00 1.07366688e+00 6.56005924e-01 4.44813202e-01 7.56386434e-01 1.14312222e+00 1.31366963e+00 1.11637703e+00 9.74816326e-01 1.02631679e+00 1.04865924e+00 0.00000000e+00
