0.00000000e+00 5.67380399e-02 5.13592002e-02 5.66400046e-02 4.58685778e-02 4.67535634e-02 4.60334875e-02 4.64477822e-02 5.01139373e-02 5.69512634e-02 4.74274461e-02 4.73102152e-02 5.71766048e-02 9.74257273e-02 8.72443726e-02 4.38878415e-02 8.79570923e-02 5.75669236e-02 4.72029417e-02 8.09258606e-02 9.59227921e-02 9.75313734e-02 6.44406478e-02 5.48209915e-02 6.48410306e-02 7.22288515e-02 7.51365319e-02 6.33114526e-02 9.66779297e-02
5.67380399e-02 0.00000000e+00 2.54480444e-02 5.77401091e-02 3.62531567e-02 2.97317382e-02 4.12794029e-02 3.10577014e-02 2.20937630e-02 5.74656759e-03 3.09675733e-02 3.13598523e-02 7.93051200e-03 8.29404501e-02 1.06234990e-01 3.97273401e-02 1.06231971e-01 7.83739217e-03 3.16710148e-02 7.85020175e-02 9.25329504e-02 9.36710971e-02 7.42737838e-02 5.98793615e-02 4.74645752e-02 6.81016386e-02 6.73259263e-02 5.89853445e-02 9.27031318e-02
5.13592002e-02 2.54480444e-02 0.00000000e+00 4.13958068e-02 2.65973272e-02 1.84574033e-02 3.26545218e-02 1.94444781e-02 2.19632722e-02 2.33098769e-02 2.03776980e-02 1.99079603e-02 2.38887909e-02 9.39061032e-02 8.91541656e-02 3.06072032e-02 8.87610369e-02 2.55032774e-02 2.03384255e-02 8.22886936e-02 9.62833807e-02 9.24418160e-02 6.86615236e-02 5.55954225e-02 5.75282905e-02 7.22828047e-02 7.71561407e-02 5.85266332e-02 9.63058653e-02
5.66400046e-02 5.77401091e-02 4.13958068e-02 0.00000000e+00 2.80628225e-02 3.47889241e-02 2.18616011e-02 3.25351125e-02 3.97621875e-02 5.80989639e-02 3.36496173e-02 3.62026681e-02 5.92822794e-02 7.51830425e-02 5.46118950e-02 2.15491260e-02 5.00578309e-02 5.80141849e-02 3.70187563e-02 8.03931002e-02 9.29236426e-02 9.39062521e-02 5.94281214e-02 5.94036917e-02 8.00732395e-02 7.14647656e-02 8.89923493e-02 6.83085229e-02 9.28239325e-02
4.58685778e-02 3.62531567e-02 2.65973272e-02 2.80628225e-02 0.00000000e+00 1.34872565e-02 1.11838904e-02 1.10847110e-02 1.99651089e-02 3.68093092e-02 1.13935838e-02 1.40515095e-02 3.73205134e-02 9.86830859e-02 7.81721724e-02 9.41773709e-03 7.60603663e-02 3.57061817e-02 1.47517238e-02 7.91112776e-02 9.58689948e-02 9.54151905e-02 6.40565311e-02 5.64895940e-02 6.59243711e-02 7.36059230e-02 8.00168561e-02 6.26130840e-02 9.62960499e-02
4.67535634e-02 2.97317382e-02 1.84574033e-02 3.47889241e-02 1.34872565e-02 0.00000000e+00 1.81379805e-02 6.00190912e-03 1.50513534e-02 2.45064552e-02 6.90351089e-03 5.97143964e-03 2.79868047e-02 1.05875251e-01 8.35065830e-02 1.77172902e-02 8.36572880e-02 2.98152744e-02 7.17224665e-03 7.71256959e-02 9.12712259e-02 9.33644571e-02 6.47781612e-02 6.04108306e-02 6.07265599e-02 7.15914350e-02 8.04468156e-02 5.76643721e-02 9.16902827e-02
4.60334875e-02 4.12794029e-02 3.26545218e-02 2.18616011e-02 1.11838904e-02 1.81379805e-02 0.00000000e+00 1.58387277e-02 2.34351973e-02 4.14193952e-02 1.69325145e-02 1.99491726e-02 4.27656994e-02 9.39067316e-02 7.38456659e-02 4.83559308e-03 7.00743121e-02 4.10042375e-02 2.06071683e-02 8.17491426e-02 9.76509326e-02 9.90954648e-02 6.16891199e-02 5.63499667e-02 6.94090466e-02 7.08307483e-02 7.83316548e-02 6.49186979e-02 9.79688702e-02
4.64477822e-02 3.10577014e-02 1.94444781e-02 3.25351125e-02 1.10847110e-02 6.00190912e-03 1.58387277e-02 0.00000000e+00 1.30921440e-02 2.74713200e-02 1.41655507e-03 7.81097101e-03 2.91176507e-02 1.03944321e-01 8.16618946e-02 1.46667760e-02 8.16710021e-02 3.02752188e-02 7.72160646e-03 7.59018441e-02 9.31907039e-02 9.10898714e-02 6.34024457e-02 5.80372710e-02 6.15397947e-02 7.34527300e-02 8.04690098e-02 5.91981209e-02 9.33488880e-02
5.01139373e-02 2.20937630e-02 2.19632722e-02 3.97621875e-02 1.99651089e-02 1.50513534e-02 2.34351973e-02 1.30921440e-02 0.00000000e+00 1.92402742e-02 1.40263725e-02 1.83687071e-02 2.30729110e-02 9.58804665e-02 9.11690492e-02 2.32614053e-02 8.87225039e-02 2.27646782e-02 1.83917614e-02 7.40331148e-02 9.17281761e-02 9.46768881e-02 6.96876530e-02 6.21362045e-02 5.71805734e-02 7.97280645e-02 7.65295404e-02 5.78145138e-02 9.16706436e-02
5.69512634e-02 5.74656759e-03 2.33098769e-02 5.80989639e-02 3.68093092e-02 2.45064552e-02 4.14193952e-02 2.74713200e-02 1.92402742e-02 0.00000000e+00 2.83624835e-02 2.82337127e-02 4.85484774e-03 8.46929410e-02 1.05037117e-01 4.07308443e-02 1.07011234e-01 7.54430636e-03 2.83772993e-02 7.76980424e-02 9.20429337e-02 9.28662947e-02 7.44290435e-02 5.99886870e-02 4.63031490e-02 6.84505180e-02 6.70677596e-02 5.81411738e-02 9.22549687e-02
4.74274461e-02 3.09675733e-02 2.03776980e-02 3.36496173e-02 1.13935838e-02 6.90351089e-03 1.69325145e-02 1.41655507e-03 1.40263725e-02 2.83624835e-02 0.00000000e+00 8.77852718e-03 3.00464838e-02 1.05024882e-01 8.27751187e-02 1.57827788e-02 8.27547760e-02 3.11747564e-02 8.65272599e-03 7.68378809e-02 9.41543741e-02 9.19841602e-02 6.44602516e-02 5.90481602e-02 6.20790190e-02 7.44653558e-02 8.15720338e-02 6.02160937e-02 9.43455578e-02
4.73102152e-02 3.13598523e-02 1.99079603e-02 3.62026681e-02 1.40515095e-02 5.97143964e-03 1.99491726e-02 7.81097101e-03 1.83687071e-02 2.82337127e-02 8.77852718e-03 0.00000000e+00 2.56732806e-02 1.06262983e-01 8.31473967e-02 1.81698462e-02 8.43686151e-02 3.07703427e-02 7.67623858e-03 7.68857733e-02 9.13415909e-02 9.34131366e-02 6.46841086e-02 6.05579552e-02 6.14672745e-02 7.21250948e-02 8.10568540e-02 5.80060667e-02 9.16914464e-02
5.71766048e-02 7.93051200e-03 2.38887909e-02 5.92822794e-02 3.73205134e-02 2.79868047e-02 4.27656994e-02 2.91176507e-02 2.30729110e-02 4.85484774e-03 3.00464838e-02 2.56732806e-02 0.00000000e+00 8.48715915e-02 1.05073293e-01 4.11103865e-02 1.07274030e-01 8.27208030e-03 2.89134656e-02 7.78178003e-02 9.20171381e-02 9.29754493e-02 7.46582767e-02 6.03268970e-02 4.69061547e-02 6.86455790e-02 6.73686357e-02 5.84635374e-02 9.22352985e-02
9.74257273e-02 8.29404501e-02 9.39061032e-02 7.51830425e-02 9.86830859e-02 1.05875251e-01 9.39067316e-02 1.03944321e-01 9.58804665e-02 8.46929410e-02 1.05024882e-01 1.06262983e-01 8.48715915e-02 0.00000000e+00 2.68258893e-02 9.30338142e-02 2.77184566e-02 8.31770932e-02 1.06345802e-01 7.17314246e-02 6.43576046e-02 6.35483329e-02 9.59999766e-02 9.11279912e-02 9.92766385e-02 7.73568382e-02 7.66337162e-02 1.01395294e-01 6.42645934e-02
8.72443726e-02 1.06234990e-01 8.91541656e-02 5.46118950e-02 7.81721724e-02 8.35065830e-02 7.38456659e-02 8.16618946e-02 9.11690492e-02 1.05037117e-01 8.27751187e-02 8.31473967e-02 1.05073293e-01 2.68258893e-02 0.00000000e+00 7.23879871e-02 7.36751737e-03 1.06593280e-01 8.21619734e-02 7.03917780e-02 6.31149880e-02 6.44023121e-02 8.68687041e-02 9.17472569e-02 1.13104987e-01 8.13903714e-02 9.01120632e-02 1.00347936e-01 6.31878440e-02
4.38878415e-02 3.97273401e-02 3.06072032e-02 2.15491260e-02 9.41773709e-03 1.77172902e-02 4.83559308e-03 1.46667760e-02 2.32614053e-02 4.07308443e-02 1.57827788e-02 1.81698462e-02 4.11103865e-02 9.30338142e-02 7.23879871e-02 0.00000000e+00 6.97411149e-02 3.95012353e-02 1.85321198e-02 8.07750043e-02 9.64450848e-02 9.80897059e-02 6.01151681e-02 5.46426862e-02 6.82970756e-02 6.94299692e-02 7.75517540e-02 6.33669057e-02 9.68519000e-02
8.79570923e-02 1.06231971e-01 8.87610369e-02 5.00578309e-02 7.60603663e-02 8.36572880e-02 7.00743121e-02 8.16710021e-02 8.87225039e-02 1.07011234e-01 8.27547760e-02 8.43686151e-02 1.07274030e-01 2.77184566e-02 7.36751737e-03 6.97411149e-02 0.00000000e+00 1.05810315e-01 8.47677774e-02 7.08683624e-02 6.32970993e-02 6.33445199e-02 8.69474799e-02 9.17296420e-02 1.13619401e-01 8.14456176e-02 8.96324010e-02 1.01193577e-01 6.34258128e-02
5.75669236e-02 7.83739217e-03 2.55032774e-02 5.80141849e-02 3.57061817e-02 2.98152744e-02 4.10042375e-02 3.02752188e-02 2.27646782e-02 7.54430636e-03 3.11747564e-02 3.07703427e-02 8.27208030e-03 8.31770932e-02 1.06593280e-01 3.95012353e-02 1.05810315e-01 0.00000000e+00 2.88879104e-02 7.82108270e-02 9.23555383e-02 9.31965398e-02 7.49972589e-02 6.07407656e-02 4.75636346e-02 6.90715097e-02 6.77936241e-02 5.89614356e-02 9.25942155e-02
4.72029417e-02 3.16710148e-02 2.03384255e-02 3.70187563e-02 1.47517238e-02 7.17224665e-03 2.06071683e-02 7.72160646e-03 1.83917614e-02 2.83772993e-02 8.65272599e-03 7.67623858e-03 2.89134656e-02 1.06345802e-01 8.21619734e-02 1.85321198e-02 8.47677774e-02 2.88879104e-02 0.00000000e+00 7.70890955e-02 9.13645538e-02 9.35488934e-02 6.54268865e-02 6.09158632e-02 6.13663638e-02 7.28356536e-02 8.08275468e-02 5.78449743e-02 9.17289365e-02
8.09258606e-02 7.85020175e-02 8.22886936e-02 8.03931002e-02 7.91112776e-02 7.71256959e-02 8.17491426e-02 7.59018441e-02 7.40331148e-02 7.76980424e-02 7.68378809e-02 7.68857733e-02 7.78178003e-02 7.17314246e-02 7.03917780e-02 8.07750043e-02 7.08683624e-02 7.82108270e-02 7.70890955e-02 0.00000000e+00 5.56855332e-02 7.44003654e-02 8.46545031e-02 8.39752644e-02 8.31990507e-02 8.64207188e-02 8.66058073e-02 7.80311500e-02 5.53538553e-02
9.59227921e-02 9.25329504e-02 9.62833807e-02 9.29236426e-02 9.58689948e-02 9.12712259e-02 9.76509326e-02 9.31907039e-02 9.17281761e-02 9.20429337e-02 9.41543741e-02 9.13415909e-02 9.20171381e-02 6.43576046e-02 6.31149880e-02 9.64450848e-02 6.32970993e-02 9.23555383e-02 9.13645538e-02 5.56855332e-02 0.00000000e+00 6.59930338e-02 1.00956991e-01 1.12206117e-01 9.71686217e-02 8.29014165e-02 8.92320058e-02 9.22938692e-02 3.87421716e-02
9.75313734e-02 9.36710971e-02 9.24418160e-02 9.39062521e-02 9.54151905e-02 9.33644571e-02 9.90954648e-02 9.10898714e-02 9.46768881e-02 9.28662947e-02 9.19841602e-02 9.34131366e-02 9.29754493e-02 6.35483329e-02 6.44023121e-02 9.80897059e-02 6.33445199e-02 9.31965398e-02 9.35488934e-02 7.44003654e-02 6.59930338e-02 0.00000000e+00 1.03514399e-01 9.67176997e-02 1.00506882e-01 8.46191958e-02 8.81554401e-02 1.11541391e-01 6.63917015e-02
6.44406478e-02 7.42737838e-02 6.86615236e-02 5.94281214e-02 6.40565311e-02 6.47781612e-02 6.16891199e-02 6.34024457e-02 6.96876530e-02 7.44290435e-02 6.44602516e-02 6.46841086e-02 7.46582767e-02 9.59999766e-02 8.68687041e-02 6.01151681e-02 8.69474799e-02 7.49972589e-02 6.54268865e-02 8.46545031e-02 1.00956991e-01 1.03514399e-01 0.00000000e+00 5.92988265e-02 7.75347556e-02 6.82126779e-02 9.11899076e-02 7.05111152e-02 9.95129101e-02
5.48209915e-02 5.98793615e-02 5.55954225e-02 5.94036917e-02 5.64895940e-02 6.04108306e-02 5.63499667e-02 5.80372710e-02 6.21362045e-02 5.99886870e-02 5.90481602e-02 6.05579552e-02 6.03268970e-02 9.11279912e-02 9.17472569e-02 5.46426862e-02 9.17296420e-02 6.07407656e-02 6.09158632e-02 8.39752644e-02 1.12206117e-01 9.67176997e-02 5.92988265e-02 0.00000000e+00 6.31107629e-02 6.64408286e-02 7.58292936e-02 7.02721233e-02 1.12648386e-01
6.48410306e-02 4.74645752e-02 5.75282905e-02 8.00732395e-02 6.59243711e-02 6.07265599e-02 6.94090466e-02 6.15397947e-02 5.71805734e-02 4.63031490e-02 6.20790190e-02 6.14672745e-02 4.69061547e-02 9.92766385e-02 1.13104987e-01 6.82970756e-02 1.13619401e-01 4.75636346e-02 6.13663638e-02 8.31990507e-02 9.71686217e-02 1.00506882e-01 7.75347556e-02 6.31107629e-02 0.00000000e+00 7.12612622e-02 7.38238330e-02 6.61338664e-02 9.81519156e-02
7.22288515e-02 6.81016386e-02 7.22828047e-02 7.14647656e-02 7.36059230e-02 7.15914350e-02 7.08307483e-02 7.34527300e-02 7.97280645e-02 6.84505180e-02 7.44653558e-02 7.21250948e-02 6.86455790e-02 7.73568382e-02 8.13903714e-02 6.94299692e-02 8.14456176e-02 6.90715097e-02 7.28356536e-02 8.64207188e-02 8.29014165e-02 8.46191958e-02 6.82126779e-02 6.64408286e-02 7.12612622e-02 0.00000000e+00 7.82748646e-02 7.82554551e-02 8.28766214e-02
7.51365319e-02 6.73259263e-02 7.71561407e-02 8.89923493e-02 8.00168561e-02 8.04468156e-02 7.83316548e-02 8.04690098e-02 7.65295404e-02 6.70677596e-02 8.15720338e-02 8.10568540e-02 6.73686357e-02 7.66337162e-02 9.01120632e-02 7.75517540e-02 8.96324010e-02 6.77936241e-02 8.08275468e-02 8.66058073e-02 8.92320058e-02 8.81554401e-02 9.11899076e-02 7.58292936e-02 7.38238330e-02 7.82748646e-02 0.00000000e+00 8.77020577e-02 9.02689464e-02
6.33114526e-02 5.89853445e-02 5.85266332e-02 6.83085229e-02 6.26130840e-02 5.76643721e-02 6.49186979e-02 5.91981209e-02 5.78145138e-02 5.81411738e-02 6.02160937e-02 5.80060667e-02 5.84635374e-02 1.01395294e-01 1.00347936e-01 6.33669057e-02 1.01193577e-01 5.89614356e-02 5.78449743e-02 7.80311500e-02 9.22938692e-02 1.11541391e-01 7.05111152e-02 7.02721233e-02 6.61338664e-02 7.82554551e-02 8.77020577e-02 0.00000000e+00 9.21835986e-02
9.66779297e-02 9.27031318e-02 9.63058653e-02 9.28239325e-02 9.62960499e-02 9.16902827e-02 9.79688702e-02 9.33488880e-02 9.16706436e-02 9.22549687e-02 9.43455578e-02 9.16914464e-02 9.22352985e-02 6.42645934e-02 6.31878440e-02 9.68519000e-02 6.34258128e-02 9.25942155e-02 9.17289365e-02 5.53538553e-02 3.87421716e-02 6.63917015e-02 9.95129101e-02 1.12648386e-01 9.81519156e-02 8.28766214e-02 9.02689464e-02 9.21835986e-02 0.00000000e+00
