0.00000000e+00 7.67434283e-01 6.92316416e-01 7.56129613e-01 6.16073609e-01 6.27042574e-01 6.08283741e-01 6.24024949e-01 6.62791887e-01 7.65480804e-01 6.33892693e-01 6.36948944e-01 7.70026810e-01 1.31340229e+00 1.17677348e+00 5.89341873e-01 1.17539108e+00 7.74873252e-01 6.36042180e-01 1.10223700e+00 1.27217375e+00 1.27529906e+00 8.40002343e-01 7.31676464e-01 8.37078198e-01 9.74365185e-01 9.69664389e-01 8.19825678e-01 1.28288959e+00
7.67434283e-01 0.00000000e+00 3.36316368e-01 7.60661470e-01 4.80068132e-01 3.91765020e-01 5.36890861e-01 4.10552370e-01 2.81425702e-01 7.27653984e-02 4.07143726e-01 4.15672015e-01 1.03474307e-01 1.10222042e+00 1.41414543e+00 5.25869538e-01 1.40240914e+00 1.01737661e-01 4.20032202e-01 1.05450912e+00 1.21025216e+00 1.20881741e+00 9.57587529e-01 7.89170937e-01 5.98396660e-01 9.05989830e-01 8.53353269e-01 7.52583963e-01 1.21321658e+00
6.92316416e-01 3.36316368e-01 0.00000000e+00 5.45792087e-01 3.50971401e-01 2.41691301e-01 4.25241921e-01 2.55216962e-01 2.83378099e-01 3.06718169e-01 2.66180193e-01 2.61702469e-01 3.15157165e-01 1.24797409e+00 1.18546047e+00 4.05042542e-01 1.17367916e+00 3.36083884e-01 2.67467192e-01 1.10454698e+00 1.25803472e+00 1.19352492e+00 8.82459356e-01 7.30811920e-01 7.30446960e-01 9.60273864e-01 9.86457603e-01 7.44982349e-01 1.25984706e+00
7.56129613e-01 7.60661470e-01 5.45792087e-01 0.00000000e+00 3.66371389e-01 4.58438248e-01 2.87846821e-01 4.28351402e-01 5.25390077e-01 7.68251722e-01 4.40971676e-01 4.75953616e-01 7.83155513e-01 9.92707257e-01 7.19287624e-01 2.82851987e-01 6.59321712e-01 7.66491396e-01 4.88164419e-01 1.07437917e+00 1.20506351e+00 1.20626886e+00 7.55971674e-01 7.75211929e-01 1.02384071e+00 9.42224108e-01 1.14209147e+00 8.67771565e-01 1.20620171e+00
6.16073609e-01 4.80068132e-01 3.50971401e-01 3.66371389e-01 0.00000000e+00 1.76537189e-01 1.40014744e-01 1.45398099e-01 2.55813803e-01 4.86033817e-01 1.48710742e-01 1.85084123e-01 4.93847981e-01 1.30522576e+00 1.03375739e+00 1.23174994e-01 9.97650461e-01 4.72107594e-01 1.94874459e-01 1.05798723e+00 1.24699963e+00 1.22493402e+00 8.19881247e-01 7.40689754e-01 8.37847717e-01 9.73886755e-01 1.01913737e+00 7.96850404e-01 1.25378338e+00
6.27042574e-01 3.91765020e-01 2.41691301e-01 4.58438248e-01 1.76537189e-01 0.00000000e+00 2.35035433e-01 7.89867277e-02 1.94930050e-01 3.25752316e-01 9.07307616e-02 7.68318438e-02 3.69930111e-01 1.40173311e+00 1.10450244e+00 2.32637475e-01 1.10089904e+00 3.94126558e-01 9.30461826e-02 1.03249912e+00 1.18754008e+00 1.19944548e+00 8.29333785e-01 7.92448731e-01 7.71873839e-01 9.46795140e-01 1.02617728e+00 7.32619328e-01 1.19373253e+00
6.08283741e-01 5.36890861e-01 4.25241921e-01 2.87846821e-01 1.40014744e-01 2.35035433e-01 0.00000000e+00 2.04096444e-01 3.08330390e-01 5.43450864e-01 2.17618573e-01 2.56877070e-01 5.60069451e-01 1.23622437e+00 9.70240112e-01 5.90236263e-02 9.21974128e-01 5.36892963e-01 2.66897031e-01 1.08756352e+00 1.26238630e+00 1.26928050e+00 7.81160106e-01 7.30724497e-01 8.80882905e-01 9.28483675e-01 9.95751783e-01 8.19390728e-01 1.26792453e+00
6.24024949e-01 4.10552370e-01 2.55216962e-01 4.28351402e-01 1.45398099e-01 7.89867277e-02 2.04096444e-01 0.00000000e+00 1.68174427e-01 3.64712805e-01 1.83428279e-02 1.02318601e-01 3.85768701e-01 1.37701425e+00 1.08114153e+00 1.92570493e-01 1.07391886e+00 4.00882830e-01 1.01163663e-01 1.01714794e+00 1.21326463e+00 1.17030721e+00 8.12535483e-01 7.61920856e-01 7.82824873e-01 9.72662966e-01 1.02719083e+00 7.53695252e-01 1.21667402e+00
6.62791887e-01 2.81425702e-01 2.83378099e-01 5.25390077e-01 2.55813803e-01 1.94930050e-01 3.08330390e-01 1.68174427e-01 0.00000000e+00 2.50032458e-01 1.79663719e-01 2.35707201e-01 2.98877491e-01 1.26033072e+00 1.19817243e+00 3.03039429e-01 1.16676835e+00 2.95005106e-01 2.37555165e-01 9.82982485e-01 1.18323258e+00 1.21048447e+00 8.84717767e-01 8.06799555e-01 7.21558414e-01 1.04518792e+00 9.71705394e-01 7.26954773e-01 1.18389524e+00
7.65480804e-01 7.27653984e-02 3.06718169e-01 7.68251722e-01 4.86033817e-01 3.25752316e-01 5.43450864e-01 3.64712805e-01 2.50032458e-01 0.00000000e+00 3.74873658e-01 3.73334375e-01 6.25803238e-02 1.12043551e+00 1.39224662e+00 5.38552211e-01 1.41104879e+00 9.81429630e-02 3.75839974e-01 1.04103888e+00 1.19872011e+00 1.19476214e+00 9.56040571e-01 7.87547469e-01 5.83232416e-01 9.05808857e-01 8.47843130e-01 7.39565325e-01 1.20213754e+00
6.33892693e-01 4.07143726e-01 2.66180193e-01 4.40971676e-01 1.48710742e-01 9.07307616e-02 2.17618573e-01 1.83428279e-02 1.79663719e-01 3.74873658e-01 0.00000000e+00 1.14492836e-01 3.96167750e-01 1.38442469e+00 1.09032136e+00 2.06228873e-01 1.08338750e+00 4.10936554e-01 1.12916274e-01 1.02458837e+00 1.22018248e+00 1.17631714e+00 8.22498420e-01 7.71607376e-01 7.85993290e-01 9.81303259e-01 1.03639703e+00 7.63439018e-01 1.22387232e+00
6.36948944e-01 4.15672015e-01 2.61702469e-01 4.75953616e-01 1.85084123e-01 7.68318438e-02 2.56877070e-01 1.02318601e-01 2.35707201e-01 3.73334375e-01 1.14492836e-01 0.00000000e+00 3.40968454e-01 1.40882633e+00 1.10188056e+00 2.39239332e-01 1.10921503e+00 4.08199958e-01 1.01048946e-01 1.03159088e+00 1.19085084e+00 1.20142426e+00 8.30354199e-01 7.96373103e-01 7.81784464e-01 9.56391212e-01 1.03448047e+00 7.39148408e-01 1.19623790e+00
7.70026810e-01 1.03474307e-01 3.15157165e-01 7.83155513e-01 4.93847981e-01 3.69930111e-01 5.60069451e-01 3.85768701e-01 2.98877491e-01 6.25803238e-02 3.96167750e-01 3.40968454e-01 0.00000000e+00 1.12386915e+00 1.39379686e+00 5.44601564e-01 1.41422759e+00 1.09392693e-01 3.84449743e-01 1.04405685e+00 1.19981550e+00 1.19725543e+00 9.60415472e-01 7.93516364e-01 5.91525294e-01 9.09871881e-01 8.52343280e-01 7.45263288e-01 1.20326542e+00
1.31340229e+00 1.10222042e+00 1.24797409e+00 9.92707257e-01 1.30522576e+00 1.40173311e+00 1.23622437e+00 1.37701425e+00 1.26033072e+00 1.12043551e+00 1.38442469e+00 1.40882633e+00 1.12386915e+00 0.00000000e+00 3.57220843e-01 1.23306271e+00 3.62575708e-01 1.10108388e+00 1.41240794e+00 9.61649768e-01 8.35945097e-01 8.16399688e-01 1.23783589e+00 1.19913028e+00 1.27540388e+00 1.02803972e+00 9.78728585e-01 1.30223525e+00 8.37899327e-01
1.17677348e+00 1.41414543e+00 1.18546047e+00 7.19287624e-01 1.03375739e+00 1.10450244e+00 9.70240112e-01 1.08114153e+00 1.19817243e+00 1.39224662e+00 1.09032136e+00 1.10188056e+00 1.39379686e+00 3.57220843e-01 0.00000000e+00 9.58916540e-01 9.13608260e-02 1.41361514e+00 1.09027392e+00 9.44626389e-01 8.20374273e-01 8.26797844e-01 1.11943609e+00 1.20835550e+00 1.45745939e+00 1.08280182e+00 1.15862611e+00 1.28966317e+00 8.24689775e-01
5.89341873e-01 5.25869538e-01 4.05042542e-01 2.82851987e-01 1.23174994e-01 2.32637475e-01 5.90236263e-02 1.92570493e-01 3.03039429e-01 5.38552211e-01 2.06228873e-01 2.39239332e-01 5.44601564e-01 1.23306271e+00 9.58916540e-01 0.00000000e+00 9.19143017e-01 5.23159541e-01 2.45153524e-01 1.08184157e+00 1.25632118e+00 1.26312681e+00 7.68969149e-01 7.16575209e-01 8.71409857e-01 9.19232705e-01 9.90462281e-01 8.06917599e-01 1.26292528e+00
1.17539108e+00 1.40240914e+00 1.17367916e+00 6.59321712e-01 9.97650461e-01 1.10089904e+00 9.21974128e-01 1.07391886e+00 1.16676835e+00 1.41104879e+00 1.08338750e+00 1.10921503e+00 1.41422759e+00 3.62575708e-01 9.13608260e-02 9.19143017e-01 0.00000000e+00 1.39527845e+00 1.11738899e+00 9.41223509e-01 8.14179582e-01 8.08877572e-01 1.11019172e+00 1.19823584e+00 1.45729256e+00 1.07319623e+00 1.15032762e+00 1.28985003e+00 8.18742003e-01
7.74873252e-01 1.01737661e-01 3.36083884e-01 7.66491396e-01 4.72107594e-01 3.94126558e-01 5.36892963e-01 4.00882830e-01 2.95005106e-01 9.81429630e-02 4.10936554e-01 4.08199958e-01 1.09392693e-01 1.10108388e+00 1.41361514e+00 5.23159541e-01 1.39527845e+00 0.00000000e+00 3.84185380e-01 1.04881699e+00 1.20378917e+00 1.20000844e+00 9.64339395e-01 7.98469952e-01 5.99751657e-01 9.15033301e-01 8.58264404e-01 7.51157536e-01 1.20745064e+00
6.36042180e-01 4.20032202e-01 2.67467192e-01 4.88164419e-01 1.94874459e-01 9.30461826e-02 2.66897031e-01 1.01163663e-01 2.37555165e-01 3.75839974e-01 1.12916274e-01 1.01048946e-01 3.84449743e-01 1.41240794e+00 1.09027392e+00 2.45153524e-01 1.11738899e+00 3.84185380e-01 0.00000000e+00 1.03565075e+00 1.19262261e+00 1.20566703e+00 8.40890372e-01 8.02456182e-01 7.82219973e-01 9.66816799e-01 1.03391972e+00 7.38192339e-01 1.19814099e+00
1.10223700e+00 1.05450912e+00 1.10454698e+00 1.07437917e+00 1.05798723e+00 1.03249912e+00 1.08756352e+00 1.01714794e+00 9.82982485e-01 1.04103888e+00 1.02458837e+00 1.03159088e+00 1.04405685e+00 9.61649768e-01 9.44626389e-01 1.08184157e+00 9.41223509e-01 1.04881699e+00 1.03565075e+00 0.00000000e+00 7.30385856e-01 9.65166538e-01 1.10260391e+00 1.11973199e+00 1.07804049e+00 1.16117872e+00 1.12315775e+00 1.01022527e+00 7.27173910e-01
1.27217375e+00 1.21025216e+00 1.25803472e+00 1.20506351e+00 1.24699963e+00 1.18754008e+00 1.26238630e+00 1.21326463e+00 1.18323258e+00 1.19872011e+00 1.22018248e+00 1.19085084e+00 1.19981550e+00 8.35945097e-01 8.20374273e-01 1.25632118e+00 8.14179582e-01 1.20378917e+00 1.19262261e+00 7.30385856e-01 0.00000000e+00 8.31659671e-01 1.28208689e+00 1.45819775e+00 1.23005350e+00 1.08239756e+00 1.13217685e+00 1.16549474e+00 4.90436071e-01
1.27529906e+00 1.20881741e+00 1.19352492e+00 1.20626886e+00 1.22493402e+00 1.19944548e+00 1.26928050e+00 1.17030721e+00 1.21048447e+00 1.19476214e+00 1.17631714e+00 1.20142426e+00 1.19725543e+00 8.16399688e-01 8.26797844e-01 1.26312681e+00 8.08877572e-01 1.20000844e+00 1.20566703e+00 9.65166538e-01 8.31659671e-01 0.00000000e+00 1.29740468e+00 1.23670086e+00 1.25776161e+00 1.09004691e+00 1.10102093e+00 1.40468789e+00 8.37547464e-01
8.40002343e-01 9.57587529e-01 8.82459356e-01 7.55971674e-01 8.19881247e-01 8.29333785e-01 7.81160106e-01 8.12535483e-01 8.84717767e-01 9.56040571e-01 8.22498420e-01 8.30354199e-01 9.60415472e-01 1.23783589e+00 1.11943609e+00 7.68969149e-01 1.11019172e+00 9.64339395e-01 8.40890372e-01 1.10260391e+00 1.28208689e+00 1.29740468e+00 0.00000000e+00 7.54795666e-01 9.65830887e-01 8.77673814e-01 1.14424745e+00 8.75286806e-01 1.27075935e+00
7.31676464e-01 7.89170937e-01 7.30811920e-01 7.75211929e-01 7.40689754e-01 7.92448731e-01 7.30724497e-01 7.61920856e-01 8.06799555e-01 7.87547469e-01 7.71607376e-01 7.96373103e-01 7.93516364e-01 1.19913028e+00 1.20835550e+00 7.16575209e-01 1.19823584e+00 7.98469952e-01 8.02456182e-01 1.11973199e+00 1.45819775e+00 1.23670086e+00 7.54795666e-01 0.00000000e+00 7.99236835e-01 8.74873778e-01 9.62480822e-01 8.92660999e-01 1.46291688e+00
8.37078198e-01 5.98396660e-01 7.30446960e-01 1.02384071e+00 8.37847717e-01 7.71873839e-01 8.80882905e-01 7.82824873e-01 7.21558414e-01 5.83232416e-01 7.85993290e-01 7.81784464e-01 5.91525294e-01 1.27540388e+00 1.45745939e+00 8.71409857e-01 1.45729256e+00 5.99751657e-01 7.82219973e-01 1.07804049e+00 1.23005350e+00 1.25776161e+00 9.65830887e-01 7.99236835e-01 0.00000000e+00 9.08727435e-01 9.14709428e-01 8.13016337e-01 1.24131819e+00
9.74365185e-01 9.05989830e-01 9.60273864e-01 9.42224108e-01 9.73886755e-01 9.46795140e-01 9.28483675e-01 9.72662966e-01 1.04518792e+00 9.05808857e-01 9.81303259e-01 9.56391212e-01 9.09871881e-01 1.02803972e+00 1.08280182e+00 9.19232705e-01 1.07319623e+00 9.15033301e-01 9.66816799e-01 1.16117872e+00 1.08239756e+00 1.09004691e+00 8.77673814e-01 8.74873778e-01 9.08727435e-01 0.00000000e+00 9.98685502e-01 1.00274931e+00 1.08351994e+00
9.69664389e-01 8.53353269e-01 9.86457603e-01 1.14209147e+00 1.01913737e+00 1.02617728e+00 9.95751783e-01 1.02719083e+00 9.71705394e-01 8.47843130e-01 1.03639703e+00 1.03448047e+00 8.52343280e-01 9.78728585e-01 1.15862611e+00 9.90462281e-01 1.15032762e+00 8.58264404e-01 1.03391972e+00 1.12315775e+00 1.13217685e+00 1.10102093e+00 1.14424745e+00 9.62480822e-01 9.14709428e-01 9.98685502e-01 0.00000000e+00 1.08488872e+00 1.14091739e+00
8.19825678e-01 7.52583963e-01 7.44982349e-01 8.67771565e-01 7.96850404e-01 7.32619328e-01 8.19390728e-01 7.53695252e-01 7.26954773e-01 7.39565325e-01 7.63439018e-01 7.39148408e-01 7.45263288e-01 1.30223525e+00 1.28966317e+00 8.06917599e-01 1.28985003e+00 7.51157536e-01 7.38192339e-01 1.01022527e+00 1.16549474e+00 1.40468789e+00 8.75286806e-01 8.92660999e-01 8.13016337e-01 1.00274931e+00 1.08488872e+00 0.00000000e+00 1.16537803e+00
1.28288959e+00 1.21321658e+00 1.25984706e+00 1.20620171e+00 1.25378338e+00 1.19373253e+00 1.26792453e+00 1.21667402e+00 1.18389524e+00 1.20213754e+00 1.22387232e+00 1.19623790e+00 1.20326542e+00 8.37899327e-01 8.24689775e-01 1.26292528e+00 8.18742003e-01 1.20745064e+00 1.19814099e+00 7.27173910e-01 4.90436071e-01 8.37547464e-01 1.27075935e+00 1.46291688e+00 1.24131819e+00 1.08351994e+00 1.14091739e+00 1.16537803e+00 0.00000000e+00
