0.00000000e+00 2.57312139e+07 2.55302085e+07 2.51953104e+07 2.46372094e+07 2.33023016e+07 2.42606565e+07 2.30456699e+07 2.36366807e+07 2.48668048e+07 2.38307189e+07 2.43970099e+07 2.59609487e+07 3.45264660e+07 3.30828916e+07 2.36692240e+07 3.20690621e+07 2.67614619e+07 2.48830568e+07 3.96318352e+07 4.43822354e+07 4.75092607e+07 4.12114566e+07 3.65296856e+07 3.96446411e+07 3.94829601e+07 4.12112960e+07 4.03609082e+07 4.52617802e+07
2.57312139e+07 0.00000000e+00 6.92395301e+06 9.85038615e+06 7.73622716e+06 5.74869237e+06 8.16706592e+06 5.76481138e+06 4.35001399e+06 2.28874569e+06 5.93820933e+06 7.16437031e+06 3.99710283e+06 1.68470869e+07 2.00715291e+07 7.70924339e+06 1.88225741e+07 4.80420061e+06 7.75911371e+06 2.57100827e+07 2.96467558e+07 3.26975530e+07 2.90492023e+07 2.44463754e+07 2.47973039e+07 2.57823797e+07 2.72499641e+07 2.71546663e+07 3.04030546e+07
2.55302085e+07 6.92395301e+06 0.00000000e+00 8.31438601e+06 7.42585079e+06 5.06618996e+06 7.79118762e+06 4.95420330e+06 5.34653746e+06 5.81546517e+06 5.66045771e+06 6.27521567e+06 6.94937524e+06 1.89712592e+07 1.82674498e+07 7.17160174e+06 1.70987999e+07 8.01364634e+06 6.85924488e+06 2.64949516e+07 3.03899612e+07 3.30816792e+07 2.88042605e+07 2.43571872e+07 2.62253573e+07 2.65585878e+07 2.86668691e+07 2.74646556e+07 3.11500730e+07
2.51953104e+07 9.85038615e+06 8.31438601e+06 0.00000000e+00 6.35717430e+06 5.92112619e+06 5.15878483e+06 5.36309554e+06 6.52948491e+06 9.14176579e+06 6.09624949e+06 7.19935089e+06 1.03942517e+07 1.44562432e+07 1.17821965e+07 4.72708712e+06 9.73272506e+06 1.09697122e+07 7.86089125e+06 2.53789711e+07 2.89573462e+07 3.21638276e+07 2.69955502e+07 2.38062569e+07 2.76238774e+07 2.55137832e+07 2.90766138e+07 2.75245078e+07 2.97287856e+07
2.46372094e+07 7.73622716e+06 7.42585079e+06 6.35717430e+06 0.00000000e+00 3.96137281e+06 4.47089936e+06 3.50503682e+06 4.75838719e+06 7.28212236e+06 3.94252278e+06 5.10127456e+06 8.40991372e+06 1.93803069e+07 1.67106766e+07 3.96847453e+06 1.52466861e+07 8.89937132e+06 5.78465075e+06 2.58497514e+07 2.99934247e+07 3.30116405e+07 2.80962655e+07 2.41299104e+07 2.66558912e+07 2.63489014e+07 2.86179332e+07 2.75842355e+07 3.07799945e+07
2.33023016e+07 5.74869237e+06 5.06618996e+06 5.92112619e+06 3.96137281e+06 0.00000000e+00 4.12619281e+06 1.45253646e+06 2.37723322e+06 3.91524196e+06 2.15475985e+06 2.73454390e+06 5.87528700e+06 1.89324109e+07 1.59317078e+07 3.86249580e+06 1.48724983e+07 6.94472904e+06 3.53432778e+06 2.42072960e+07 2.80528267e+07 3.13034672e+07 2.66272542e+07 2.30599574e+07 2.47043505e+07 2.46814122e+07 2.71891122e+07 2.56193853e+07 2.88374346e+07
2.42606565e+07 8.16706592e+06 7.79118762e+06 5.15878483e+06 4.47089936e+06 4.12619281e+06 0.00000000e+00 3.66690895e+06 4.92808729e+06 7.45897847e+06 4.40263310e+06 5.45949525e+06 8.72407682e+06 1.83134350e+07 1.56838604e+07 3.01899454e+06 1.40759553e+07 9.20134859e+06 6.16021892e+06 2.57890051e+07 2.98019900e+07 3.30803793e+07 2.74925111e+07 2.37513702e+07 2.67088215e+07 2.57150185e+07 2.81643705e+07 2.74446922e+07 3.05911471e+07
2.30456699e+07 5.76481138e+06 4.95420330e+06 5.36309554e+06 3.50503682e+06 1.45253646e+06 3.66690895e+06 0.00000000e+00 2.33391062e+06 4.44843519e+06 9.31875114e+05 2.82151268e+06 5.79269968e+06 1.84959330e+07 1.55008319e+07 3.19463924e+06 1.43125466e+07 6.72516612e+06 3.31443048e+06 2.38662908e+07 2.79856167e+07 3.08485071e+07 2.62781901e+07 2.26059152e+07 2.45344034e+07 2.46273983e+07 2.69651358e+07 2.55169154e+07 2.87522732e+07
2.36366807e+07 4.35001399e+06 5.34653746e+06 6.52948491e+06 4.75838719e+06 2.37723322e+06 4.92808729e+06 2.33391062e+06 0.00000000e+00 2.94990601e+06 3.03430419e+06 4.31685742e+06 5.04878865e+06 1.75041180e+07 1.68562872e+07 4.46836288e+06 1.54736353e+07 5.83788941e+06 4.91032011e+06 2.39144465e+07 2.80806753e+07 3.14998085e+07 2.71330193e+07 2.32430026e+07 2.44233034e+07 2.54640931e+07 2.69145117e+07 2.56143322e+07 2.88342818e+07
2.48668048e+07 2.28874569e+06 5.81546517e+06 9.14176579e+06 7.28212236e+06 3.91524196e+06 7.45897847e+06 4.44843519e+06 2.94990601e+06 0.00000000e+00 5.14573280e+06 5.86734429e+06 2.74125888e+06 1.61828730e+07 1.88995710e+07 7.02196150e+06 1.80931668e+07 4.01153896e+06 6.45613558e+06 2.47879607e+07 2.86990828e+07 3.18015847e+07 2.81437946e+07 2.35575201e+07 2.38495270e+07 2.49036114e+07 2.63745855e+07 2.61998557e+07 2.94639118e+07
2.38307189e+07 5.93820933e+06 5.66045771e+06 6.09624949e+06 3.94252278e+06 2.15475985e+06 4.40263310e+06 9.31875114e+05 3.03430419e+06 5.14573280e+06 0.00000000e+00 3.53450240e+06 6.49804239e+06 1.92354085e+07 1.62481067e+07 3.92543958e+06 1.50807350e+07 7.43187716e+06 4.02505978e+06 2.46256775e+07 2.87827136e+07 3.16256245e+07 2.70973645e+07 2.33933570e+07 2.50382104e+07 2.54136408e+07 2.77649401e+07 2.63314346e+07 2.95549725e+07
2.43970099e+07 7.16437031e+06 6.27521567e+06 7.19935089e+06 5.10127456e+06 2.73454390e+06 5.45949525e+06 2.82151268e+06 4.31685742e+06 5.86734429e+06 3.53450240e+06 0.00000000e+00 5.42030029e+06 2.00645738e+07 1.69626780e+07 4.92679556e+06 1.60299186e+07 8.10322397e+06 4.63653856e+06 2.52364316e+07 2.91419108e+07 3.23881647e+07 2.77096739e+07 2.41451861e+07 2.58343467e+07 2.58059590e+07 2.82832691e+07 2.67343889e+07 2.99190883e+07
2.59609487e+07 3.99710283e+06 6.94937524e+06 1.03942517e+07 8.40991372e+06 5.87528700e+06 8.72407682e+06 5.79269968e+06 5.04878865e+06 2.74125888e+06 6.49804239e+06 5.42030029e+06 0.00000000e+00 1.73281050e+07 2.00032995e+07 8.12019440e+06 1.92137601e+07 5.21958422e+06 7.59366361e+06 2.58903106e+07 2.98145531e+07 3.29458264e+07 2.92929432e+07 2.47033845e+07 2.50179510e+07 2.60245555e+07 2.74970900e+07 2.73536020e+07 3.05802322e+07
3.45264660e+07 1.68470869e+07 1.89712592e+07 1.44562432e+07 1.93803069e+07 1.89324109e+07 1.83134350e+07 1.84959330e+07 1.75041180e+07 1.61828730e+07 1.92354085e+07 2.00645738e+07 1.73281050e+07 0.00000000e+00 6.57301328e+06 1.78355563e+07 6.66720741e+06 1.76776768e+07 2.06175681e+07 2.89954518e+07 3.03351234e+07 3.31933924e+07 3.61106887e+07 3.23920358e+07 3.49803522e+07 3.10543959e+07 3.23692495e+07 3.62665165e+07 3.11759008e+07
3.30828916e+07 2.00715291e+07 1.82674498e+07 1.17821965e+07 1.67106766e+07 1.59317078e+07 1.56838604e+07 1.55008319e+07 1.68562872e+07 1.88995710e+07 1.62481067e+07 1.69626780e+07 2.00032995e+07 6.57301328e+06 0.00000000e+00 1.51389178e+07 4.05310793e+06 2.10263208e+07 1.69753532e+07 2.84410945e+07 2.97593755e+07 3.28390070e+07 3.47835169e+07 3.20293255e+07 3.58622393e+07 3.10423592e+07 3.32796840e+07 3.57368179e+07 3.06090274e+07
2.36692240e+07 7.70924339e+06 7.17160174e+06 4.72708712e+06 3.96847453e+06 3.86249580e+06 3.01899454e+06 3.19463924e+06 4.46836288e+06 7.02196150e+06 3.92543958e+06 4.92679556e+06 8.12019440e+06 1.78355563e+07 1.51389178e+07 0.00000000e+00 1.36434447e+07 8.62479150e+06 5.51831878e+06 2.52768427e+07 2.92810342e+07 3.25283623e+07 2.69331174e+07 2.31812844e+07 2.61443633e+07 2.51758520e+07 2.76226575e+07 2.68652867e+07 3.00673475e+07
3.20690621e+07 1.88225741e+07 1.70987999e+07 9.73272506e+06 1.52466861e+07 1.48724983e+07 1.40759553e+07 1.43125466e+07 1.54736353e+07 1.80931668e+07 1.50807350e+07 1.60299186e+07 1.92137601e+07 6.66720741e+06 4.05310793e+06 1.36434447e+07 0.00000000e+00 1.97810525e+07 1.66458003e+07 2.72899797e+07 2.85075133e+07 3.15150302e+07 3.36309147e+07 3.09023175e+07 3.48547105e+07 2.98837886e+07 3.21727497e+07 3.46897874e+07 2.93757552e+07
2.67614619e+07 4.80420061e+06 8.01364634e+06 1.09697122e+07 8.89937132e+06 6.94472904e+06 9.20134859e+06 6.72516612e+06 5.83788941e+06 4.01153896e+06 7.43187716e+06 8.10322397e+06 5.21958422e+06 1.76776768e+07 2.10263208e+07 8.62479150e+06 1.97810525e+07 0.00000000e+00 7.87572754e+06 2.66953379e+07 3.06381151e+07 3.37792143e+07 3.01239486e+07 2.55328912e+07 2.58886920e+07 2.68579242e+07 2.83318745e+07 2.81993460e+07 3.14086165e+07
2.48830568e+07 7.75911371e+06 6.85924488e+06 7.86089125e+06 5.78465075e+06 3.53432778e+06 6.16021892e+06 3.31443048e+06 4.91032011e+06 6.45613558e+06 4.02505978e+06 4.63653856e+06 7.59366361e+06 2.06175681e+07 1.69753532e+07 5.51831878e+06 1.66458003e+07 7.87572754e+06 0.00000000e+00 2.57610107e+07 2.96643838e+07 3.29392304e+07 2.83172258e+07 2.46960223e+07 2.63572109e+07 2.63798693e+07 2.87766013e+07 2.72446857e+07 3.04368764e+07
3.96318352e+07 2.57100827e+07 2.64949516e+07 2.53789711e+07 2.58497514e+07 2.42072960e+07 2.57890051e+07 2.38662908e+07 2.39144465e+07 2.47879607e+07 2.46256775e+07 2.52364316e+07 2.58903106e+07 2.89954518e+07 2.84410945e+07 2.52768427e+07 2.72899797e+07 2.66953379e+07 2.57610107e+07 0.00000000e+00 3.51131545e+07 4.17026776e+07 4.17117542e+07 3.50224108e+07 3.97868805e+07 3.91420557e+07 4.10001026e+07 4.05511038e+07 3.57570055e+07
4.43822354e+07 2.96467558e+07 3.03899612e+07 2.89573462e+07 2.99934247e+07 2.80528267e+07 2.98019900e+07 2.79856167e+07 2.80806753e+07 2.86990828e+07 2.87827136e+07 2.91419108e+07 2.98145531e+07 3.03351234e+07 2.97593755e+07 2.92810342e+07 2.85075133e+07 3.06381151e+07 2.96643838e+07 3.51131545e+07 0.00000000e+00 4.28956867e+07 4.67443935e+07 4.53431328e+07 4.46058107e+07 4.10827409e+07 4.39954069e+07 4.51699200e+07 3.39957540e+07
4.75092607e+07 3.26975530e+07 3.30816792e+07 3.21638276e+07 3.30116405e+07 3.13034672e+07 3.30803793e+07 3.08485071e+07 3.14998085e+07 3.18015847e+07 3.16256245e+07 3.23881647e+07 3.29458264e+07 3.31933924e+07 3.28390070e+07 3.25283623e+07 3.15150302e+07 3.37792143e+07 3.29392304e+07 4.17026776e+07 4.28956867e+07 0.00000000e+00 5.04127902e+07 4.60443398e+07 4.87025886e+07 4.46675119e+07 4.66386946e+07 5.13852758e+07 4.38399685e+07
4.12114566e+07 2.90492023e+07 2.88042605e+07 2.69955502e+07 2.80962655e+07 2.66272542e+07 2.74925111e+07 2.62781901e+07 2.71330193e+07 2.81437946e+07 2.70973645e+07 2.77096739e+07 2.92929432e+07 3.61106887e+07 3.47835169e+07 2.69331174e+07 3.36309147e+07 3.01239486e+07 2.83172258e+07 4.17117542e+07 4.67443935e+07 5.04127902e+07 0.00000000e+00 3.77547799e+07 4.26932518e+07 3.90840929e+07 4.59293460e+07 4.34918558e+07 4.72309739e+07
3.65296856e+07 2.44463754e+07 2.43571872e+07 2.38062569e+07 2.41299104e+07 2.30599574e+07 2.37513702e+07 2.26059152e+07 2.32430026e+07 2.35575201e+07 2.33933570e+07 2.41451861e+07 2.47033845e+07 3.23920358e+07 3.20293255e+07 2.31812844e+07 3.09023175e+07 2.55328912e+07 2.46960223e+07 3.50224108e+07 4.53431328e+07 4.60443398e+07 3.77547799e+07 0.00000000e+00 3.71224307e+07 3.62287499e+07 4.02982353e+07 4.01095326e+07 4.61379132e+07
3.96446411e+07 2.47973039e+07 2.62253573e+07 2.76238774e+07 2.66558912e+07 2.47043505e+07 2.67088215e+07 2.45344034e+07 2.44233034e+07 2.38495270e+07 2.50382104e+07 2.58343467e+07 2.50179510e+07 3.49803522e+07 3.58622393e+07 2.61443633e+07 3.48547105e+07 2.58886920e+07 2.63572109e+07 3.97868805e+07 4.46058107e+07 4.87025886e+07 4.26932518e+07 3.71224307e+07 0.00000000e+00 3.87614086e+07 4.19309647e+07 4.14219539e+07 4.55267496e+07
3.94829601e+07 2.57823797e+07 2.65585878e+07 2.55137832e+07 2.63489014e+07 2.46814122e+07 2.57150185e+07 2.46273983e+07 2.54640931e+07 2.49036114e+07 2.54136408e+07 2.58059590e+07 2.60245555e+07 3.10543959e+07 3.10423592e+07 2.51758520e+07 2.98837886e+07 2.68579242e+07 2.63798693e+07 3.91420557e+07 4.10827409e+07 4.46675119e+07 3.90840929e+07 3.62287499e+07 3.87614086e+07 0.00000000e+00 4.09944136e+07 4.19132960e+07 4.18226369e+07
4.12112960e+07 2.72499641e+07 2.86668691e+07 2.90766138e+07 2.86179332e+07 2.71891122e+07 2.81643705e+07 2.69651358e+07 2.69145117e+07 2.63745855e+07 2.77649401e+07 2.82832691e+07 2.74970900e+07 3.23692495e+07 3.32796840e+07 2.76226575e+07 3.21727497e+07 2.83318745e+07 2.87766013e+07 4.10001026e+07 4.39954069e+07 4.66386946e+07 4.59293460e+07 4.02982353e+07 4.19309647e+07 4.09944136e+07 0.00000000e+00 4.47346351e+07 4.47701233e+07
4.03609082e+07 2.71546663e+07 2.74646556e+07 2.75245078e+07 2.75842355e+07 2.56193853e+07 2.74446922e+07 2.55169154e+07 2.56143322e+07 2.61998557e+07 2.63314346e+07 2.67343889e+07 2.73536020e+07 3.62665165e+07 3.57368179e+07 2.68652867e+07 3.46897874e+07 2.81993460e+07 2.72446857e+07 4.05511038e+07 4.51699200e+07 5.13852758e+07 4.34918558e+07 4.01095326e+07 4.14219539e+07 4.19132960e+07 4.47346351e+07 0.00000000e+00 4.59408286e+07
4.52617802e+07 3.04030546e+07 3.11500730e+07 2.97287856e+07 3.07799945e+07 2.88374346e+07 3.05911471e+07 2.87522732e+07 2.88342818e+07 2.94639118e+07 2.95549725e+07 2.99190883e+07 3.05802322e+07 3.11759008e+07 3.06090274e+07 3.00673475e+07 2.93757552e+07 3.14086165e+07 3.04368764e+07 3.57570055e+07 3.39957540e+07 4.38399685e+07 4.72309739e+07 4.61379132e+07 4.55267496e+07 4.18226369e+07 4.47701233e+07 4.59408286e+07 0.00000000e+00
