0.00000000e+00 1.73601834e+06 1.72148829e+06 1.70260899e+06 1.66621547e+06 1.57148561e+06 1.64133619e+06 1.55387363e+06 1.59683612e+06 1.67831671e+06 1.61157481e+06 1.64654960e+06 1.75378834e+06 2.34047973e+06 2.24090306e+06 1.59769355e+06 2.17700549e+06 1.80909781e+06 1.67864069e+06 2.66480619e+06 3.06414229e+06 3.32265684e+06 2.88167471e+06 2.49911457e+06 2.75844778e+06 2.68442984e+06 2.80608505e+06 2.81295702e+06 3.12396165e+06
1.73601834e+06 0.00000000e+00 4.76309791e+05 6.80375235e+05 5.35241703e+05 3.96611878e+05 5.66130515e+05 3.97710572e+05 3.01540320e+05 1.58118434e+05 4.11382898e+05 4.94146264e+05 2.75943948e+05 1.16150904e+06 1.38240536e+06 5.32164341e+05 1.30185222e+06 3.31827565e+05 5.34422615e+05 1.74516163e+06 2.08725957e+06 2.33744977e+06 2.07948628e+06 1.70137111e+06 1.76841938e+06 1.77763987e+06 1.88170101e+06 1.93723816e+06 2.13809035e+06
1.72148829e+06 4.76309791e+05 0.00000000e+00 5.73598464e+05 5.13236045e+05 3.49147297e+05 5.39324340e+05 3.41407770e+05 3.69655861e+05 4.00768855e+05 3.91691430e+05 4.32464752e+05 4.79007652e+05 1.30659950e+06 1.25716794e+06 4.94372920e+05 1.18149620e+06 5.52573139e+05 4.72091184e+05 1.79744076e+06 2.13778015e+06 2.36283671e+06 2.06094691e+06 1.69414586e+06 1.86712981e+06 1.82989913e+06 1.97771371e+06 1.95773991e+06 2.18857210e+06
1.70260899e+06 6.80375235e+05 5.73598464e+05 0.00000000e+00 4.41506893e+05 4.09785955e+05 3.58108372e+05 3.71305305e+05 4.52415592e+05 6.32088687e+05 4.23627575e+05 4.98164775e+05 7.18821625e+05 9.98539096e+05 8.13278129e+05 3.27580715e+05 6.74568360e+05 7.58687463e+05 5.43008585e+05 1.72492282e+06 2.04284877e+06 2.30342734e+06 1.93788822e+06 1.65970191e+06 1.96883253e+06 1.76182137e+06 2.00968492e+06 1.96593503e+06 2.09410961e+06
1.66621547e+06 5.35241703e+05 5.13236045e+05 4.41506893e+05 0.00000000e+00 2.75129904e+05 3.11928492e+05 2.43552327e+05 3.31460721e+05 5.04832085e+05 2.74645649e+05 3.53855483e+05 5.82790875e+05 1.34054005e+06 1.15516789e+06 2.75665895e+05 1.05865690e+06 6.16721613e+05 4.00441442e+05 1.75953934e+06 2.11700106e+06 2.36552925e+06 2.01708125e+06 1.68370741e+06 1.90288690e+06 1.82152926e+06 1.98065554e+06 1.97182668e+06 2.16976102e+06
1.57148561e+06 3.96611878e+05 3.49147297e+05 4.09785955e+05 2.75129904e+05 0.00000000e+00 2.87034551e+05 1.00543904e+05 1.65079102e+05 2.70341127e+05 1.49854603e+05 1.89221371e+05 4.06018807e+05 1.30697652e+06 1.09921280e+06 2.67459695e+05 1.03073015e+06 4.80022729e+05 2.43962789e+05 1.64335574e+06 1.97936684e+06 2.24402352e+06 1.91284037e+06 1.60743546e+06 1.76471394e+06 1.70369176e+06 1.87910558e+06 1.83267715e+06 2.03217614e+06
1.64133619e+06 5.66130515e+05 5.39324340e+05 3.58108372e+05 3.11928492e+05 2.87034551e+05 0.00000000e+00 2.55371263e+05 3.42680955e+05 5.17568409e+05 3.07316685e+05 3.79390619e+05 6.05202055e+05 1.26706526e+06 1.08454085e+06 2.10485354e+05 9.76916595e+05 6.38271929e+05 4.27156255e+05 1.75556040e+06 2.10435674e+06 2.37097186e+06 1.97546938e+06 1.65823783e+06 1.90725604e+06 1.77834531e+06 1.94954961e+06 1.96293721e+06 2.15729669e+06
1.55387363e+06 3.97710572e+05 3.41407770e+05 3.71305305e+05 2.43552327e+05 1.00543904e+05 2.55371263e+05 0.00000000e+00 1.62310841e+05 3.07298873e+05 6.50357823e+04 1.95190308e+05 4.00313567e+05 1.27691569e+06 1.06950381e+06 2.21342770e+05 9.92187135e+05 4.64875360e+05 2.28759023e+05 1.61999369e+06 1.97512849e+06 2.21235195e+06 1.88857673e+06 1.57605110e+06 1.75312457e+06 1.70001163e+06 1.86372514e+06 1.82575738e+06 2.02644847e+06
1.59683612e+06 3.01540320e+05 3.69655861e+05 4.52415592e+05 3.31460721e+05 1.65079102e+05 3.42680955e+05 1.62310841e+05 0.00000000e+00 2.04619450e+05 2.11709376e+05 2.99579357e+05 3.50016092e+05 1.21071586e+06 1.16515467e+06 3.10211279e+05 1.07369368e+06 4.04662787e+05 3.39865982e+05 1.62580737e+06 1.98402864e+06 2.26000889e+06 1.95051399e+06 1.62231693e+06 1.74663841e+06 1.76024040e+06 1.86209459e+06 1.83416207e+06 2.03442700e+06
1.67831671e+06 1.58118434e+05 4.00768855e+05 6.32088687e+05 5.04832085e+05 2.70341127e+05 5.17568409e+05 3.07298873e+05 2.04619450e+05 0.00000000e+00 3.57036612e+05 4.05369590e+05 1.89579377e+05 1.11722702e+06 1.30355891e+06 4.85604889e+05 1.25314450e+06 2.77423999e+05 4.45265602e+05 1.68324304e+06 2.02361958e+06 2.27718966e+06 2.01835824e+06 1.64145311e+06 1.70385928e+06 1.71878111e+06 1.82293002e+06 1.87234851e+06 2.07505247e+06
1.61157481e+06 4.11382898e+05 3.91691430e+05 4.23627575e+05 2.74645649e+05 1.49854603e+05 3.07316685e+05 6.50357823e+04 2.11709376e+05 3.57036612e+05 0.00000000e+00 2.45444602e+05 4.50737861e+05 1.33207099e+06 1.12445059e+06 2.73005054e+05 1.04838846e+06 5.15478117e+05 2.78904285e+05 1.67644547e+06 2.03450089e+06 2.27037536e+06 1.94882539e+06 1.63390271e+06 1.79107708e+06 1.75824402e+06 1.92311149e+06 1.88557357e+06 2.08628041e+06
1.64654960e+06 4.94146264e+05 4.32464752e+05 4.98164775e+05 3.53855483e+05 1.89221371e+05 3.79390619e+05 1.95190308e+05 2.99579357e+05 4.05369590e+05 2.45444602e+05 0.00000000e+00 3.74391424e+05 1.38483927e+06 1.17010402e+06 3.40937112e+05 1.11067393e+06 5.59918913e+05 3.19994278e+05 1.71398124e+06 2.05437705e+06 2.31893736e+06 1.98759644e+06 1.68219981e+06 1.84290533e+06 1.78098470e+06 1.95439941e+06 1.90973034e+06 2.10665685e+06
1.75378834e+06 2.75943948e+05 4.79007652e+05 7.18821625e+05 5.82790875e+05 4.06018807e+05 6.05202055e+05 4.00313567e+05 3.50016092e+05 1.89579377e+05 4.50737861e+05 3.74391424e+05 0.00000000e+00 1.19635814e+06 1.37987502e+06 5.61457023e+05 1.33075719e+06 3.60779285e+05 5.23766555e+05 1.75932784e+06 2.10089568e+06 2.35666089e+06 2.09814022e+06 1.72074221e+06 1.78494540e+06 1.79626952e+06 1.90050711e+06 1.95241245e+06 2.15239612e+06
2.34047973e+06 1.16150904e+06 1.30659950e+06 9.98539096e+05 1.34054005e+06 1.30697652e+06 1.26706526e+06 1.27691569e+06 1.21071586e+06 1.11722702e+06 1.33207099e+06 1.38483927e+06 1.19635814e+06 0.00000000e+00 4.53134468e+05 1.23155079e+06 4.61348812e+05 1.22068008e+06 1.42129597e+06 1.97434452e+06 2.13292865e+06 2.36530438e+06 2.56955018e+06 2.25127786e+06 2.47658894e+06 2.14176809e+06 2.23523850e+06 2.57144876e+06 2.18831825e+06
2.24090306e+06 1.38240536e+06 1.25716794e+06 8.13278129e+05 1.15516789e+06 1.09921280e+06 1.08454085e+06 1.06950381e+06 1.16515467e+06 1.30355891e+06 1.12445059e+06 1.17010402e+06 1.37987502e+06 4.53134468e+05 0.00000000e+00 1.04469528e+06 2.80649796e+05 1.45064347e+06 1.16976558e+06 1.93513718e+06 2.09238706e+06 2.34102175e+06 2.47624144e+06 2.22543369e+06 2.53805809e+06 2.14001198e+06 2.29714384e+06 2.53411143e+06 2.14837311e+06
1.59769355e+06 5.32164341e+05 4.94372920e+05 3.27580715e+05 2.75665895e+05 2.67459695e+05 2.10485354e+05 2.21342770e+05 3.10211279e+05 4.85604889e+05 2.73005054e+05 3.40937112e+05 5.61457023e+05 1.23155079e+06 1.04469528e+06 0.00000000e+00 9.45695035e+05 5.96435466e+05 3.81038389e+05 1.71754700e+06 2.06525068e+06 2.32973536e+06 1.93395949e+06 1.61612359e+06 1.86549041e+06 1.73829760e+06 1.90948287e+06 1.92002476e+06 2.11796993e+06
2.17700549e+06 1.30185222e+06 1.18149620e+06 6.74568360e+05 1.05865690e+06 1.03073015e+06 9.76916595e+05 9.92187135e+05 1.07369368e+06 1.25314450e+06 1.04838846e+06 1.11067393e+06 1.33075719e+06 4.61348812e+05 2.80649796e+05 9.45695035e+05 0.00000000e+00 1.37007042e+06 1.15185801e+06 1.86099602e+06 2.01010592e+06 2.25303334e+06 2.40168832e+06 2.15312666e+06 2.47412926e+06 2.06538154e+06 2.22574367e+06 2.46736891e+06 2.06745704e+06
1.80909781e+06 3.31827565e+05 5.52573139e+05 7.58687463e+05 6.16721613e+05 4.80022729e+05 6.38271929e+05 4.64875360e+05 4.04662787e+05 2.77423999e+05 5.15478117e+05 5.59918913e+05 3.60779285e+05 1.22068008e+06 1.45064347e+06 5.96435466e+05 1.37007042e+06 0.00000000e+00 5.43370877e+05 1.81497860e+06 2.15806623e+06 2.41463605e+06 2.15598348e+06 1.77826371e+06 1.84548757e+06 1.85397935e+06 1.95824818e+06 2.01125614e+06 2.20990942e+06
1.67864069e+06 5.34422615e+05 4.72091184e+05 5.43008585e+05 4.00441442e+05 2.43962789e+05 4.27156255e+05 2.28759023e+05 3.39865982e+05 4.45265602e+05 2.78904285e+05 3.19994278e+05 5.23766555e+05 1.42129597e+06 1.16976558e+06 3.81038389e+05 1.15185801e+06 5.43370877e+05 0.00000000e+00 1.74850541e+06 2.08891725e+06 2.35545934e+06 2.02846629e+06 1.71881553e+06 1.87767416e+06 1.81911549e+06 1.98670263e+06 1.94371107e+06 2.14086757e+06
2.66480619e+06 1.74516163e+06 1.79744076e+06 1.72492282e+06 1.75953934e+06 1.64335574e+06 1.75556040e+06 1.61999369e+06 1.62580737e+06 1.68324304e+06 1.67644547e+06 1.71398124e+06 1.75932784e+06 1.97434452e+06 1.93513718e+06 1.71754700e+06 1.86099602e+06 1.81497860e+06 1.74850541e+06 0.00000000e+00 2.43785523e+06 2.93084950e+06 2.92780242e+06 2.40527405e+06 2.77916958e+06 2.67141150e+06 2.80139870e+06 2.83765666e+06 2.48000517e+06
3.06414229e+06 2.08725957e+06 2.13778015e+06 2.04284877e+06 2.11700106e+06 1.97936684e+06 2.10435674e+06 1.97512849e+06 1.98402864e+06 2.02361958e+06 2.03450089e+06 2.05437705e+06 2.10089568e+06 2.13292865e+06 2.09238706e+06 2.06525068e+06 2.01010592e+06 2.15806623e+06 2.08891725e+06 2.43785523e+06 0.00000000e+00 3.07624179e+06 3.35071726e+06 3.19192674e+06 3.18497976e+06 2.87645182e+06 3.07953364e+06 3.22930547e+06 2.41274532e+06
3.32265684e+06 2.33744977e+06 2.36283671e+06 2.30342734e+06 2.36552925e+06 2.24402352e+06 2.37097186e+06 2.21235195e+06 2.26000889e+06 2.27718966e+06 2.27037536e+06 2.31893736e+06 2.35666089e+06 2.36530438e+06 2.34102175e+06 2.32973536e+06 2.25303334e+06 2.41463605e+06 2.35545934e+06 2.93084950e+06 3.07624179e+06 0.00000000e+00 3.64838834e+06 3.27954231e+06 3.51229278e+06 3.16374171e+06 3.30204740e+06 3.70613124e+06 3.14048186e+06
2.88167471e+06 2.07948628e+06 2.06094691e+06 1.93788822e+06 2.01708125e+06 1.91284037e+06 1.97546938e+06 1.88857673e+06 1.95051399e+06 2.01835824e+06 1.94882539e+06 1.98759644e+06 2.09814022e+06 2.56955018e+06 2.47624144e+06 1.93395949e+06 2.40168832e+06 2.15598348e+06 2.02846629e+06 2.92780242e+06 3.35071726e+06 3.64838834e+06 0.00000000e+00 2.69218797e+06 3.08120521e+06 2.76928867e+06 3.24910557e+06 3.14373423e+06 3.37954848e+06
2.49911457e+06 1.70137111e+06 1.69414586e+06 1.65970191e+06 1.68370741e+06 1.60743546e+06 1.65823783e+06 1.57605110e+06 1.62231693e+06 1.64145311e+06 1.63390271e+06 1.68219981e+06 1.72074221e+06 2.25127786e+06 2.22543369e+06 1.61612359e+06 2.15312666e+06 1.77826371e+06 1.71881553e+06 2.40527405e+06 3.19192674e+06 3.27954231e+06 2.69218797e+06 0.00000000e+00 2.63500112e+06 2.51500306e+06 2.79809208e+06 2.84960508e+06 3.24610076e+06
2.75844778e+06 1.76841938e+06 1.86712981e+06 1.96883253e+06 1.90288690e+06 1.76471394e+06 1.90725604e+06 1.75312457e+06 1.74663841e+06 1.70385928e+06 1.79107708e+06 1.84290533e+06 1.78494540e+06 2.47658894e+06 2.53805809e+06 1.86549041e+06 2.47412926e+06 1.84548757e+06 1.87767416e+06 2.77916958e+06 3.18497976e+06 3.51229278e+06 3.08120521e+06 2.63500112e+06 0.00000000e+00 2.73470252e+06 2.95517466e+06 2.98408581e+06 3.24868756e+06
2.68442984e+06 1.77763987e+06 1.82989913e+06 1.76182137e+06 1.82152926e+06 1.70369176e+06 1.77834531e+06 1.70001163e+06 1.76024040e+06 1.71878111e+06 1.75824402e+06 1.78098470e+06 1.79626952e+06 2.14176809e+06 2.14001198e+06 1.73829760e+06 2.06538154e+06 1.85397935e+06 1.81911549e+06 2.67141150e+06 2.87645182e+06 3.16374171e+06 2.76928867e+06 2.51500306e+06 2.73470252e+06 0.00000000e+00 2.83023454e+06 2.95964608e+06 2.92602784e+06
2.80608505e+06 1.88170101e+06 1.97771371e+06 2.00968492e+06 1.98065554e+06 1.87910558e+06 1.94954961e+06 1.86372514e+06 1.86209459e+06 1.82293002e+06 1.92311149e+06 1.95439941e+06 1.90050711e+06 2.23523850e+06 2.29714384e+06 1.90948287e+06 2.22574367e+06 1.95824818e+06 1.98670263e+06 2.80139870e+06 3.07953364e+06 3.30204740e+06 3.24910557e+06 2.79809208e+06 2.95517466e+06 2.83023454e+06 0.00000000e+00 3.15772128e+06 3.13203397e+06
2.81295702e+06 1.93723816e+06 1.95773991e+06 1.96593503e+06 1.97182668e+06 1.83267715e+06 1.96293721e+06 1.82575738e+06 1.83416207e+06 1.87234851e+06 1.88557357e+06 1.90973034e+06 1.95241245e+06 2.57144876e+06 2.53411143e+06 1.92002476e+06 2.46736891e+06 2.01125614e+06 1.94371107e+06 2.83765666e+06 3.22930547e+06 3.70613124e+06 3.14373423e+06 2.84960508e+06 2.98408581e+06 2.95964608e+06 3.15772128e+06 0.00000000e+00 3.28141585e+06
3.12396165e+06 2.13809035e+06 2.18857210e+06 2.09410961e+06 2.16976102e+06 2.03217614e+06 2.15729669e+06 2.02644847e+06 2.03442700e+06 2.07505247e+06 2.08628041e+06 2.10665685e+06 2.15239612e+06 2.18831825e+06 2.14837311e+06 2.11796993e+06 2.06745704e+06 2.20990942e+06 2.14086757e+06 2.48000517e+06 2.41274532e+06 3.14048186e+06 3.37954848e+06 3.24610076e+06 3.24868756e+06 2.92602784e+06 3.13203397e+06 3.28141585e+06 0.00000000e+00
