0.000000e+00 4.522472e-02 4.452355e-02 4.508577e-02 4.545002e-02 4.195581e-02 4.062133e-02 3.985696e-02 4.096591e-02 4.138114e-02
4.522472e-02 0.000000e+00 4.465304e-02 4.505440e-02 4.509690e-02 4.151792e-02 4.100640e-02 4.013123e-02 4.137532e-02 4.176657e-02
4.452355e-02 4.465304e-02 0.000000e+00 4.351502e-02 4.487833e-02 4.138412e-02 4.047467e-02 3.959954e-02 4.094521e-02 4.123482e-02
4.508577e-02 4.505440e-02 4.351502e-02 0.000000e+00 4.527969e-02 4.178548e-02 4.087601e-02 3.966220e-02 4.134654e-02 4.163617e-02
4.545002e-02 4.509690e-02 4.487833e-02 4.527969e-02 0.000000e+00 4.131542e-02 4.055368e-02 3.954350e-02 4.022359e-02 4.199184e-02
4.195581e-02 4.151792e-02 4.138412e-02 4.178548e-02 4.131542e-02 0.000000e+00 3.179623e-02 3.242652e-02 3.124578e-02 3.251800e-02
4.062133e-02 4.100640e-02 4.047467e-02 4.087601e-02 4.055368e-02 3.179623e-02 0.000000e+00 3.030103e-02 3.078662e-02 3.183809e-02
3.985696e-02 4.013123e-02 3.959954e-02 3.966220e-02 3.954350e-02 3.242652e-02 3.030103e-02 0.000000e+00 2.948265e-02 2.920786e-02
4.096591e-02 4.137532e-02 4.094521e-02 4.134654e-02 4.022359e-02 3.124578e-02 3.078662e-02 2.948265e-02 0.000000e+00 3.232502e-02
4.138114e-02 4.176657e-02 4.123482e-02 4.163617e-02 4.199184e-02 3.251800e-02 3.183809e-02 2.920786e-02 3.232502e-02 0.000000e+00
