0.000000e+00 5.610627e-03 5.530007e-03 5.601291e-03 5.645626e-03 5.251735e-03 5.103282e-03 4.991881e-03 5.105964e-03 5.168074e-03
5.610627e-03 0.000000e+00 5.527651e-03 5.585853e-03 5.594866e-03 5.187888e-03 5.140006e-03 5.011488e-03 5.146451e-03 5.204852e-03
5.530007e-03 5.527651e-03 0.000000e+00 5.414963e-03 5.562649e-03 5.168758e-03 5.072471e-03 4.943956e-03 5.081535e-03 5.137315e-03
5.601291e-03 5.585853e-03 5.414963e-03 0.000000e+00 5.620852e-03 5.226961e-03 5.130673e-03 4.962909e-03 5.139736e-03 5.195518e-03
5.645626e-03 5.594866e-03 5.562649e-03 5.620852e-03 0.000000e+00 5.170299e-03 5.097101e-03 4.947721e-03 5.009761e-03 5.239850e-03
5.251735e-03 5.187888e-03 5.168758e-03 5.226961e-03 5.170299e-03 0.000000e+00 4.081065e-03 4.148622e-03 3.959905e-03 4.143279e-03
5.103282e-03 5.140006e-03 5.072471e-03 5.130673e-03 5.097101e-03 4.081065e-03 0.000000e+00 3.895548e-03 3.914145e-03 4.073743e-03
4.991881e-03 5.011488e-03 4.943956e-03 4.962909e-03 4.947721e-03 4.148622e-03 3.895548e-03 0.000000e+00 3.748556e-03 3.721111e-03
5.105964e-03 5.146451e-03 5.081535e-03 5.139736e-03 5.009761e-03 3.959905e-03 3.914145e-03 3.748556e-03 0.000000e+00 4.094316e-03
5.168074e-03 5.204852e-03 5.137315e-03 5.195518e-03 5.239850e-03 4.143279e-03 4.073743e-03 3.721111e-03 4.094316e-03 0.000000e+00
