0.000000e+00 1.927894e-01 1.897634e-01 1.921155e-01 1.937469e-01 1.788547e-01 1.731652e-01 1.699066e-01 1.746331e-01 1.764045e-01
1.927894e-01 0.000000e+00 1.903161e-01 1.919825e-01 1.922423e-01 1.769886e-01 1.748073e-01 1.710764e-01 1.763790e-01 1.780482e-01
1.897634e-01 1.903161e-01 0.000000e+00 1.853833e-01 1.912735e-01 1.763813e-01 1.725038e-01 1.687730e-01 1.745086e-01 1.757444e-01
1.921155e-01 1.919825e-01 1.853833e-01 0.000000e+00 1.929400e-01 1.780477e-01 1.741701e-01 1.689955e-01 1.761749e-01 1.774108e-01
1.937469e-01 1.922423e-01 1.912735e-01 1.929400e-01 0.000000e+00 1.761224e-01 1.728744e-01 1.685679e-01 1.714663e-01 1.790055e-01
1.788547e-01 1.769886e-01 1.763813e-01 1.780477e-01 1.761224e-01 0.000000e+00 1.355453e-01 1.382321e-01 1.331981e-01 1.386224e-01
1.731652e-01 1.748073e-01 1.725038e-01 1.741701e-01 1.728744e-01 1.355453e-01 0.000000e+00 1.291708e-01 1.312402e-01 1.357234e-01
1.699066e-01 1.710764e-01 1.687730e-01 1.689955e-01 1.685679e-01 1.382321e-01 1.291708e-01 0.000000e+00 1.256814e-01 1.245108e-01
1.746331e-01 1.763790e-01 1.745086e-01 1.761749e-01 1.714663e-01 1.331981e-01 1.312402e-01 1.256814e-01 0.000000e+00 1.377985e-01
1.764045e-01 1.780482e-01 1.757444e-01 1.774108e-01 1.790055e-01 1.386224e-01 1.357234e-01 1.245108e-01 1.377985e-01 0.000000e+00
