0.000000e+00 3.616669e-02 3.546266e-02 3.654035e-02 3.702561e-02 3.540236e-02 3.475428e-02 3.425550e-02 3.454296e-02 3.458285e-02
3.616669e-02 0.000000e+00 3.493359e-02 3.600687e-02 3.637084e-02 3.455992e-02 3.457183e-02 3.382866e-02 3.408899e-02 3.440111e-02
3.546266e-02 3.493359e-02 0.000000e+00 3.508569e-02 3.579143e-02 3.416153e-02 3.386831e-02 3.313522e-02 3.338621e-02 3.369757e-02
3.654035e-02 3.600687e-02 3.508569e-02 0.000000e+00 3.686701e-02 3.523827e-02 3.494462e-02 3.403241e-02 3.446245e-02 3.477428e-02
3.702561e-02 3.637084e-02 3.579143e-02 3.686701e-02 0.000000e+00 3.506718e-02 3.506065e-02 3.407805e-02 3.404259e-02 3.525783e-02
3.540236e-02 3.455992e-02 3.416153e-02 3.523827e-02 3.506718e-02 0.000000e+00 2.992689e-02 3.070811e-02 2.871116e-02 3.017693e-02
3.475428e-02 3.457183e-02 3.386831e-02 3.494462e-02 3.506065e-02 2.992689e-02 0.000000e+00 2.905741e-02 2.891135e-02 2.984661e-02
3.425550e-02 3.382866e-02 3.313522e-02 3.403241e-02 3.407805e-02 3.070811e-02 2.905741e-02 0.000000e+00 2.769425e-02 2.771863e-02
3.454296e-02 3.408899e-02 3.338621e-02 3.446245e-02 3.404259e-02 2.871116e-02 2.891135e-02 2.769425e-02 0.000000e+00 3.014387e-02
3.458285e-02 3.440111e-02 3.369757e-02 3.477428e-02 3.525783e-02 3.017693e-02 2.984661e-02 2.771863e-02 3.014387e-02 0.000000e+00
