0.000000e+00 4.279338e-03 4.232278e-03 4.279019e-03 4.309793e-03 4.054692e-03 3.972416e-03 3.877139e-03 3.934829e-03 3.984842e-03
4.279338e-03 0.000000e+00 4.193973e-03 4.239597e-03 4.249519e-03 3.980431e-03 3.973461e-03 3.860761e-03 3.929051e-03 3.985941e-03
4.232278e-03 4.193973e-03 0.000000e+00 4.135680e-03 4.223664e-03 3.969325e-03 3.926402e-03 3.813705e-03 3.881996e-03 3.938881e-03
4.279019e-03 4.239597e-03 4.135680e-03 0.000000e+00 4.270792e-03 4.016068e-03 3.973144e-03 3.833813e-03 3.928737e-03 3.985623e-03
4.309793e-03 4.249519e-03 4.223664e-03 4.270792e-03 0.000000e+00 3.971106e-03 3.951951e-03 3.818016e-03 3.837214e-03 4.016396e-03
4.054692e-03 3.980431e-03 3.969325e-03 4.016068e-03 3.971106e-03 0.000000e+00 3.246737e-03 3.288556e-03 3.108810e-03 3.273100e-03
3.972416e-03 3.973461e-03 3.926402e-03 3.973144e-03 3.951951e-03 3.246737e-03 0.000000e+00 3.110213e-03 3.104140e-03 3.243901e-03
3.877139e-03 3.860761e-03 3.813705e-03 3.833813e-03 3.818016e-03 3.288556e-03 3.110213e-03 0.000000e+00 2.965897e-03 2.959154e-03
3.934829e-03 3.929051e-03 3.881996e-03 3.928737e-03 3.837214e-03 3.108810e-03 3.104140e-03 2.965897e-03 0.000000e+00 3.234047e-03
3.984842e-03 3.985941e-03 3.938881e-03 3.985623e-03 4.016396e-03 3.273100e-03 3.243901e-03 2.959154e-03 3.234047e-03 0.000000e+00
