0.00000000e+00 2.55065440e+02 2.33911978e+02 2.51742027e+02 2.15736175e+02 2.13217774e+02 2.12659471e+02 2.11415180e+02 2.23402965e+02 2.51218106e+02 2.18451190e+02 2.18618942e+02 2.55454348e+02 4.18951874e+02 3.81612379e+02 2.05894142e+02 3.78767153e+02 2.58279144e+02 2.19006836e+02 3.77823163e+02 4.45293552e+02 4.59665775e+02 3.37361101e+02 2.86111877e+02 3.28468852e+02 3.50120364e+02 3.52033813e+02 3.23645186e+02 4.50811605e+02
2.55065440e+02 0.00000000e+00 9.90153872e+01 2.07721481e+02 1.34750804e+02 1.09710305e+02 1.50010226e+02 1.13867620e+02 7.90594398e+01 2.51570523e+01 1.14055972e+02 1.19364831e+02 3.73684066e+01 3.13477085e+02 3.95108147e+02 1.45537522e+02 3.88556985e+02 3.86301373e+01 1.21461108e+02 3.27397300e+02 3.87752011e+02 3.99807109e+02 3.33193883e+02 2.69039223e+02 2.33122964e+02 2.97041630e+02 2.86840811e+02 2.73285942e+02 3.90683819e+02
2.33911978e+02 9.90153872e+01 0.00000000e+00 1.51158416e+02 1.03411224e+02 7.08716860e+01 1.21093544e+02 7.33519214e+01 8.12941846e+01 8.82610829e+01 7.97758299e+01 7.87925063e+01 9.32662031e+01 3.50997236e+02 3.33499892e+02 1.14003029e+02 3.28067667e+02 1.01165628e+02 8.11243889e+01 3.37581870e+02 3.97375769e+02 3.94252014e+02 3.10444523e+02 2.51305820e+02 2.64645248e+02 3.07740759e+02 3.17966578e+02 2.68692183e+02 4.00084817e+02
2.51742027e+02 2.07721481e+02 1.51158416e+02 0.00000000e+00 1.06311555e+02 1.26055417e+02 8.36967239e+01 1.17217753e+02 1.43287069e+02 2.07143087e+02 1.24432377e+02 1.33731956e+02 2.14261892e+02 2.78541702e+02 2.07610601e+02 8.10807114e+01 1.87166475e+02 2.11025192e+02 1.37744048e+02 3.32440063e+02 3.85263706e+02 3.99134004e+02 2.80721666e+02 2.64104234e+02 3.41697751e+02 3.04985838e+02 3.59743388e+02 3.02061738e+02 3.87926377e+02
2.15736175e+02 1.34750804e+02 1.03411224e+02 1.06311555e+02 0.00000000e+00 5.34774587e+01 4.54309199e+01 4.49900217e+01 7.48711526e+01 1.35865843e+02 4.77997820e+01 5.86455675e+01 1.40716426e+02 3.68874958e+02 2.98190027e+02 4.02565031e+01 2.85666956e+02 1.35594538e+02 6.24067344e+01 3.27813782e+02 3.96399287e+02 4.04240140e+02 2.96461724e+02 2.54822366e+02 2.92236886e+02 3.12456711e+02 3.27594960e+02 2.83159155e+02 4.00281817e+02
2.13217774e+02 1.09710305e+02 7.08716860e+01 1.26055417e+02 5.34774587e+01 0.00000000e+00 6.69932447e+01 2.31994042e+01 5.33623252e+01 8.75811476e+01 2.95591461e+01 2.60817345e+01 1.03657082e+02 3.88249518e+02 3.09972684e+02 6.59934978e+01 3.07268963e+02 1.12250113e+02 3.21145222e+01 3.15356349e+02 3.74843429e+02 3.91289742e+02 2.92431505e+02 2.62184735e+02 2.69897762e+02 2.99721117e+02 3.23185065e+02 2.61029183e+02 3.78742810e+02
2.12659471e+02 1.50010226e+02 1.21093544e+02 8.36967239e+01 4.54309199e+01 6.69932447e+01 0.00000000e+00 5.85415298e+01 8.67868109e+01 1.49141150e+02 6.56220062e+01 7.58518304e+01 1.56554659e+02 3.48934974e+02 2.79476391e+02 2.22963773e+01 2.63476977e+02 1.51086099e+02 7.97294223e+01 3.34131719e+02 3.99185214e+02 4.14770596e+02 2.85391133e+02 2.51128120e+02 3.02343650e+02 3.00061518e+02 3.20671645e+02 2.87789449e+02 4.03019747e+02
2.11415180e+02 1.13867620e+02 7.33519214e+01 1.17217753e+02 4.49900217e+01 2.31994042e+01 5.85415298e+01 0.00000000e+00 4.72883980e+01 9.82027660e+01 8.48738000e+00 3.23939267e+01 1.06800076e+02 3.81086453e+02 3.03127172e+02 5.41585354e+01 2.99054194e+02 1.12468854e+02 3.25917723e+01 3.10584766e+02 3.80168013e+02 3.82824872e+02 2.87297237e+02 2.53592561e+02 2.71533208e+02 3.04991828e+02 3.22419808e+02 2.65136698e+02 3.83245200e+02
2.23402965e+02 7.90594398e+01 8.12941846e+01 1.43287069e+02 7.48711526e+01 5.33623252e+01 8.67868109e+01 4.72883980e+01 0.00000000e+00 6.72589130e+01 5.36865312e+01 6.85130901e+01 8.49956018e+01 3.52359476e+02 3.35846169e+02 8.39964589e+01 3.24644657e+02 8.57882254e+01 7.01431634e+01 3.04652971e+02 3.75365888e+02 3.96190885e+02 3.08324911e+02 2.67379600e+02 2.58464683e+02 3.25782458e+02 3.11490892e+02 2.60403758e+02 3.77874504e+02
2.51218106e+02 2.51570523e+01 8.82610829e+01 2.07143087e+02 1.35865843e+02 8.75811476e+01 1.49141150e+02 9.82027660e+01 6.72589130e+01 0.00000000e+00 1.04586944e+02 1.04423385e+02 2.28659517e+01 3.15366920e+02 3.85200005e+02 1.46103447e+02 3.88451438e+02 3.51680670e+01 1.06137530e+02 3.21033422e+02 3.81738178e+02 3.93790381e+02 3.29121402e+02 2.65048847e+02 2.26104294e+02 2.93528464e+02 2.82432842e+02 2.66515466e+02 3.84836288e+02
2.18451190e+02 1.14055972e+02 7.97758299e+01 1.24432377e+02 4.77997820e+01 2.95591461e+01 6.56220062e+01 8.48738000e+00 5.36865312e+01 1.04586944e+02 0.00000000e+00 3.89241690e+01 1.13285061e+02 3.88556466e+02 3.10617218e+02 6.12478348e+01 3.06677416e+02 1.18891409e+02 3.90003022e+01 3.17522702e+02 3.87522298e+02 3.89686892e+02 2.94848159e+02 2.60848481e+02 2.75563977e+02 3.12293778e+02 3.29882854e+02 2.72484725e+02 3.90676534e+02
2.18618942e+02 1.19364831e+02 7.87925063e+01 1.33731956e+02 5.86455675e+01 2.60817345e+01 7.58518304e+01 3.23939267e+01 6.85130901e+01 1.04423385e+02 3.89241690e+01 0.00000000e+00 9.47933043e+01 3.93475737e+02 3.12522686e+02 7.03493540e+01 3.12653150e+02 1.18714612e+02 3.69036802e+01 3.18228120e+02 3.78975114e+02 3.95082778e+02 2.95920066e+02 2.66337839e+02 2.75492653e+02 3.05340107e+02 3.28374113e+02 2.65834337e+02 3.82600408e+02
2.55454348e+02 3.73684066e+01 9.32662031e+01 2.14261892e+02 1.40716426e+02 1.03657082e+02 1.56554659e+02 1.06800076e+02 8.49956018e+01 2.28659517e+01 1.13285061e+02 9.47933043e+01 0.00000000e+00 3.19801795e+02 3.89129834e+02 1.50479285e+02 3.92820984e+02 4.10897557e+01 1.11179189e+02 3.25129723e+02 3.85526870e+02 3.98028766e+02 3.33628652e+02 2.69860630e+02 2.31433085e+02 2.97891227e+02 2.86909817e+02 2.71261627e+02 3.88609883e+02
4.18951874e+02 3.13477085e+02 3.50997236e+02 2.78541702e+02 3.68874958e+02 3.88249518e+02 3.48934974e+02 3.81086453e+02 3.52359476e+02 3.15366920e+02 3.88556466e+02 3.93475737e+02 3.19801795e+02 0.00000000e+00 1.02278634e+02 3.45618283e+02 1.04518920e+02 3.14537997e+02 3.94867971e+02 3.29499465e+02 3.13405523e+02 3.19404848e+02 4.36794244e+02 4.02843475e+02 4.38305274e+02 3.54367235e+02 3.43445395e+02 4.45485655e+02 3.16287998e+02
3.81612379e+02 3.95108147e+02 3.33499892e+02 2.07610601e+02 2.98190027e+02 3.09972684e+02 2.79476391e+02 3.03127172e+02 3.35846169e+02 3.85200005e+02 3.10617218e+02 3.12522686e+02 3.89129834e+02 1.02278634e+02 0.00000000e+00 2.74454365e+02 3.43021550e+01 3.96819464e+02 3.08724212e+02 3.21639654e+02 3.05451469e+02 3.18394281e+02 4.02677028e+02 4.01205805e+02 4.80280396e+02 3.64241465e+02 3.84528999e+02 4.38592571e+02 3.08959816e+02
2.05894142e+02 1.45537522e+02 1.14003029e+02 8.10807114e+01 4.02565031e+01 6.59934978e+01 2.22963773e+01 5.41585354e+01 8.39964589e+01 1.46103447e+02 6.12478348e+01 7.03493540e+01 1.50479285e+02 3.45618283e+02 2.74454365e+02 0.00000000e+00 2.60945299e+02 1.45523295e+02 7.24167837e+01 3.30216554e+02 3.94914153e+02 4.10299876e+02 2.80140170e+02 2.45362483e+02 2.97478155e+02 2.95322271e+02 3.16749000e+02 2.82288810e+02 3.98832995e+02
3.78767153e+02 3.88556985e+02 3.28067667e+02 1.87166475e+02 2.85666956e+02 3.07268963e+02 2.63476977e+02 2.99054194e+02 3.24644657e+02 3.88451438e+02 3.06677416e+02 3.12653150e+02 3.92820984e+02 1.04518920e+02 3.43021550e+01 2.60945299e+02 0.00000000e+00 3.89229401e+02 3.15404865e+02 3.17592711e+02 3.00067482e+02 3.10124799e+02 3.97255956e+02 3.95973302e+02 4.78003352e+02 3.58850103e+02 3.79719233e+02 4.36056079e+02 3.03794621e+02
2.58279144e+02 3.86301373e+01 1.01165628e+02 2.11025192e+02 1.35594538e+02 1.12250113e+02 1.51086099e+02 1.12468854e+02 8.57882254e+01 3.51680670e+01 1.18891409e+02 1.18714612e+02 4.10897557e+01 3.14537997e+02 3.96819464e+02 1.45523295e+02 3.89229401e+02 0.00000000e+00 1.11202682e+02 3.28028845e+02 3.88399041e+02 4.00660968e+02 3.36373309e+02 2.72835702e+02 2.35299613e+02 3.01002215e+02 2.90184060e+02 2.74489897e+02 3.91548354e+02
2.19006836e+02 1.21461108e+02 8.11243889e+01 1.37744048e+02 6.24067344e+01 3.21145222e+01 7.97294223e+01 3.25917723e+01 7.01431634e+01 1.06137530e+02 3.90003022e+01 3.69036802e+01 1.11179189e+02 3.94867971e+02 3.08724212e+02 7.24167837e+01 3.15404865e+02 1.11202682e+02 0.00000000e+00 3.19752289e+02 3.79939400e+02 3.96701194e+02 2.99378031e+02 2.68353143e+02 2.76262674e+02 3.08421207e+02 3.28750491e+02 2.66239837e+02 3.83594094e+02
3.77823163e+02 3.27397300e+02 3.37581870e+02 3.32440063e+02 3.27813782e+02 3.15356349e+02 3.34131719e+02 3.10584766e+02 3.04652971e+02 3.21033422e+02 3.17522702e+02 3.18228120e+02 3.25129723e+02 3.29499465e+02 3.21639654e+02 3.30216554e+02 3.17592711e+02 3.28028845e+02 3.19752289e+02 0.00000000e+00 2.93844378e+02 3.75429268e+02 4.12301756e+02 3.77953819e+02 3.95603536e+02 4.02285226e+02 3.97997998e+02 3.79211435e+02 2.94338500e+02
4.45293552e+02 3.87752011e+02 3.97375769e+02 3.85263706e+02 3.96399287e+02 3.74843429e+02 3.99185214e+02 3.80168013e+02 3.75365888e+02 3.81738178e+02 3.87522298e+02 3.78975114e+02 3.85526870e+02 3.13405523e+02 3.05451469e+02 3.94914153e+02 3.00067482e+02 3.88399041e+02 3.79939400e+02 2.93844378e+02 0.00000000e+00 3.54547535e+02 4.85121390e+02 5.10369947e+02 4.61030479e+02 4.01440646e+02 4.20555974e+02 4.43050784e+02 2.35551740e+02
4.59665775e+02 3.99807109e+02 3.94252014e+02 3.99134004e+02 4.04240140e+02 3.91289742e+02 4.14770596e+02 3.82824872e+02 3.96190885e+02 3.93790381e+02 3.89686892e+02 3.95082778e+02 3.98028766e+02 3.19404848e+02 3.18394281e+02 4.10299876e+02 3.10124799e+02 4.00660968e+02 3.96701194e+02 3.75429268e+02 3.54547535e+02 0.00000000e+00 5.03898620e+02 4.61631316e+02 4.85465401e+02 4.17874390e+02 4.23444522e+02 5.25772189e+02 3.59240609e+02
3.37361101e+02 3.33193883e+02 3.10444523e+02 2.80721666e+02 2.96461724e+02 2.92431505e+02 2.85391133e+02 2.87297237e+02 3.08324911e+02 3.29121402e+02 2.94848159e+02 2.95920066e+02 3.33628652e+02 4.36794244e+02 4.02677028e+02 2.80140170e+02 3.97255956e+02 3.36373309e+02 2.99378031e+02 4.12301756e+02 4.85121390e+02 5.03898620e+02 0.00000000e+00 3.16146889e+02 3.92574493e+02 3.47477932e+02 4.35449647e+02 3.70669794e+02 4.81444900e+02
2.86111877e+02 2.69039223e+02 2.51305820e+02 2.64104234e+02 2.54822366e+02 2.62184735e+02 2.51128120e+02 2.53592561e+02 2.67379600e+02 2.65048847e+02 2.60848481e+02 2.66337839e+02 2.69860630e+02 4.02843475e+02 4.01205805e+02 2.45362483e+02 3.95973302e+02 2.72835702e+02 2.68353143e+02 3.77953819e+02 5.10369947e+02 4.61631316e+02 3.16146889e+02 0.00000000e+00 3.22750821e+02 3.28853566e+02 3.62359011e+02 3.52824457e+02 5.14100128e+02
3.28468852e+02 2.33122964e+02 2.64645248e+02 3.41697751e+02 2.92236886e+02 2.69897762e+02 3.02343650e+02 2.71533208e+02 2.58464683e+02 2.26104294e+02 2.75563977e+02 2.75492653e+02 2.31433085e+02 4.38305274e+02 4.80280396e+02 2.97478155e+02 4.78003352e+02 2.35299613e+02 2.76262674e+02 3.95603536e+02 4.61030479e+02 4.85465401e+02 3.92574493e+02 3.22750821e+02 0.00000000e+00 3.53568307e+02 3.63821389e+02 3.45581498e+02 4.67074442e+02
3.50120364e+02 2.97041630e+02 3.07740759e+02 3.04985838e+02 3.12456711e+02 2.99721117e+02 3.00061518e+02 3.04991828e+02 3.25782458e+02 2.93528464e+02 3.12293778e+02 3.05340107e+02 2.97891227e+02 3.54367235e+02 3.64241465e+02 2.95322271e+02 3.58850103e+02 3.01002215e+02 3.08421207e+02 4.02285226e+02 4.01440646e+02 4.17874390e+02 3.47477932e+02 3.28853566e+02 3.53568307e+02 0.00000000e+00 3.70396002e+02 3.84504525e+02 4.03674700e+02
3.52033813e+02 2.86840811e+02 3.17966578e+02 3.59743388e+02 3.27594960e+02 3.23185065e+02 3.20671645e+02 3.22419808e+02 3.11490892e+02 2.82432842e+02 3.29882854e+02 3.28374113e+02 2.86909817e+02 3.43445395e+02 3.84528999e+02 3.16749000e+02 3.79719233e+02 2.90184060e+02 3.28750491e+02 3.97997998e+02 4.20555974e+02 4.23444522e+02 4.35449647e+02 3.62359011e+02 3.63821389e+02 3.70396002e+02 0.00000000e+00 4.10924434e+02 4.24936585e+02
3.23645186e+02 2.73285942e+02 2.68692183e+02 3.02061738e+02 2.83159155e+02 2.61029183e+02 2.87789449e+02 2.65136698e+02 2.60403758e+02 2.66515466e+02 2.72484725e+02 2.65834337e+02 2.71261627e+02 4.45485655e+02 4.38592571e+02 2.82288810e+02 4.36056079e+02 2.74489897e+02 2.66239837e+02 3.79211435e+02 4.43050784e+02 5.25772189e+02 3.70669794e+02 3.52824457e+02 3.45581498e+02 3.84504525e+02 4.10924434e+02 0.00000000e+00 4.45297699e+02
4.50811605e+02 3.90683819e+02 4.00084817e+02 3.87926377e+02 4.00281817e+02 3.78742810e+02 4.03019747e+02 3.83245200e+02 3.77874504e+02 3.84836288e+02 3.90676534e+02 3.82600408e+02 3.88609883e+02 3.16287998e+02 3.08959816e+02 3.98832995e+02 3.03794621e+02 3.91548354e+02 3.83594094e+02 2.94338500e+02 2.35551740e+02 3.59240609e+02 4.81444900e+02 5.14100128e+02 4.67074442e+02 4.03674700e+02 4.24936585e+02 4.45297699e+02 0.00000000e+00
