0.00000000e+00 3.45802909e+03 3.17134285e+03 3.39247322e+03 2.91186374e+03 2.88276524e+03 2.85531577e+03 2.85956180e+03 3.00225344e+03 3.39661381e+03 2.94170755e+03 2.95838460e+03 3.45470852e+03 5.65648582e+03 5.15609743e+03 2.78320410e+03 5.09220113e+03 3.49170703e+03 2.96684826e+03 5.15700508e+03 5.90822313e+03 6.01975824e+03 4.40333717e+03 3.83014961e+03 4.28492112e+03 4.72552377e+03 4.66677166e+03 4.22803832e+03 5.98295845e+03
3.45802909e+03 0.00000000e+00 1.31761182e+03 2.75366332e+03 1.78771398e+03 1.45565856e+03 1.97529311e+03 1.51207618e+03 1.03318531e+03 3.29550710e+02 1.50740304e+03 1.58687656e+03 4.94107809e+02 4.17237558e+03 5.26602749e+03 1.93335377e+03 5.15122820e+03 5.09938134e+02 1.61660805e+03 4.41281704e+03 5.06729380e+03 5.15708320e+03 4.28509354e+03 3.55078425e+03 2.97173577e+03 3.95469942e+03 3.73592750e+03 3.50675749e+03 5.10866920e+03
3.17134285e+03 1.31761182e+03 0.00000000e+00 2.00502273e+03 1.37085263e+03 9.38391417e+02 1.59548530e+03 9.71859454e+02 1.06789662e+03 1.17078305e+03 1.05229201e+03 1.04477821e+03 1.23833166e+03 4.67594130e+03 4.44598263e+03 1.51515959e+03 4.35406266e+03 1.34278908e+03 1.07702561e+03 4.55265087e+03 5.19382123e+03 5.08757959e+03 3.98713232e+03 3.31517261e+03 3.38628453e+03 4.09825645e+03 4.15683000e+03 3.44567659e+03 5.23468857e+03
3.39247322e+03 2.75366332e+03 2.00502273e+03 0.00000000e+00 1.40007197e+03 1.66921994e+03 1.10551427e+03 1.55125179e+03 1.89720571e+03 2.74792563e+03 1.63984113e+03 1.76948346e+03 2.84103370e+03 3.69418354e+03 2.75241365e+03 1.07090884e+03 2.47503354e+03 2.79797576e+03 1.82626788e+03 4.46796746e+03 5.01172439e+03 5.13181576e+03 3.58456258e+03 3.46959117e+03 4.38723859e+03 4.04355243e+03 4.70252280e+03 3.86922099e+03 5.05449251e+03
2.91186374e+03 1.78771398e+03 1.37085263e+03 1.40007197e+03 0.00000000e+00 7.05245652e+02 5.87968176e+02 5.93394816e+02 9.78087159e+02 1.79885102e+03 6.28078493e+02 7.74894460e+02 1.86431413e+03 4.88984974e+03 3.95426653e+03 5.30315709e+02 3.76778692e+03 1.79565319e+03 8.26604920e+02 4.40132379e+03 5.15715127e+03 5.19019693e+03 3.78919652e+03 3.34855997e+03 3.73381760e+03 4.14191866e+03 4.26448190e+03 3.62197426e+03 5.21255375e+03
2.88276524e+03 1.45565856e+03 9.38391417e+02 1.66921994e+03 7.05245652e+02 0.00000000e+00 8.79046907e+02 3.06977050e+02 7.01248880e+02 1.16499025e+03 3.89869922e+02 3.42897016e+02 1.37572941e+03 5.15619166e+03 4.11653695e+03 8.72716769e+02 4.06300786e+03 1.48957968e+03 4.23921131e+02 4.24353614e+03 4.88270600e+03 5.02899405e+03 3.74126145e+03 3.45099231e+03 3.44888983e+03 3.97850022e+03 4.21399765e+03 3.33813684e+03 4.93679113e+03
2.85531577e+03 1.97529311e+03 1.59548530e+03 1.10551427e+03 5.87968176e+02 8.79046907e+02 0.00000000e+00 7.66062382e+02 1.14471113e+03 1.96891104e+03 8.56438257e+02 9.93559612e+02 2.06554749e+03 4.61803510e+03 3.69790289e+03 2.86260094e+02 3.47953017e+03 1.99295934e+03 1.04770898e+03 4.47895578e+03 5.18278737e+03 5.32185433e+03 3.63367928e+03 3.28782103e+03 3.86121797e+03 3.96549882e+03 4.17009207e+03 3.67126277e+03 5.23770037e+03
2.85956180e+03 1.51207618e+03 9.71859454e+02 1.55125179e+03 5.93394816e+02 3.06977050e+02 7.66062382e+02 0.00000000e+00 6.19085741e+02 1.30527849e+03 1.11261415e+02 4.27993843e+02 1.41828944e+03 5.06148464e+03 4.02645579e+03 7.15694332e+02 3.95255574e+03 1.49299143e+03 4.31112521e+02 4.18027389e+03 4.95171552e+03 4.91850969e+03 3.67509278e+03 3.33781203e+03 3.46998813e+03 4.04958520e+03 4.20427648e+03 3.39257256e+03 4.99680230e+03
3.00225344e+03 1.03318531e+03 1.06789662e+03 1.89720571e+03 9.78087159e+02 7.01248880e+02 1.14471113e+03 6.19085741e+02 0.00000000e+00 8.85278292e+02 7.00773439e+02 8.97490940e+02 1.11789078e+03 4.66085226e+03 4.44422005e+03 1.10556437e+03 4.28665038e+03 1.12841804e+03 9.22327397e+02 4.08350503e+03 4.86878958e+03 5.07885828e+03 3.93245894e+03 3.50372269e+03 3.29013687e+03 4.30645982e+03 4.04999170e+03 3.31615453e+03 4.90658641e+03
3.39661381e+03 3.29550710e+02 1.17078305e+03 2.74792563e+03 1.79885102e+03 1.16499025e+03 1.96891104e+03 1.30527849e+03 8.85278292e+02 0.00000000e+00 1.38395527e+03 1.38602740e+03 3.01295794e+02 4.18691730e+03 5.12104412e+03 1.93816746e+03 5.14238534e+03 4.64488367e+02 1.41108469e+03 4.32088045e+03 4.97652198e+03 5.06874828e+03 4.22319145e+03 3.49076559e+03 2.87718594e+03 3.89773054e+03 3.67084812e+03 3.41274294e+03 5.01995340e+03
2.94170755e+03 1.50740304e+03 1.05229201e+03 1.63984113e+03 6.28078493e+02 3.89869922e+02 8.56438257e+02 1.11261415e+02 7.00773439e+02 1.38395527e+03 0.00000000e+00 5.12285639e+02 1.49779221e+03 5.13907818e+03 4.10876688e+03 8.05966440e+02 4.03759091e+03 1.57153636e+03 5.13873653e+02 4.25579029e+03 5.02979993e+03 4.99025327e+03 3.76112347e+03 3.42105802e+03 3.51039967e+03 4.13032722e+03 4.28609561e+03 3.47692363e+03 5.07557529e+03
2.95838460e+03 1.58687656e+03 1.04477821e+03 1.76948346e+03 7.74894460e+02 3.42897016e+02 9.93559612e+02 4.27993843e+02 8.97490940e+02 1.38602740e+03 5.12285639e+02 0.00000000e+00 1.26004971e+03 5.22864414e+03 4.15358061e+03 9.31034298e+02 4.13333122e+03 1.57704568e+03 4.88878974e+02 4.28500598e+03 4.94083028e+03 5.08116636e+03 3.79038694e+03 3.50858960e+03 3.52289281e+03 4.05678841e+03 4.28356896e+03 3.40412098e+03 4.99150395e+03
3.45470852e+03 4.94107809e+02 1.23833166e+03 2.84103370e+03 1.86431413e+03 1.37572941e+03 2.06554749e+03 1.41828944e+03 1.11789078e+03 3.01295794e+02 1.49779221e+03 1.26004971e+03 0.00000000e+00 4.24677095e+03 5.17403679e+03 1.99742619e+03 5.19946483e+03 5.45184869e+02 1.47990337e+03 4.37677471e+03 5.02789816e+03 5.12543054e+03 4.28383198e+03 3.55597008e+03 2.94764781e+03 3.95704732e+03 3.73069224e+03 3.47673508e+03 5.07109356e+03
5.65648582e+03 4.17237558e+03 4.67594130e+03 3.69418354e+03 4.88984974e+03 5.15619166e+03 4.61803510e+03 5.06148464e+03 4.66085226e+03 4.18691730e+03 5.13907818e+03 5.22864414e+03 4.24677095e+03 0.00000000e+00 1.36251304e+03 4.59080396e+03 1.38057603e+03 4.17602416e+03 5.25521430e+03 4.42975174e+03 4.08324167e+03 4.11702145e+03 5.64086851e+03 5.31753624e+03 5.66421624e+03 4.71525261e+03 4.49034182e+03 5.75755353e+03 4.13204283e+03
5.15609743e+03 5.26602749e+03 4.44598263e+03 2.75241365e+03 3.95426653e+03 4.11653695e+03 3.69790289e+03 4.02645579e+03 4.44422005e+03 5.12104412e+03 4.10876688e+03 4.15358061e+03 5.17403679e+03 1.36251304e+03 0.00000000e+00 3.64631934e+03 4.46501547e+02 5.27566003e+03 4.10837184e+03 4.32848235e+03 3.98083829e+03 4.10118933e+03 5.19688984e+03 5.29919538e+03 6.21698128e+03 4.85050444e+03 5.04085020e+03 5.66976548e+03 4.03823375e+03
2.78320410e+03 1.93335377e+03 1.51515959e+03 1.07090884e+03 5.30315709e+02 8.72716769e+02 2.86260094e+02 7.15694332e+02 1.10556437e+03 1.93816746e+03 8.05966440e+02 9.31034298e+02 1.99742619e+03 4.59080396e+03 3.64631934e+03 0.00000000e+00 3.45161743e+03 1.93120435e+03 9.61274169e+02 4.44160323e+03 5.14597042e+03 5.27913774e+03 3.58092589e+03 3.22779282e+03 3.80982403e+03 3.92031713e+03 4.13062452e+03 3.61456599e+03 5.20192259e+03
5.09220113e+03 5.15122820e+03 4.35406266e+03 2.47503354e+03 3.76778692e+03 4.06300786e+03 3.47953017e+03 3.95255574e+03 4.28665038e+03 5.14238534e+03 4.03759091e+03 4.13333122e+03 5.19946483e+03 1.38057603e+03 4.46501547e+02 3.45161743e+03 0.00000000e+00 5.15204461e+03 4.17713376e+03 4.25217381e+03 3.89066264e+03 3.97970657e+03 5.10150777e+03 5.20552506e+03 6.16451940e+03 4.75499431e+03 4.96358743e+03 5.60997210e+03 3.95019960e+03
3.49170703e+03 5.09938134e+02 1.34278908e+03 2.79797576e+03 1.79565319e+03 1.48957968e+03 1.99295934e+03 1.49299143e+03 1.12841804e+03 4.64488367e+02 1.57153636e+03 1.57704568e+03 5.45184869e+02 4.17602416e+03 5.27566003e+03 1.93120435e+03 5.15204461e+03 0.00000000e+00 1.48009328e+03 4.41463968e+03 5.06500877e+03 5.15965961e+03 4.31895309e+03 3.59450518e+03 2.99783389e+03 3.99756380e+03 3.77429872e+03 3.51820189e+03 5.10901106e+03
2.96684826e+03 1.61660805e+03 1.07702561e+03 1.82626788e+03 8.26604920e+02 4.23921131e+02 1.04770898e+03 4.31112521e+02 9.22327397e+02 1.41108469e+03 5.13873653e+02 4.88878974e+02 1.47990337e+03 5.25521430e+03 4.10837184e+03 9.61274169e+02 4.17713376e+03 1.48009328e+03 0.00000000e+00 4.31099462e+03 4.95960855e+03 5.11002654e+03 3.83970434e+03 3.54053332e+03 3.53865380e+03 4.10248547e+03 4.29576418e+03 3.41432457e+03 5.01057813e+03
5.15700508e+03 4.41281704e+03 4.55265087e+03 4.46796746e+03 4.40132379e+03 4.24353614e+03 4.47895578e+03 4.18027389e+03 4.08350503e+03 4.32088045e+03 4.25579029e+03 4.28500598e+03 4.37677471e+03 4.42975174e+03 4.32848235e+03 4.44160323e+03 4.25217381e+03 4.41463968e+03 4.31099462e+03 0.00000000e+00 3.86828235e+03 4.89156705e+03 5.38016701e+03 5.05028516e+03 5.16441299e+03 5.41201662e+03 5.27611046e+03 4.94880248e+03 3.88077087e+03
5.90822313e+03 5.06729380e+03 5.19382123e+03 5.01172439e+03 5.15715127e+03 4.88270600e+03 5.18278737e+03 4.95171552e+03 4.86878958e+03 4.97652198e+03 5.02979993e+03 4.94083028e+03 5.02789816e+03 4.08324167e+03 3.98083829e+03 5.14597042e+03 3.89066264e+03 5.06500877e+03 4.95960855e+03 3.86828235e+03 0.00000000e+00 4.50188556e+03 6.17810409e+03 6.64175027e+03 5.87605988e+03 5.24894555e+03 5.43452270e+03 5.64074490e+03 3.01207810e+03
6.01975824e+03 5.15708320e+03 5.08757959e+03 5.13181576e+03 5.19019693e+03 5.02899405e+03 5.32185433e+03 4.91850969e+03 5.07885828e+03 5.06874828e+03 4.99025327e+03 5.08116636e+03 5.12543054e+03 4.11702145e+03 4.10118933e+03 5.27913774e+03 3.97970657e+03 5.15965961e+03 5.11002654e+03 4.89156705e+03 4.50188556e+03 0.00000000e+00 6.34628279e+03 5.92809212e+03 6.12157083e+03 5.40075684e+03 5.40258551e+03 6.65532917e+03 4.56656472e+03
4.40333717e+03 4.28509354e+03 3.98713232e+03 3.58456258e+03 3.78919652e+03 3.74126145e+03 3.63367928e+03 3.67509278e+03 3.93245894e+03 4.22319145e+03 3.76112347e+03 3.79038694e+03 4.28383198e+03 5.64086851e+03 5.19688984e+03 3.58092589e+03 5.10150777e+03 4.31895309e+03 3.83970434e+03 5.38016701e+03 6.17810409e+03 6.34628279e+03 0.00000000e+00 4.04104710e+03 4.93389886e+03 4.48026874e+03 5.56721638e+03 4.64782719e+03 6.15449523e+03
3.83014961e+03 3.55078425e+03 3.31517261e+03 3.46959117e+03 3.34855997e+03 3.45099231e+03 3.28782103e+03 3.33781203e+03 3.50372269e+03 3.49076559e+03 3.42105802e+03 3.50858960e+03 3.55597008e+03 5.31753624e+03 5.29919538e+03 3.22779282e+03 5.20552506e+03 3.59450518e+03 3.54053332e+03 5.05028516e+03 6.64175027e+03 5.92809212e+03 4.04104710e+03 0.00000000e+00 4.12896796e+03 4.34087548e+03 4.71444909e+03 4.52220082e+03 6.68984606e+03
4.28492112e+03 2.97173577e+03 3.38628453e+03 4.38723859e+03 3.73381760e+03 3.44888983e+03 3.86121797e+03 3.46998813e+03 3.29013687e+03 2.87718594e+03 3.51039967e+03 3.52289281e+03 2.94764781e+03 5.66421624e+03 6.21698128e+03 3.80982403e+03 6.16451940e+03 2.99783389e+03 3.53865380e+03 5.16441299e+03 5.87605988e+03 6.12157083e+03 4.93389886e+03 4.12896796e+03 0.00000000e+00 4.55416895e+03 4.63339614e+03 4.32501400e+03 5.95195127e+03
4.72552377e+03 3.95469942e+03 4.09825645e+03 4.04355243e+03 4.14191866e+03 3.97850022e+03 3.96549882e+03 4.04958520e+03 4.30645982e+03 3.89773054e+03 4.13032722e+03 4.05678841e+03 3.95704732e+03 4.71525261e+03 4.85050444e+03 3.92031713e+03 4.75499431e+03 3.99756380e+03 4.10248547e+03 5.41201662e+03 5.24894555e+03 5.40075684e+03 4.48026874e+03 4.34087548e+03 4.55416895e+03 0.00000000e+00 4.84620467e+03 4.96545380e+03 5.28313145e+03
4.66677166e+03 3.73592750e+03 4.15683000e+03 4.70252280e+03 4.26448190e+03 4.21399765e+03 4.17009207e+03 4.20427648e+03 4.04999170e+03 3.67084812e+03 4.28609561e+03 4.28356896e+03 3.73069224e+03 4.49034182e+03 5.04085020e+03 4.13062452e+03 4.96358743e+03 3.77429872e+03 4.29576418e+03 5.27611046e+03 5.43452270e+03 5.40258551e+03 5.56721638e+03 4.71444909e+03 4.63339614e+03 4.84620467e+03 0.00000000e+00 5.23263823e+03 5.48664763e+03
4.22803832e+03 3.50675749e+03 3.44567659e+03 3.86922099e+03 3.62197426e+03 3.33813684e+03 3.67126277e+03 3.39257256e+03 3.31615453e+03 3.41274294e+03 3.47692363e+03 3.40412098e+03 3.47673508e+03 5.75755353e+03 5.66976548e+03 3.61456599e+03 5.60997210e+03 3.51820189e+03 3.41432457e+03 4.94880248e+03 5.64074490e+03 6.65532917e+03 4.64782719e+03 4.52220082e+03 4.32501400e+03 4.96545380e+03 5.23263823e+03 0.00000000e+00 5.67433063e+03
5.98295845e+03 5.10866920e+03 5.23468857e+03 5.05449251e+03 5.21255375e+03 4.93679113e+03 5.23770037e+03 4.99680230e+03 4.90658641e+03 5.01995340e+03 5.07557529e+03 4.99150395e+03 5.07109356e+03 4.13204283e+03 4.03823375e+03 5.20192259e+03 3.95019960e+03 5.10901106e+03 5.01057813e+03 3.88077087e+03 3.01207810e+03 4.56656472e+03 6.15449523e+03 6.68984606e+03 5.95195127e+03 5.28313145e+03 5.48664763e+03 5.67433063e+03 0.00000000e+00
