0.00000000e+00 2.45522891e+02 2.18892956e+02 2.40687478e+02 1.97610291e+02 1.96618436e+02 1.93626632e+02 1.95114379e+02 2.08389864e+02 2.41126624e+02 2.02729170e+02 2.01251388e+02 2.44372150e+02 4.31275612e+02 3.87155588e+02 1.86871941e+02 3.84970959e+02 2.46576683e+02 2.00908970e+02 3.77011576e+02 4.50604990e+02 4.64729933e+02 3.23922190e+02 2.66505759e+02 3.14891617e+02 3.42461468e+02 3.40064068e+02 3.08269228e+02 4.56517266e+02
2.45522891e+02 0.00000000e+00 1.02017013e+02 2.23005088e+02 1.41688035e+02 1.16878649e+02 1.58960224e+02 1.21619993e+02 8.35311428e+01 2.52688683e+01 1.21782929e+02 1.24517030e+02 3.47794520e+01 3.34589242e+02 4.23768289e+02 1.54350228e+02 4.17331588e+02 3.48164789e+01 1.25973881e+02 3.32911403e+02 3.99495313e+02 4.11345477e+02 3.34818202e+02 2.61025728e+02 2.14745253e+02 2.94468576e+02 2.77757117e+02 2.61855927e+02 4.02448798e+02
2.18892956e+02 1.02017013e+02 0.00000000e+00 1.59102382e+02 1.05785650e+02 7.11353947e+01 1.24990185e+02 7.45931913e+01 8.24758705e+01 8.99325581e+01 8.16203057e+01 7.81227585e+01 9.36918847e+01 3.74209269e+02 3.54782143e+02 1.18231501e+02 3.50010306e+02 1.01389769e+02 7.98027330e+01 3.44598436e+02 4.10654148e+02 4.03737854e+02 3.06145032e+02 2.38411930e+02 2.52048051e+02 3.06596171e+02 3.14993711e+02 2.55247449e+02 4.13325466e+02
2.40687478e+02 2.23005088e+02 1.59102382e+02 0.00000000e+00 1.11099386e+02 1.34584273e+02 8.71650028e+01 1.25797297e+02 1.53157589e+02 2.22285338e+02 1.33711851e+02 1.40459860e+02 2.28076195e+02 2.96313230e+02 2.18765252e+02 8.45598369e+01 1.99745188e+02 2.23534643e+02 1.44042068e+02 3.39273638e+02 3.96843063e+02 4.10392467e+02 2.70665273e+02 2.54006858e+02 3.45589495e+02 3.03648492e+02 3.65693303e+02 2.96235468e+02 3.99458749e+02
1.97610291e+02 1.41688035e+02 1.05785650e+02 1.11099386e+02 0.00000000e+00 5.32176155e+01 4.29608878e+01 4.47160048e+01 7.64976387e+01 1.42909641e+02 4.77407104e+01 5.70950576e+01 1.46630419e+02 3.94223156e+02 3.16855994e+02 3.86700300e+01 3.04431604e+02 1.39768237e+02 6.03113774e+01 3.33585189e+02 4.10220788e+02 4.16346054e+02 2.90045706e+02 2.43442880e+02 2.86302093e+02 3.12941967e+02 3.27304479e+02 2.73743352e+02 4.14423816e+02
1.96618436e+02 1.16878649e+02 7.11353947e+01 1.34584273e+02 5.32176155e+01 0.00000000e+00 6.86621967e+01 2.31335681e+01 5.74759780e+01 9.40230370e+01 3.01304875e+01 2.23894143e+01 1.06940510e+02 4.16559235e+02 3.30742060e+02 6.78841793e+01 3.29481472e+02 1.15361074e+02 2.80831653e+01 3.20492265e+02 3.86022073e+02 4.02665861e+02 2.87178561e+02 2.54389908e+02 2.61283766e+02 2.99457254e+02 3.23968682e+02 2.49008241e+02 3.90133397e+02
1.93626632e+02 1.58960224e+02 1.24990185e+02 8.71650028e+01 4.29608878e+01 6.86621967e+01 0.00000000e+00 6.01340767e+01 9.01892852e+01 1.57901481e+02 6.79302507e+01 7.57818997e+01 1.63852114e+02 3.72370884e+02 2.96325346e+02 1.87724884e+01 2.80788666e+02 1.56594919e+02 7.90478574e+01 3.41245761e+02 4.13631678e+02 4.29052882e+02 2.76449964e+02 2.38646081e+02 2.98407569e+02 2.97731096e+02 3.18706813e+02 2.79306798e+02 4.17774670e+02
1.95114379e+02 1.21619993e+02 7.45931913e+01 1.25797297e+02 4.47160048e+01 2.31335681e+01 6.01340767e+01 0.00000000e+00 4.93964780e+01 1.04284729e+02 8.94798914e+00 3.01649755e+01 1.11099114e+02 4.09013868e+02 3.23642443e+02 5.56272581e+01 3.21279684e+02 1.16213083e+02 2.93549581e+01 3.15305661e+02 3.93122357e+02 3.93049685e+02 2.81713170e+02 2.44638752e+02 2.63995080e+02 3.06477419e+02 3.23655076e+02 2.54742888e+02 3.96214620e+02
2.08389864e+02 8.35311428e+01 8.24758705e+01 1.53157589e+02 7.64976387e+01 5.74759780e+01 9.01892852e+01 4.93964780e+01 0.00000000e+00 7.22350059e+01 5.64352429e+01 6.89599920e+01 8.65626134e+01 3.77041682e+02 3.59122265e+02 8.73560832e+01 3.48214667e+02 8.62136173e+01 6.98003654e+01 3.06803433e+02 3.85961643e+02 4.08065888e+02 3.06025181e+02 2.60210144e+02 2.46647324e+02 3.30649022e+02 3.09160540e+02 2.47586630e+02 3.88354172e+02
2.41126624e+02 2.52688683e+01 8.99325581e+01 2.22285338e+02 1.42909641e+02 9.40230370e+01 1.57901481e+02 1.04284729e+02 7.22350059e+01 0.00000000e+00 1.11275601e+02 1.07858531e+02 1.85114025e+01 3.36621345e+02 4.12704499e+02 1.54864613e+02 4.17165490e+02 3.08627987e+01 1.08851181e+02 3.25479683e+02 3.92453316e+02 4.04204175e+02 3.30203547e+02 2.56513165e+02 2.06446761e+02 2.90579901e+02 2.72633849e+02 2.53846653e+02 3.95533321e+02
2.02729170e+02 1.21782929e+02 8.16203057e+01 1.33711851e+02 4.77407104e+01 3.01304875e+01 6.79302507e+01 8.94798914e+00 5.64352429e+01 1.11275601e+02 0.00000000e+00 3.73199123e+01 1.18184917e+02 4.17145963e+02 3.31822045e+02 6.34180952e+01 3.29543847e+02 1.23225475e+02 3.63636240e+01 3.22812981e+02 4.01111981e+02 4.00451141e+02 2.89999989e+02 2.52525485e+02 2.68214339e+02 3.14406834e+02 3.31741841e+02 2.62710239e+02 4.04293528e+02
2.01251388e+02 1.24517030e+02 7.81227585e+01 1.40459860e+02 5.70950576e+01 2.23894143e+01 7.57818997e+01 3.01649755e+01 6.89599920e+01 1.07858531e+02 3.73199123e+01 0.00000000e+00 9.99432278e+01 4.21186100e+02 3.32195154e+02 7.10130943e+01 3.33674149e+02 1.20872831e+02 3.14871408e+01 3.22178150e+02 3.89288795e+02 4.05624321e+02 2.89484358e+02 2.57517715e+02 2.66098854e+02 3.04448643e+02 3.28599337e+02 2.52854398e+02 3.93123092e+02
2.44372150e+02 3.47794520e+01 9.36918847e+01 2.28076195e+02 1.46630419e+02 1.06940510e+02 1.63852114e+02 1.11099114e+02 8.65626134e+01 1.85114025e+01 1.18184917e+02 9.99432278e+01 0.00000000e+00 3.40077135e+02 4.15913055e+02 1.58175686e+02 4.20809976e+02 3.53678167e+01 1.12688480e+02 3.28645928e+02 3.95269083e+02 4.07562432e+02 3.33774577e+02 2.60314617e+02 2.10735857e+02 2.93967309e+02 2.76156126e+02 2.57525898e+02 3.98358652e+02
4.31275612e+02 3.34589242e+02 3.74209269e+02 2.96313230e+02 3.94223156e+02 4.16559235e+02 3.72370884e+02 4.09013868e+02 3.77041682e+02 3.36621345e+02 4.17145963e+02 4.21186100e+02 3.40077135e+02 0.00000000e+00 1.05812798e+02 3.69303588e+02 1.06528399e+02 3.33988049e+02 4.22295088e+02 3.24836160e+02 2.99601768e+02 3.04926753e+02 4.47297156e+02 4.09711274e+02 4.49866112e+02 3.52269305e+02 3.34647610e+02 4.57018721e+02 3.01923358e+02
3.87155588e+02 4.23768289e+02 3.54782143e+02 2.18765252e+02 3.16855994e+02 3.30742060e+02 2.96325346e+02 3.23642443e+02 3.59122265e+02 4.12704499e+02 3.31822045e+02 3.32195154e+02 4.15913055e+02 1.05812798e+02 0.00000000e+00 2.91543560e+02 2.96936538e+01 4.23784957e+02 3.28921082e+02 3.16880519e+02 2.91509153e+02 3.04868541e+02 4.07001266e+02 4.08770090e+02 5.02436044e+02 3.65412150e+02 3.86206710e+02 4.50191281e+02 2.94678025e+02
1.86871941e+02 1.54350228e+02 1.18231501e+02 8.45598369e+01 3.86700300e+01 6.78841793e+01 1.87724884e+01 5.56272581e+01 8.73560832e+01 1.54864613e+02 6.34180952e+01 7.10130943e+01 1.58175686e+02 3.69303588e+02 2.91543560e+02 0.00000000e+00 2.78215579e+02 1.51435825e+02 7.21734429e+01 3.37556946e+02 4.09434076e+02 4.24632953e+02 2.71431565e+02 2.32992026e+02 2.93776643e+02 2.93185071e+02 3.15199086e+02 2.73938879e+02 4.13680780e+02
3.84970959e+02 4.17331588e+02 3.50010306e+02 1.99745188e+02 3.04431604e+02 3.29481472e+02 2.80788666e+02 3.21279684e+02 3.48214667e+02 4.17165490e+02 3.29543847e+02 3.33674149e+02 4.20809976e+02 1.06528399e+02 2.96936538e+01 2.78215579e+02 0.00000000e+00 4.16012339e+02 3.36026929e+02 3.14029333e+02 2.87508981e+02 2.97395180e+02 4.02038857e+02 4.03821032e+02 5.00620323e+02 3.60595323e+02 3.82065173e+02 4.48429200e+02 2.90886921e+02
2.46576683e+02 3.48164789e+01 1.01389769e+02 2.23534643e+02 1.39768237e+02 1.15361074e+02 1.56594919e+02 1.16213083e+02 8.62136173e+01 3.08627987e+01 1.23225475e+02 1.20872831e+02 3.53678167e+01 3.33988049e+02 4.23784957e+02 1.51435825e+02 4.16012339e+02 0.00000000e+00 1.13563741e+02 3.31015656e+02 3.97688867e+02 4.09628100e+02 3.35838106e+02 2.62635324e+02 2.13977742e+02 2.96430460e+02 2.78843464e+02 2.60111212e+02 4.00830659e+02
2.00908970e+02 1.25973881e+02 7.98027330e+01 1.44042068e+02 6.03113774e+01 2.80831653e+01 7.90478574e+01 2.93549581e+01 6.98003654e+01 1.08851181e+02 3.63636240e+01 3.14871408e+01 1.12688480e+02 4.22295088e+02 3.28921082e+02 7.21734429e+01 3.36026929e+02 1.13563741e+02 0.00000000e+00 3.23472932e+02 3.89937672e+02 4.06845760e+02 2.92944340e+02 2.59182628e+02 2.66302117e+02 3.07555141e+02 3.28405793e+02 2.52394306e+02 3.93816132e+02
3.77011576e+02 3.32911403e+02 3.44598436e+02 3.39273638e+02 3.33585189e+02 3.20492265e+02 3.41245761e+02 3.15305661e+02 3.06803433e+02 3.25479683e+02 3.22812981e+02 3.22178150e+02 3.28645928e+02 3.24836160e+02 3.16880519e+02 3.37556946e+02 3.14029333e+02 3.31015656e+02 3.23472932e+02 0.00000000e+00 2.75835227e+02 3.66078953e+02 4.15432933e+02 3.88468570e+02 3.96885891e+02 4.06257236e+02 3.94645429e+02 3.72500340e+02 2.75601943e+02
4.50604990e+02 3.99495313e+02 4.10654148e+02 3.96843063e+02 4.10220788e+02 3.86022073e+02 4.13631678e+02 3.93122357e+02 3.85961643e+02 3.92453316e+02 4.01111981e+02 3.89288795e+02 3.95269083e+02 2.99601768e+02 2.91509153e+02 4.09434076e+02 2.87508981e+02 3.97688867e+02 3.89937672e+02 2.75835227e+02 0.00000000e+00 3.36076781e+02 4.94874310e+02 5.26126057e+02 4.67578883e+02 3.99523170e+02 4.15163093e+02 4.41694524e+02 2.07969515e+02
4.64729933e+02 4.11345477e+02 4.03737854e+02 4.10392467e+02 4.16346054e+02 4.02665861e+02 4.29052882e+02 3.93049685e+02 4.08065888e+02 4.04204175e+02 4.00451141e+02 4.05624321e+02 4.07562432e+02 3.04926753e+02 3.04868541e+02 4.24632953e+02 2.97395180e+02 4.09628100e+02 4.06845760e+02 3.66078953e+02 3.36076781e+02 0.00000000e+00 5.11763562e+02 4.64920025e+02 4.91197876e+02 4.14130163e+02 4.16210900e+02 5.36470901e+02 3.40401492e+02
3.23922190e+02 3.34818202e+02 3.06145032e+02 2.70665273e+02 2.90045706e+02 2.87178561e+02 2.76449964e+02 2.81713170e+02 3.06025181e+02 3.30203547e+02 2.89999989e+02 2.89484358e+02 3.33774577e+02 4.47297156e+02 4.07001266e+02 2.71431565e+02 4.02038857e+02 3.35838106e+02 2.92944340e+02 4.15432933e+02 4.94874310e+02 5.11763562e+02 0.00000000e+00 3.03173041e+02 3.90867059e+02 3.40714173e+02 4.33668765e+02 3.58778738e+02 4.89452173e+02
2.66505759e+02 2.61025728e+02 2.38411930e+02 2.54006858e+02 2.43442880e+02 2.54389908e+02 2.38646081e+02 2.44638752e+02 2.60210144e+02 2.56513165e+02 2.52525485e+02 2.57517715e+02 2.60314617e+02 4.09711274e+02 4.08770090e+02 2.32992026e+02 4.03821032e+02 2.62635324e+02 2.59182628e+02 3.88468570e+02 5.26126057e+02 4.64920025e+02 3.03173041e+02 0.00000000e+00 3.11624797e+02 3.20680212e+02 3.50375677e+02 3.40242386e+02 5.29934564e+02
3.14891617e+02 2.14745253e+02 2.52048051e+02 3.45589495e+02 2.86302093e+02 2.61283766e+02 2.98407569e+02 2.63995080e+02 2.46647324e+02 2.06446761e+02 2.68214339e+02 2.66098854e+02 2.10735857e+02 4.49866112e+02 5.02436044e+02 2.93776643e+02 5.00620323e+02 2.13977742e+02 2.66302117e+02 3.96885891e+02 4.67578883e+02 4.91197876e+02 3.90867059e+02 3.11624797e+02 0.00000000e+00 3.47966892e+02 3.49213783e+02 3.29691285e+02 4.73946830e+02
3.42461468e+02 2.94468576e+02 3.06596171e+02 3.03648492e+02 3.12941967e+02 2.99457254e+02 2.97731096e+02 3.06477419e+02 3.30649022e+02 2.90579901e+02 3.14406834e+02 3.04448643e+02 2.93967309e+02 3.52269305e+02 3.65412150e+02 2.93185071e+02 3.60595323e+02 2.96430460e+02 3.07555141e+02 4.06257236e+02 3.99523170e+02 4.14130163e+02 3.40714173e+02 3.20680212e+02 3.47966892e+02 0.00000000e+00 3.59624238e+02 3.77534830e+02 4.01479996e+02
3.40064068e+02 2.77757117e+02 3.14993711e+02 3.65693303e+02 3.27304479e+02 3.23968682e+02 3.18706813e+02 3.23655076e+02 3.09160540e+02 2.72633849e+02 3.31741841e+02 3.28599337e+02 2.76156126e+02 3.34647610e+02 3.86206710e+02 3.15199086e+02 3.82065173e+02 2.78843464e+02 3.28405793e+02 3.94645429e+02 4.15163093e+02 4.16210900e+02 4.33668765e+02 3.50375677e+02 3.49213783e+02 3.59624238e+02 0.00000000e+00 4.04214164e+02 4.19657153e+02
3.08269228e+02 2.61855927e+02 2.55247449e+02 2.96235468e+02 2.73743352e+02 2.49008241e+02 2.79306798e+02 2.54742888e+02 2.47586630e+02 2.53846653e+02 2.62710239e+02 2.52854398e+02 2.57525898e+02 4.57018721e+02 4.50191281e+02 2.73938879e+02 4.48429200e+02 2.60111212e+02 2.52394306e+02 3.72500340e+02 4.41694524e+02 5.36470901e+02 3.58778738e+02 3.40242386e+02 3.29691285e+02 3.77534830e+02 4.04214164e+02 0.00000000e+00 4.43753368e+02
4.56517266e+02 4.02448798e+02 4.13325466e+02 3.99458749e+02 4.14423816e+02 3.90133397e+02 4.17774670e+02 3.96214620e+02 3.88354172e+02 3.95533321e+02 4.04293528e+02 3.93123092e+02 3.98358652e+02 3.01923358e+02 2.94678025e+02 4.13680780e+02 2.90886921e+02 4.00830659e+02 3.93816132e+02 2.75601943e+02 2.07969515e+02 3.40401492e+02 4.89452173e+02 5.29934564e+02 4.73946830e+02 4.01479996e+02 4.19657153e+02 4.43753368e+02 0.00000000e+00
