0.00000000e+00 3.05956885e+03 2.72766656e+03 2.97891540e+03 2.45081350e+03 2.44198850e+03 2.38619416e+03 2.42453052e+03 2.57022369e+03 2.99518588e+03 2.50720845e+03 2.50274526e+03 3.03702091e+03 5.34960236e+03 4.80658791e+03 2.32102904e+03 4.75399501e+03 3.06341332e+03 2.50150301e+03 4.73171603e+03 5.49279744e+03 5.59154909e+03 3.87893152e+03 3.27987628e+03 3.76768517e+03 4.24940628e+03 4.13344924e+03 3.69615105e+03 5.56580695e+03
3.05956885e+03 0.00000000e+00 1.24774180e+03 2.71603064e+03 1.72714224e+03 1.42471958e+03 1.92287571e+03 1.48383538e+03 1.00205744e+03 3.03887061e+02 1.47853864e+03 1.52126655e+03 4.22641176e+02 4.08985959e+03 5.18774874e+03 1.88398533e+03 5.08120059e+03 4.22163696e+02 1.54091790e+03 4.12214873e+03 4.79613689e+03 4.87697683e+03 3.95459142e+03 3.16707924e+03 2.50741900e+03 3.60287445e+03 3.31359864e+03 3.08480520e+03 4.83403830e+03
2.72766656e+03 1.24774180e+03 0.00000000e+00 1.93934851e+03 1.28884655e+03 8.65465908e+02 1.51330495e+03 9.08173555e+02 9.94944487e+02 1.09635973e+03 9.89407993e+02 9.51882832e+02 1.14331400e+03 4.57860087e+03 4.34433831e+03 1.44419328e+03 4.26685538e+03 1.23717274e+03 9.73640378e+02 4.26940145e+03 4.93069095e+03 4.78951165e+03 3.60962483e+03 2.89070428e+03 2.95765246e+03 3.75194701e+03 3.77575863e+03 3.00401794e+03 4.96786289e+03
2.97891540e+03 2.71603064e+03 1.93934851e+03 0.00000000e+00 1.34461503e+03 1.63783611e+03 1.05851018e+03 1.52996729e+03 1.86344150e+03 2.70943930e+03 1.61932651e+03 1.70786537e+03 2.77882235e+03 3.60782746e+03 2.66297336e+03 1.02670707e+03 2.42514450e+03 2.72345731e+03 1.75532828e+03 4.18826225e+03 4.74048727e+03 4.84872457e+03 3.17014009e+03 3.06559192e+03 4.07493928e+03 3.69795834e+03 4.38639458e+03 3.48373818e+03 4.77974290e+03
2.45081350e+03 1.72714224e+03 1.28884655e+03 1.34461503e+03 0.00000000e+00 6.45143338e+02 5.09992608e+02 5.42273198e+02 9.17919676e+02 1.73871672e+03 5.76828398e+02 6.93534781e+02 1.78531091e+03 4.79797973e+03 3.85853303e+03 4.68244520e+02 3.68721107e+03 1.70080238e+03 7.34621907e+02 4.11331836e+03 4.90132844e+03 4.91178690e+03 3.40237731e+03 2.93993312e+03 3.35664273e+03 3.81065064e+03 3.90596316e+03 3.21498069e+03 4.95596240e+03
2.44198850e+03 1.42471958e+03 8.65465908e+02 1.63783611e+03 6.45143338e+02 0.00000000e+00 8.27911402e+02 2.81433106e+02 6.94108318e+02 1.14910164e+03 3.65618381e+02 2.69883196e+02 1.30412286e+03 5.07972555e+03 4.03356039e+03 8.25192366e+02 4.00108845e+03 1.40681363e+03 3.40333470e+02 3.96079229e+03 4.61845158e+03 4.75603995e+03 3.37221646e+03 3.07712786e+03 3.06320521e+03 3.65124192e+03 3.87328543e+03 2.92284843e+03 4.67029199e+03
2.38619416e+03 1.92287571e+03 1.51330495e+03 1.05851018e+03 5.09992608e+02 8.27911402e+02 0.00000000e+00 7.23106449e+02 1.09338182e+03 1.91553825e+03 8.14781787e+02 9.11707474e+02 1.98648243e+03 4.52517517e+03 3.60078604e+03 2.20420273e+02 3.40529506e+03 1.89801148e+03 9.54434568e+02 4.20103028e+03 4.93181103e+03 5.05899100e+03 3.22871507e+03 2.86990971e+03 3.49825084e+03 3.61357244e+03 3.80014141e+03 3.27031010e+03 4.98586009e+03
2.42453052e+03 1.48383538e+03 9.08173555e+02 1.52996729e+03 5.42273198e+02 2.81433106e+02 7.23106449e+02 0.00000000e+00 5.94171429e+02 1.27356786e+03 1.08112822e+02 3.66154488e+02 1.35567693e+03 4.98820009e+03 3.94792840e+03 6.75598258e+02 3.89971100e+03 1.41756109e+03 3.56568717e+02 3.89768507e+03 4.70307135e+03 4.64092723e+03 3.30784450e+03 2.95917138e+03 3.09551995e+03 3.73814068e+03 3.86982353e+03 2.99259791e+03 4.74467238e+03
2.57022369e+03 1.00205744e+03 9.94944487e+02 1.86344150e+03 9.17919676e+02 6.94108318e+02 1.09338182e+03 5.94171429e+02 0.00000000e+00 8.73360497e+02 6.76984487e+02 8.29396122e+02 1.04549862e+03 4.57885084e+03 4.36377322e+03 1.05657800e+03 4.22188922e+03 1.04152209e+03 8.43131593e+02 3.77571590e+03 4.59643764e+03 4.80704027e+03 3.58180370e+03 3.13207146e+03 2.87932573e+03 4.01344407e+03 3.68486861e+03 2.89228515e+03 4.62974846e+03
2.99518588e+03 3.03887061e+02 1.09635973e+03 2.70943930e+03 1.73871672e+03 1.14910164e+03 1.91553825e+03 1.27356786e+03 8.73360497e+02 0.00000000e+00 1.35296344e+03 1.31533411e+03 2.23723494e+02 4.10380540e+03 5.03879049e+03 1.88772414e+03 5.07175438e+03 3.74555974e+02 1.32975909e+03 4.02373460e+03 4.69914627e+03 4.78190680e+03 3.89047197e+03 3.10498446e+03 2.40574132e+03 3.54479939e+03 3.24517260e+03 2.98342054e+03 4.73837215e+03
2.50720845e+03 1.47853864e+03 9.89407993e+02 1.61932651e+03 5.76828398e+02 3.65618381e+02 8.14781787e+02 1.08112822e+02 6.76984487e+02 1.35296344e+03 0.00000000e+00 4.51485578e+02 1.43577240e+03 5.06510436e+03 4.03006491e+03 7.67134548e+02 3.98371997e+03 1.49666014e+03 4.40293622e+02 3.97280631e+03 4.78054656e+03 4.71138449e+03 3.39501394e+03 3.04297790e+03 3.13431340e+03 3.81886669e+03 3.95143258e+03 3.07718253e+03 4.82285303e+03
2.50274526e+03 1.52126655e+03 9.51882832e+02 1.70786537e+03 6.93534781e+02 2.69883196e+02 9.11707474e+02 3.66154488e+02 8.29396122e+02 1.31533411e+03 4.51485578e+02 0.00000000e+00 1.22075779e+03 5.13951517e+03 4.05474895e+03 8.63800304e+02 4.05121830e+03 1.47591614e+03 3.83343312e+02 3.98499605e+03 4.66199196e+03 4.79388580e+03 3.40356431e+03 3.11789922e+03 3.12156810e+03 3.71626099e+03 3.93011427e+03 2.97224210e+03 4.71066643e+03
3.03702091e+03 4.22641176e+02 1.14331400e+03 2.77882235e+03 1.78531091e+03 1.30412286e+03 1.98648243e+03 1.35567693e+03 1.04549862e+03 2.23723494e+02 1.43577240e+03 1.22075779e+03 0.00000000e+00 4.14703052e+03 5.07893651e+03 1.92935977e+03 5.11535420e+03 4.31873972e+02 1.37872002e+03 4.06416556e+03 4.73492159e+03 4.82336212e+03 3.93523149e+03 3.15300698e+03 2.45793971e+03 3.58789704e+03 3.28836616e+03 3.02978928e+03 4.77420829e+03
5.34960236e+03 4.08985959e+03 4.57860087e+03 3.60782746e+03 4.79797973e+03 5.07972555e+03 4.52517517e+03 4.98820009e+03 4.57885084e+03 4.10380540e+03 5.06510436e+03 5.13951517e+03 4.14703052e+03 0.00000000e+00 1.29448680e+03 4.50425168e+03 1.29163479e+03 4.07194214e+03 5.16142930e+03 4.01239309e+03 3.58222440e+03 3.60986091e+03 5.30160650e+03 4.96710314e+03 5.33624448e+03 4.30615123e+03 4.01060266e+03 5.42194510e+03 3.62142694e+03
4.80658791e+03 5.18774874e+03 4.34433831e+03 2.66297336e+03 3.85853303e+03 4.03356039e+03 3.60078604e+03 3.94792840e+03 4.36377322e+03 5.03879049e+03 4.03006491e+03 4.05474895e+03 5.07893651e+03 1.29448680e+03 0.00000000e+00 3.55731632e+03 3.53642552e+02 5.17474450e+03 4.02033119e+03 3.91881323e+03 3.48727410e+03 3.60648336e+03 4.82096038e+03 4.95939563e+03 5.97164396e+03 4.47073427e+03 4.64455665e+03 5.34327464e+03 3.53715957e+03
2.32102904e+03 1.88398533e+03 1.44419328e+03 1.02670707e+03 4.68244520e+02 8.25192366e+02 2.20420273e+02 6.75598258e+02 1.05657800e+03 1.88772414e+03 7.67134548e+02 8.63800304e+02 1.92935977e+03 4.50425168e+03 3.55731632e+03 0.00000000e+00 3.37995741e+03 1.84663287e+03 8.80661310e+02 4.17012978e+03 4.90032877e+03 5.02112913e+03 3.18384924e+03 2.81687014e+03 3.45381315e+03 3.57545808e+03 3.76866778e+03 3.22055251e+03 4.95556743e+03
4.75399501e+03 5.08120059e+03 4.26685538e+03 2.42514450e+03 3.68721107e+03 4.00108845e+03 3.40529506e+03 3.89971100e+03 4.22188922e+03 5.07175438e+03 3.98371997e+03 4.05121830e+03 5.11535420e+03 1.29163479e+03 3.53642552e+02 3.37995741e+03 0.00000000e+00 5.05747836e+03 4.08780761e+03 3.86208131e+03 3.42061033e+03 3.50515160e+03 4.73736966e+03 4.87525102e+03 5.92806110e+03 4.38835967e+03 4.58237102e+03 5.29565916e+03 3.47211704e+03
3.06341332e+03 4.22163696e+02 1.23717274e+03 2.72345731e+03 1.70080238e+03 1.40681363e+03 1.89801148e+03 1.41756109e+03 1.04152209e+03 3.74555974e+02 1.49666014e+03 1.47591614e+03 4.31873972e+02 4.07194214e+03 5.17474450e+03 1.84663287e+03 5.05747836e+03 0.00000000e+00 1.38924737e+03 4.09257683e+03 4.76355087e+03 4.84815725e+03 3.95920195e+03 3.18041288e+03 2.49651329e+03 3.61724165e+03 3.32157551e+03 3.06002315e+03 4.80342142e+03
2.50150301e+03 1.54091790e+03 9.73640378e+02 1.75532828e+03 7.34621907e+02 3.40333470e+02 9.54434568e+02 3.56568717e+02 8.43131593e+02 1.32975909e+03 4.40293622e+02 3.83343312e+02 1.37872002e+03 5.16142930e+03 4.02033119e+03 8.80661310e+02 4.08780761e+03 1.38924737e+03 0.00000000e+00 4.00660265e+03 4.67604712e+03 4.81695660e+03 3.44897046e+03 3.14338008e+03 3.12967546e+03 3.75887113e+03 3.93509656e+03 2.97207245e+03 4.72515959e+03
4.73171603e+03 4.12214873e+03 4.26940145e+03 4.18826225e+03 4.11331836e+03 3.96079229e+03 4.20103028e+03 3.89768507e+03 3.77571590e+03 4.02373460e+03 3.97280631e+03 3.98499605e+03 4.06416556e+03 4.01239309e+03 3.91881323e+03 4.17012978e+03 3.86208131e+03 4.09257683e+03 4.00660265e+03 0.00000000e+00 3.33380556e+03 4.38079073e+03 4.97641196e+03 4.76935136e+03 4.75566633e+03 5.02358077e+03 4.80201121e+03 4.46276742e+03 3.33695295e+03
5.49279744e+03 4.79613689e+03 4.93069095e+03 4.74048727e+03 4.90132844e+03 4.61845158e+03 4.93181103e+03 4.70307135e+03 4.59643764e+03 4.69914627e+03 4.78054656e+03 4.66199196e+03 4.73492159e+03 3.58222440e+03 3.48727410e+03 4.90032877e+03 3.42061033e+03 4.76355087e+03 4.67604712e+03 3.33380556e+03 0.00000000e+00 3.91416031e+03 5.78093353e+03 6.28710188e+03 5.46681126e+03 4.79684172e+03 4.91991903e+03 5.15835172e+03 2.43567524e+03
5.59154909e+03 4.87697683e+03 4.78951165e+03 4.84872457e+03 4.91178690e+03 4.75603995e+03 5.05899100e+03 4.64092723e+03 4.80704027e+03 4.78190680e+03 4.71138449e+03 4.79388580e+03 4.82336212e+03 3.60986091e+03 3.60648336e+03 5.02112913e+03 3.50515160e+03 4.84815725e+03 4.81695660e+03 4.38079073e+03 3.91416031e+03 0.00000000e+00 5.91146464e+03 5.48209445e+03 5.68260526e+03 4.91475208e+03 4.86865802e+03 6.23555365e+03 3.96873950e+03
3.87893152e+03 3.95459142e+03 3.60962483e+03 3.17014009e+03 3.40237731e+03 3.37221646e+03 3.22871507e+03 3.30784450e+03 3.58180370e+03 3.89047197e+03 3.39501394e+03 3.40356431e+03 3.93523149e+03 5.30160650e+03 4.82096038e+03 3.18384924e+03 4.73736966e+03 3.95920195e+03 3.44897046e+03 4.97641196e+03 5.78093353e+03 5.91146464e+03 0.00000000e+00 3.55344937e+03 4.50343038e+03 4.02978694e+03 5.08406152e+03 4.12116028e+03 5.74121006e+03
3.27987628e+03 3.16707924e+03 2.89070428e+03 3.06559192e+03 2.93993312e+03 3.07712786e+03 2.86990971e+03 2.95917138e+03 3.13207146e+03 3.10498446e+03 3.04297790e+03 3.11789922e+03 3.15300698e+03 4.96710314e+03 4.95939563e+03 2.81687014e+03 4.87525102e+03 3.18041288e+03 3.14338008e+03 4.76935136e+03 6.28710188e+03 5.48209445e+03 3.55344937e+03 0.00000000e+00 3.65684406e+03 3.88937506e+03 4.18066586e+03 4.00154109e+03 6.33146790e+03
3.76768517e+03 2.50741900e+03 2.95765246e+03 4.07493928e+03 3.35664273e+03 3.06320521e+03 3.49825084e+03 3.09551995e+03 2.87932573e+03 2.40574132e+03 3.13431340e+03 3.12156810e+03 2.45793971e+03 5.33624448e+03 5.97164396e+03 3.45381315e+03 5.92806110e+03 2.49651329e+03 3.12967546e+03 4.75566633e+03 5.46681126e+03 5.68260526e+03 4.50343038e+03 3.65684406e+03 0.00000000e+00 4.11108954e+03 4.07240066e+03 3.77787584e+03 5.53929276e+03
4.24940628e+03 3.60287445e+03 3.75194701e+03 3.69795834e+03 3.81065064e+03 3.65124192e+03 3.61357244e+03 3.73814068e+03 4.01344407e+03 3.54479939e+03 3.81886669e+03 3.71626099e+03 3.58789704e+03 4.30615123e+03 4.47073427e+03 3.57545808e+03 4.38835967e+03 3.61724165e+03 3.75887113e+03 5.02358077e+03 4.79684172e+03 4.91475208e+03 4.02978694e+03 3.88937506e+03 4.11108954e+03 0.00000000e+00 4.31408468e+03 4.47463136e+03 4.82467590e+03
4.13344924e+03 3.31359864e+03 3.77575863e+03 4.38639458e+03 3.90596316e+03 3.87328543e+03 3.80014141e+03 3.86982353e+03 3.68486861e+03 3.24517260e+03 3.95143258e+03 3.93011427e+03 3.28836616e+03 4.01060266e+03 4.64455665e+03 3.76866778e+03 4.58237102e+03 3.32157551e+03 3.93509656e+03 4.80201121e+03 4.91991903e+03 4.86865802e+03 5.08406152e+03 4.18066586e+03 4.07240066e+03 4.31408468e+03 0.00000000e+00 4.71463813e+03 4.96747750e+03
3.69615105e+03 3.08480520e+03 3.00401794e+03 3.48373818e+03 3.21498069e+03 2.92284843e+03 3.27031010e+03 2.99259791e+03 2.89228515e+03 2.98342054e+03 3.07718253e+03 2.97224210e+03 3.02978928e+03 5.42194510e+03 5.34327464e+03 3.22055251e+03 5.29565916e+03 3.06002315e+03 2.97207245e+03 4.46276742e+03 5.15835172e+03 6.23555365e+03 4.12116028e+03 4.00154109e+03 3.77787584e+03 4.47463136e+03 4.71463813e+03 0.00000000e+00 5.18686578e+03
5.56580695e+03 4.83403830e+03 4.96786289e+03 4.77974290e+03 4.95596240e+03 4.67029199e+03 4.98586009e+03 4.74467238e+03 4.62974846e+03 4.73837215e+03 4.82285303e+03 4.71066643e+03 4.77420829e+03 3.62142694e+03 3.53715957e+03 4.95556743e+03 3.47211704e+03 4.80342142e+03 4.72515959e+03 3.33695295e+03 2.43567524e+03 3.96873950e+03 5.74121006e+03 6.33146790e+03 5.53929276e+03 4.82467590e+03 4.96747750e+03 5.18686578e+03 0.00000000e+00
