0.00000000e+00 5.19596876e-02 4.57785897e-02 5.16161465e-02 3.96895896e-02 4.07904096e-02 3.96990138e-02 4.05246217e-02 4.43978464e-02 5.21159822e-02 4.15211789e-02 4.12449359e-02 5.22112794e-02 9.64167898e-02 8.50499658e-02 3.76170603e-02 8.57970593e-02 5.25364813e-02 4.10549746e-02 7.84773211e-02 9.43249033e-02 9.59029293e-02 5.95248215e-02 4.92121868e-02 5.99781855e-02 6.86215787e-02 7.10687454e-02 5.84842887e-02 9.51490063e-02
5.19596876e-02 0.00000000e+00 2.46663102e-02 5.75390632e-02 3.56328261e-02 2.94746983e-02 4.08138466e-02 3.08097420e-02 2.18017293e-02 5.42896321e-03 3.07162577e-02 3.05991210e-02 6.92645621e-03 8.26021753e-02 1.06119134e-01 3.92521566e-02 1.06095562e-01 6.65867594e-03 3.08141756e-02 7.56186589e-02 9.04053156e-02 9.16050106e-02 7.04846447e-02 5.49465025e-02 4.06150278e-02 6.39505782e-02 6.24269070e-02 5.35653464e-02 9.05766906e-02
4.57785897e-02 2.46663102e-02 0.00000000e+00 4.07226209e-02 2.56586672e-02 1.74843430e-02 3.16892584e-02 1.86182307e-02 2.10049633e-02 2.23877987e-02 1.95639347e-02 1.87527780e-02 2.27644684e-02 9.36225091e-02 8.87483116e-02 2.98264851e-02 8.83941552e-02 2.42649067e-02 1.90524301e-02 7.97540936e-02 9.45457394e-02 9.01090005e-02 6.40501647e-02 4.99845812e-02 5.16316512e-02 6.84746221e-02 7.33208478e-02 5.28751382e-02 9.45562230e-02
5.16161465e-02 5.75390632e-02 4.07226209e-02 0.00000000e+00 2.74388186e-02 3.44779727e-02 2.13277438e-02 3.23648087e-02 3.94472641e-02 5.78201109e-02 3.35011281e-02 3.55069592e-02 5.87467292e-02 7.46987535e-02 5.39025822e-02 2.10130438e-02 4.98424092e-02 5.73777668e-02 3.62285673e-02 7.78080240e-02 9.09096225e-02 9.18041477e-02 5.38577504e-02 5.41550338e-02 7.66389316e-02 6.75826190e-02 8.64104746e-02 6.38043812e-02 9.07964119e-02
3.96895896e-02 3.56328261e-02 2.56586672e-02 2.74388186e-02 0.00000000e+00 1.26386348e-02 1.01326938e-02 1.03688566e-02 1.91504655e-02 3.61320872e-02 1.06780304e-02 1.29740482e-02 3.64656714e-02 9.84546455e-02 7.76705152e-02 8.63421298e-03 7.56492359e-02 3.46952982e-02 1.35547794e-02 7.62511606e-02 9.40653899e-02 9.33447126e-02 5.89680781e-02 5.09881732e-02 6.09853097e-02 6.99165369e-02 7.64870434e-02 5.74702442e-02 9.45550305e-02
4.07904096e-02 2.94746983e-02 1.74843430e-02 3.44779727e-02 1.26386348e-02 0.00000000e+00 1.74592628e-02 5.61465496e-03 1.50135458e-02 2.44311284e-02 6.53868826e-03 4.89493405e-03 2.70962002e-02 1.05737722e-01 8.30950796e-02 1.70491202e-02 8.34279209e-02 2.88097584e-02 5.96484586e-03 7.41312894e-02 8.90058281e-02 9.11230348e-02 5.98557550e-02 5.54417509e-02 5.53193453e-02 6.77480220e-02 7.70039084e-02 5.21042401e-02 8.94468550e-02
3.96990138e-02 4.08138466e-02 3.16892584e-02 2.13277438e-02 1.01326938e-02 1.74592628e-02 0.00000000e+00 1.52760482e-02 2.27959469e-02 4.08654544e-02 1.64038688e-02 1.88678831e-02 4.19098124e-02 9.35449264e-02 7.32260962e-02 3.88542251e-03 6.97138196e-02 3.99731433e-02 1.93778527e-02 7.91004400e-02 9.59570073e-02 9.73263560e-02 5.61945548e-02 5.06590789e-02 6.47153795e-02 6.66941099e-02 7.44482208e-02 5.99425322e-02 9.63260516e-02
4.05246217e-02 3.08097420e-02 1.86182307e-02 3.23648087e-02 1.03688566e-02 5.61465496e-03 1.52760482e-02 0.00000000e+00 1.27275297e-02 2.71193639e-02 1.38197267e-03 6.90961120e-03 2.83576738e-02 1.03783435e-01 8.12517882e-02 1.41130173e-02 8.15332974e-02 2.93851801e-02 6.66807573e-03 7.28182128e-02 9.11837467e-02 8.86490447e-02 5.84090308e-02 5.28757858e-02 5.63077286e-02 6.98628555e-02 7.70958804e-02 5.38897855e-02 9.13315805e-02
4.43978464e-02 2.18017293e-02 2.10049633e-02 3.94472641e-02 1.91504655e-02 1.50135458e-02 2.27959469e-02 1.27275297e-02 0.00000000e+00 1.91746802e-02 1.36890301e-02 1.74179553e-02 2.21147280e-02 9.55651420e-02 9.08116456e-02 2.25967228e-02 8.84889181e-02 2.16329604e-02 1.72849128e-02 7.05334485e-02 8.93457257e-02 9.24502519e-02 6.52230766e-02 5.72622538e-02 5.11940766e-02 7.67059779e-02 7.25367985e-02 5.21090192e-02 8.92521518e-02
5.21159822e-02 5.42896321e-03 2.23877987e-02 5.78201109e-02 3.61320872e-02 2.44311284e-02 4.08654544e-02 2.71193639e-02 1.91746802e-02 0.00000000e+00 2.80237203e-02 2.73742855e-02 3.72962571e-03 8.43034232e-02 1.04839929e-01 4.01802448e-02 1.06792831e-01 6.28006660e-03 2.73955918e-02 7.46555851e-02 8.97652399e-02 9.05704970e-02 7.05929024e-02 5.50076699e-02 3.92150921e-02 6.42813491e-02 6.19972055e-02 5.25389617e-02 8.99594220e-02
4.15211789e-02 3.07162577e-02 1.95639347e-02 3.35011281e-02 1.06780304e-02 6.53868826e-03 1.64038688e-02 1.38197267e-03 1.36890301e-02 2.80237203e-02 0.00000000e+00 7.89598846e-03 2.92983453e-02 1.04861088e-01 8.23719292e-02 1.52521432e-02 8.26146908e-02 3.02956653e-02 7.61362843e-03 7.37595598e-02 9.21511466e-02 8.95349790e-02 5.94991540e-02 5.38990285e-02 5.68339491e-02 7.08884339e-02 7.82139164e-02 5.49179039e-02 9.23335440e-02
4.12449359e-02 3.05991210e-02 1.87527780e-02 3.55069592e-02 1.29740482e-02 4.89493405e-03 1.88678831e-02 6.90961120e-03 1.74179553e-02 2.73742855e-02 7.89598846e-03 0.00000000e+00 2.53865523e-02 1.06130441e-01 8.26511615e-02 1.73089084e-02 8.39910499e-02 2.95938330e-02 6.21575721e-03 7.37604035e-02 8.90088396e-02 9.11647732e-02 5.96097098e-02 5.54665009e-02 5.60022934e-02 6.82229901e-02 7.76522744e-02 5.23244247e-02 8.93961802e-02
5.22112794e-02 6.92645621e-03 2.27644684e-02 5.87467292e-02 3.64656714e-02 2.70962002e-02 4.19098124e-02 2.83576738e-02 2.21147280e-02 3.72962571e-03 2.92983453e-02 2.53865523e-02 0.00000000e+00 8.44084827e-02 1.04870606e-01 4.04117340e-02 1.07051767e-01 6.72357642e-03 2.77189464e-02 7.46904731e-02 8.96551316e-02 9.06394275e-02 7.07202652e-02 5.52113503e-02 3.96885729e-02 6.43605124e-02 6.22365684e-02 5.27081504e-02 8.98711393e-02
9.64167898e-02 8.26021753e-02 9.36225091e-02 7.46987535e-02 9.84546455e-02 1.05737722e-01 9.35449264e-02 1.03783435e-01 9.55651420e-02 8.43034232e-02 1.04861088e-01 1.06130441e-01 8.44084827e-02 0.00000000e+00 2.62666287e-02 9.27444828e-02 2.67907141e-02 8.27543731e-02 1.06253046e-01 6.78702339e-02 5.90918118e-02 5.82546161e-02 9.39203364e-02 8.88236034e-02 9.73120660e-02 7.38263156e-02 7.23232478e-02 9.98244882e-02 5.88756129e-02
8.50499658e-02 1.06119134e-01 8.87483116e-02 5.39025822e-02 7.76705152e-02 8.30950796e-02 7.32260962e-02 8.12517882e-02 9.08116456e-02 1.04839929e-01 8.23719292e-02 8.26511615e-02 1.04870606e-01 2.62666287e-02 0.00000000e+00 7.18658275e-02 6.21103418e-03 1.06420292e-01 8.19203615e-02 6.64665018e-02 5.77791932e-02 5.91879842e-02 8.37077067e-02 8.94598963e-02 1.12807126e-01 7.82971440e-02 8.74589420e-02 9.87407695e-02 5.77677919e-02
3.76170603e-02 3.92521566e-02 2.98264851e-02 2.10130438e-02 8.63421298e-03 1.70491202e-02 3.88542251e-03 1.41130173e-02 2.25967228e-02 4.01802448e-02 1.52521432e-02 1.73089084e-02 4.04117340e-02 9.27444828e-02 7.18658275e-02 0.00000000e+00 6.93455365e-02 3.86284081e-02 1.75129256e-02 7.81951974e-02 9.47795813e-02 9.63751764e-02 5.47068532e-02 4.90206687e-02 6.37254204e-02 6.53558418e-02 7.38234553e-02 5.84649880e-02 9.52471545e-02
8.57970593e-02 1.06095562e-01 8.83941552e-02 4.98424092e-02 7.56492359e-02 8.34279209e-02 6.97138196e-02 8.15332974e-02 8.84889181e-02 1.06792831e-01 8.26146908e-02 8.39910499e-02 1.07051767e-01 2.67907141e-02 6.21103418e-03 6.93455365e-02 0.00000000e+00 1.05525130e-01 8.43441230e-02 6.70834652e-02 5.81419113e-02 5.81662342e-02 8.38069096e-02 8.93983310e-02 1.13213578e-01 7.83835201e-02 8.69349893e-02 9.96177539e-02 5.81870001e-02
5.25364813e-02 6.65867594e-03 2.42649067e-02 5.73777668e-02 3.46952982e-02 2.88097584e-02 3.99731433e-02 2.93851801e-02 2.16329604e-02 6.28006660e-03 3.02956653e-02 2.95938330e-02 6.72357642e-03 8.27543731e-02 1.06420292e-01 3.86284081e-02 1.05525130e-01 0.00000000e+00 2.79324253e-02 7.50433128e-02 8.99832438e-02 9.08208292e-02 7.09941762e-02 5.55488480e-02 4.02520055e-02 6.47170598e-02 6.25894861e-02 5.31389801e-02 9.02165515e-02
4.10549746e-02 3.08141756e-02 1.90524301e-02 3.62285673e-02 1.35547794e-02 5.96484586e-03 1.93778527e-02 6.66807573e-03 1.72849128e-02 2.73955918e-02 7.61362843e-03 6.21575721e-03 2.77189464e-02 1.06253046e-01 8.19203615e-02 1.75129256e-02 8.43441230e-02 2.79324253e-02 0.00000000e+00 7.40007116e-02 8.90667667e-02 9.12712577e-02 6.04036760e-02 5.58038206e-02 5.58452427e-02 6.90024895e-02 7.73759563e-02 5.20148666e-02 8.94696792e-02
7.84773211e-02 7.56186589e-02 7.97540936e-02 7.78080240e-02 7.62511606e-02 7.41312894e-02 7.91004400e-02 7.28182128e-02 7.05334485e-02 7.46555851e-02 7.37595598e-02 7.37604035e-02 7.46904731e-02 6.78702339e-02 6.64665018e-02 7.81951974e-02 6.70834652e-02 7.50433128e-02 7.40007116e-02 0.00000000e+00 5.04284600e-02 7.03808958e-02 8.22843162e-02 8.38241228e-02 8.05705055e-02 8.45810266e-02 8.36175479e-02 7.42463783e-02 4.99834885e-02
9.43249033e-02 9.04053156e-02 9.45457394e-02 9.09096225e-02 9.40653899e-02 8.90058281e-02 9.59570073e-02 9.11837467e-02 8.93457257e-02 8.97652399e-02 9.21511466e-02 8.90088396e-02 8.96551316e-02 5.90918118e-02 5.77791932e-02 9.47795813e-02 5.81419113e-02 8.99832438e-02 8.90667667e-02 5.04284600e-02 0.00000000e+00 6.05795222e-02 9.94545838e-02 1.11910971e-01 9.51582461e-02 8.00474369e-02 8.59067465e-02 8.92605082e-02 3.23340673e-02
9.59029293e-02 9.16050106e-02 9.01090005e-02 9.18041477e-02 9.33447126e-02 9.11230348e-02 9.73263560e-02 8.86490447e-02 9.24502519e-02 9.05704970e-02 8.95349790e-02 9.11647732e-02 9.06394275e-02 5.82546161e-02 5.91879842e-02 9.63751764e-02 5.81662342e-02 9.08208292e-02 9.12712577e-02 7.03808958e-02 6.05795222e-02 0.00000000e+00 1.01568904e-01 9.43777011e-02 9.82004974e-02 8.13794256e-02 8.46166053e-02 1.10324005e-01 6.08856112e-02
5.95248215e-02 7.04846447e-02 6.40501647e-02 5.38577504e-02 5.89680781e-02 5.98557550e-02 5.61945548e-02 5.84090308e-02 6.52230766e-02 7.05929024e-02 5.94991540e-02 5.96097098e-02 7.07202652e-02 9.39203364e-02 8.37077067e-02 5.47068532e-02 8.38069096e-02 7.09941762e-02 6.04036760e-02 8.22843162e-02 9.94545838e-02 1.01568904e-01 0.00000000e+00 5.44779682e-02 7.42080983e-02 6.45273818e-02 8.80648580e-02 6.56543068e-02 9.78144519e-02
4.92121868e-02 5.49465025e-02 4.99845812e-02 5.41550338e-02 5.09881732e-02 5.54417509e-02 5.06590789e-02 5.28757858e-02 5.72622538e-02 5.50076699e-02 5.38990285e-02 5.54665009e-02 5.52113503e-02 8.88236034e-02 8.94598963e-02 4.90206687e-02 8.93983310e-02 5.55488480e-02 5.58038206e-02 8.38241228e-02 1.11910971e-01 9.43777011e-02 5.44779682e-02 0.00000000e+00 5.86072350e-02 6.26828942e-02 7.13037557e-02 6.56175424e-02 1.12374804e-01
5.99781855e-02 4.06150278e-02 5.16316512e-02 7.66389316e-02 6.09853097e-02 5.53193453e-02 6.47153795e-02 5.63077286e-02 5.11940766e-02 3.92150921e-02 5.68339491e-02 5.60022934e-02 3.96885729e-02 9.73120660e-02 1.12807126e-01 6.37254204e-02 1.13213578e-01 4.02520055e-02 5.58452427e-02 8.05705055e-02 9.51582461e-02 9.82004974e-02 7.42080983e-02 5.86072350e-02 0.00000000e+00 6.76335283e-02 6.84343577e-02 6.05897100e-02 9.61733432e-02
6.86215787e-02 6.39505782e-02 6.84746221e-02 6.75826190e-02 6.99165369e-02 6.77480220e-02 6.66941099e-02 6.98628555e-02 7.67059779e-02 6.42813491e-02 7.08884339e-02 6.82229901e-02 6.43605124e-02 7.38263156e-02 7.82971440e-02 6.53558418e-02 7.83835201e-02 6.47170598e-02 6.90024895e-02 8.45810266e-02 8.00474369e-02 8.13794256e-02 6.45273818e-02 6.26828942e-02 6.76335283e-02 0.00000000e+00 7.40829224e-02 7.44662653e-02 7.99855410e-02
7.10687454e-02 6.24269070e-02 7.33208478e-02 8.64104746e-02 7.64870434e-02 7.70039084e-02 7.44482208e-02 7.70958804e-02 7.25367985e-02 6.19972055e-02 7.82139164e-02 7.76522744e-02 6.22365684e-02 7.23232478e-02 8.74589420e-02 7.38234553e-02 8.69349893e-02 6.25894861e-02 7.73759563e-02 8.36175479e-02 8.59067465e-02 8.46166053e-02 8.80648580e-02 7.13037557e-02 6.84343577e-02 7.40829224e-02 0.00000000e+00 8.41539843e-02 8.69885050e-02
5.84842887e-02 5.35653464e-02 5.28751382e-02 6.38043812e-02 5.74702442e-02 5.21042401e-02 5.99425322e-02 5.38897855e-02 5.21090192e-02 5.25389617e-02 5.49179039e-02 5.23244247e-02 5.27081504e-02 9.98244882e-02 9.87407695e-02 5.84649880e-02 9.96177539e-02 5.31389801e-02 5.20148666e-02 7.42463783e-02 8.92605082e-02 1.10324005e-01 6.56543068e-02 6.56175424e-02 6.05897100e-02 7.44662653e-02 8.41539843e-02 0.00000000e+00 8.91065144e-02
9.51490063e-02 9.05766906e-02 9.45562230e-02 9.07964119e-02 9.45550305e-02 8.94468550e-02 9.63260516e-02 9.13315805e-02 8.92521518e-02 8.99594220e-02 9.23335440e-02 8.93961802e-02 8.98711393e-02 5.88756129e-02 5.77677919e-02 9.52471545e-02 5.81870001e-02 9.02165515e-02 8.94696792e-02 4.99834885e-02 3.23340673e-02 6.08856112e-02 9.78144519e-02 1.12374804e-01 9.61733432e-02 7.99855410e-02 8.69885050e-02 8.91065144e-02 0.00000000e+00
