0.00000000e+00 6.44751201e-01 5.65735318e-01 6.31305115e-01 4.88938855e-01 5.01185365e-01 4.79787293e-01 4.99088558e-01 5.37135033e-01 6.42066710e-01 5.08669592e-01 5.09277012e-01 6.44905414e-01 1.19160079e+00 1.05182022e+00 4.63090997e-01 1.05085624e+00 6.48502172e-01 5.07290958e-01 9.80317278e-01 1.14637639e+00 1.14875924e+00 7.10253633e-01 6.02044900e-01 7.08202097e-01 8.48850938e-01 8.37971916e-01 6.92394612e-01 1.15701356e+00
6.44751201e-01 0.00000000e+00 2.98763987e-01 6.94757464e-01 4.32465048e-01 3.55747712e-01 4.86405843e-01 3.73217852e-01 2.54103787e-01 6.26558828e-02 3.70031049e-01 3.71807060e-01 8.26877803e-02 1.00596276e+00 1.29473461e+00 4.76217117e-01 1.28343617e+00 7.89022438e-02 3.74605107e-01 9.31223816e-01 1.08305272e+00 1.08252046e+00 8.32039207e-01 6.63724595e-01 4.66296019e-01 7.79902306e-01 7.21847018e-01 6.24190510e-01 1.08576953e+00
5.65735318e-01 2.98763987e-01 0.00000000e+00 4.92345150e-01 3.10402537e-01 2.09798156e-01 3.78397274e-01 2.24027221e-01 2.48253900e-01 2.70067821e-01 2.34314419e-01 2.25886365e-01 2.75298428e-01 1.14029804e+00 1.08150916e+00 3.61906133e-01 1.07130786e+00 2.93229932e-01 2.29612487e-01 9.81340947e-01 1.13147195e+00 1.06566917e+00 7.53222249e-01 6.01795104e-01 5.98866699e-01 8.33691559e-01 8.57106374e-01 6.14268291e-01 1.13301220e+00
6.31305115e-01 6.94757464e-01 4.92345150e-01 0.00000000e+00 3.28460376e-01 4.16617188e-01 2.57643135e-01 3.90758309e-01 4.77944051e-01 7.00975386e-01 4.02575348e-01 4.27920010e-01 7.11501049e-01 9.03698641e-01 6.50450088e-01 2.53047019e-01 6.01451630e-01 6.95052687e-01 4.38121093e-01 9.53205455e-01 1.07955333e+00 1.08009270e+00 6.25949144e-01 6.46977545e-01 8.97613317e-01 8.16283626e-01 1.01573383e+00 7.40684616e-01 1.08055496e+00
4.88938855e-01 4.32465048e-01 3.10402537e-01 3.28460376e-01 0.00000000e+00 1.51605818e-01 1.15818947e-01 1.24708038e-01 2.24714627e-01 4.37347168e-01 1.27831942e-01 1.56678769e-01 4.42394428e-01 1.19311774e+00 9.41192165e-01 1.03474740e-01 9.09259441e-01 4.20495240e-01 1.64244122e-01 9.34740907e-01 1.12053787e+00 1.09724855e+00 6.90515788e-01 6.12579668e-01 7.08950829e-01 8.47770065e-01 8.90851982e-01 6.68458127e-01 1.12751835e+00
5.01185365e-01 3.55747712e-01 2.09798156e-01 4.16617188e-01 1.51605818e-01 0.00000000e+00 2.07372396e-01 6.77483376e-02 1.78298297e-01 2.97681302e-01 7.88674106e-02 5.71998163e-02 3.28136370e-01 1.28271874e+00 1.00702876e+00 2.05253010e-01 1.00608564e+00 3.48976800e-01 7.05315993e-02 9.09481227e-01 1.06036287e+00 1.07182564e+00 7.00782433e-01 6.66073077e-01 6.42746313e-01 8.20720478e-01 8.98508888e-01 6.04135944e-01 1.06626859e+00
4.79787293e-01 4.86405843e-01 3.78397274e-01 2.57643135e-01 1.15818947e-01 2.07372396e-01 0.00000000e+00 1.80438640e-01 2.75044265e-01 4.91609268e-01 1.93248777e-01 2.22418390e-01 5.03130852e-01 1.12861091e+00 8.81787518e-01 4.29158418e-02 8.40537882e-01 4.79791680e-01 2.29973953e-01 9.64595758e-01 1.13604388e+00 1.14197231e+00 6.50226262e-01 6.01157710e-01 7.51934506e-01 8.00745423e-01 8.66022288e-01 6.90957590e-01 1.14175918e+00
4.99088558e-01 3.73217852e-01 2.24027221e-01 3.90758309e-01 1.24708038e-01 6.77483376e-02 1.80438640e-01 0.00000000e+00 1.49819983e-01 3.30028442e-01 1.64633034e-02 8.28194249e-02 3.44327774e-01 1.25990749e+00 9.85796955e-01 1.69891115e-01 9.82529689e-01 3.56589353e-01 7.98755108e-02 8.94484109e-01 1.08715930e+00 1.04282164e+00 6.84737088e-01 6.35861399e-01 6.54925462e-01 8.47723534e-01 9.00281824e-01 6.26643096e-01 1.09020664e+00
5.37135033e-01 2.54103787e-01 2.48253900e-01 4.77944051e-01 2.24714627e-01 1.78298297e-01 2.75044265e-01 1.49819983e-01 0.00000000e+00 2.28393258e-01 1.60686852e-01 2.04427155e-01 2.62203992e-01 1.15111483e+00 1.09375281e+00 2.69929989e-01 1.06635686e+00 2.56663966e-01 2.04429721e-01 8.58010280e-01 1.05500780e+00 1.08262732e+00 7.57094959e-01 6.80527347e-01 5.90362596e-01 9.20957624e-01 8.42471525e-01 5.97405702e-01 1.05521308e+00
6.42066710e-01 6.26558828e-02 2.70067821e-01 7.00975386e-01 4.37347168e-01 2.97681302e-01 4.91609268e-01 3.30028442e-01 2.28393258e-01 0.00000000e+00 3.39544479e-01 3.31613125e-01 4.35784455e-02 1.02200143e+00 1.27349001e+00 4.87030311e-01 1.29057539e+00 7.45639120e-02 3.32456154e-01 9.16779946e-01 1.07051416e+00 1.06711243e+00 8.29887273e-01 6.61536841e-01 4.49871479e-01 7.79322193e-01 7.15235369e-01 6.09987837e-01 1.07337516e+00
5.08669592e-01 3.70031049e-01 2.34314419e-01 4.02575348e-01 1.27831942e-01 7.88674106e-02 1.93248777e-01 1.64633034e-02 1.60686852e-01 3.39544479e-01 0.00000000e+00 9.43033322e-02 3.54059556e-01 1.26655427e+00 9.94223522e-01 1.82764748e-01 9.91060979e-01 3.66009338e-01 9.09501110e-02 9.01472511e-01 1.09354692e+00 1.04826144e+00 6.94461315e-01 6.45163312e-01 6.57895407e-01 8.55933483e-01 9.09010860e-01 6.35959337e-01 1.09685438e+00
5.09277012e-01 3.71807060e-01 2.25886365e-01 4.27920010e-01 1.56678769e-01 5.71998163e-02 2.22418390e-01 8.28194249e-02 2.04427155e-01 3.31613125e-01 9.43033322e-02 0.00000000e+00 3.09074186e-01 1.28942645e+00 1.00375700e+00 2.08924861e-01 1.01189200e+00 3.59961011e-01 7.49027835e-02 9.07281306e-01 1.06286954e+00 1.07348309e+00 7.00169933e-01 6.68358529e-01 6.51052137e-01 8.29116186e-01 9.06281667e-01 6.08903303e-01 1.06821350e+00
6.44905414e-01 8.26877803e-02 2.75298428e-01 7.11501049e-01 4.42394428e-01 3.28136370e-01 5.03130852e-01 3.44327774e-01 2.62203992e-01 4.35784455e-02 3.54059556e-01 3.09074186e-01 0.00000000e+00 1.02432068e+00 1.27496184e+00 4.90783476e-01 1.29340792e+00 8.16022339e-02 3.37920851e-01 9.18719554e-01 1.07074401e+00 1.06890816e+00 8.32937926e-01 6.65597390e-01 4.55912350e-01 7.81904440e-01 7.18385680e-01 6.13666020e-01 1.07381067e+00
1.19160079e+00 1.00596276e+00 1.14029804e+00 9.03698641e-01 1.19311774e+00 1.28271874e+00 1.12861091e+00 1.25990749e+00 1.15111483e+00 1.02200143e+00 1.26655427e+00 1.28942645e+00 1.02432068e+00 0.00000000e+00 3.20629613e-01 1.12637710e+00 3.21109843e-01 1.00390553e+00 1.29323501e+00 8.34274449e-01 7.02474583e-01 6.85058876e-01 1.10875528e+00 1.07063831e+00 1.14494687e+00 8.99136927e-01 8.44335286e-01 1.17320192e+00 7.02983245e-01
1.05182022e+00 1.29473461e+00 1.08150916e+00 6.50450088e-01 9.41192165e-01 1.00702876e+00 8.81787518e-01 9.85796955e-01 1.09375281e+00 1.27349001e+00 9.94223522e-01 1.00375700e+00 1.27496184e+00 3.20629613e-01 0.00000000e+00 8.72442372e-01 6.97760680e-02 1.29353862e+00 9.96264367e-01 8.17979915e-01 6.87465219e-01 6.95387166e-01 9.87459784e-01 1.07935579e+00 1.33171920e+00 9.54699970e-01 1.02943065e+00 1.16140751e+00 6.90641840e-01
4.63090997e-01 4.76217117e-01 3.61906133e-01 2.53047019e-01 1.03474740e-01 2.05253010e-01 4.29158418e-02 1.69891115e-01 2.69929989e-01 4.87030311e-01 1.82764748e-01 2.08924861e-01 4.90783476e-01 1.12637710e+00 8.72442372e-01 0.00000000e+00 8.37651902e-01 4.68982851e-01 2.12447525e-01 9.60019408e-01 1.13076151e+00 1.13658830e+00 6.39923401e-01 5.88869150e-01 7.44183164e-01 7.92937556e-01 8.62379257e-01 6.80254457e-01 1.13756425e+00
1.05085624e+00 1.28343617e+00 1.07130786e+00 6.01451630e-01 9.09259441e-01 1.00608564e+00 8.40537882e-01 9.82529689e-01 1.06635686e+00 1.29057539e+00 9.91060979e-01 1.01189200e+00 1.29340792e+00 3.21109843e-01 6.97760680e-02 8.37651902e-01 0.00000000e+00 1.27545897e+00 1.01908040e+00 8.16613368e-01 6.84131195e-01 6.80065766e-01 9.79141477e-01 1.06955819e+00 1.33067276e+00 9.46182183e-01 1.02212959e+00 1.16180458e+00 6.87456522e-01
6.48502172e-01 7.89022438e-02 2.93229932e-01 6.95052687e-01 4.20495240e-01 3.48976800e-01 4.79791680e-01 3.56589353e-01 2.56663966e-01 7.45639120e-02 3.66009338e-01 3.59961011e-01 8.16022339e-02 1.00390553e+00 1.29353862e+00 4.68982851e-01 1.27545897e+00 0.00000000e+00 3.40558120e-01 9.22601517e-01 1.07427483e+00 1.07107309e+00 8.35708035e-01 6.69194527e-01 4.62351627e-01 7.85767981e-01 7.23038261e-01 6.18231291e-01 1.07749678e+00
5.07290958e-01 3.74605107e-01 2.29612487e-01 4.38121093e-01 1.64244122e-01 7.05315993e-02 2.29973953e-01 7.98755108e-02 2.04429721e-01 3.32456154e-01 9.09501110e-02 7.49027835e-02 3.37920851e-01 1.29323501e+00 9.96264367e-01 2.12447525e-01 1.01908040e+00 3.40558120e-01 0.00000000e+00 9.11418987e-01 1.06490985e+00 1.07730643e+00 7.10328722e-01 6.73671727e-01 6.50821158e-01 8.39441547e-01 9.05243874e-01 6.06475873e-01 1.07038447e+00
9.80317278e-01 9.31223816e-01 9.81340947e-01 9.53205455e-01 9.34740907e-01 9.09481227e-01 9.64595758e-01 8.94484109e-01 8.58010280e-01 9.16779946e-01 9.01472511e-01 9.07281306e-01 9.18719554e-01 8.34274449e-01 8.17979915e-01 9.60019408e-01 8.16613368e-01 9.22601517e-01 9.11418987e-01 0.00000000e+00 6.05641422e-01 8.36035965e-01 9.81675587e-01 1.02436003e+00 9.56092113e-01 1.04207218e+00 9.93027073e-01 8.79488750e-01 6.01383085e-01
1.14637639e+00 1.08305272e+00 1.13147195e+00 1.07955333e+00 1.12053787e+00 1.06036287e+00 1.13604388e+00 1.08715930e+00 1.05500780e+00 1.07051416e+00 1.09354692e+00 1.06286954e+00 1.07074401e+00 7.02474583e-01 6.87465219e-01 1.13076151e+00 6.84131195e-01 1.07427483e+00 1.06490985e+00 6.05641422e-01 0.00000000e+00 6.98001126e-01 1.15592932e+00 1.33212982e+00 1.10249995e+00 9.57297077e-01 9.97359675e-01 1.03073609e+00 3.73164485e-01
1.14875924e+00 1.08252046e+00 1.06566917e+00 1.08009270e+00 1.09724855e+00 1.07182564e+00 1.14197231e+00 1.04282164e+00 1.08262732e+00 1.06711243e+00 1.04826144e+00 1.07348309e+00 1.06890816e+00 6.85058876e-01 6.95387166e-01 1.13658830e+00 6.80065766e-01 1.07107309e+00 1.07730643e+00 8.36035965e-01 6.98001126e-01 0.00000000e+00 1.16461755e+00 1.10471973e+00 1.12472412e+00 9.59611676e-01 9.66262659e-01 1.27252223e+00 7.02172955e-01
7.10253633e-01 8.32039207e-01 7.53222249e-01 6.25949144e-01 6.90515788e-01 7.00782433e-01 6.50226262e-01 6.84737088e-01 7.57094959e-01 8.29887273e-01 6.94461315e-01 7.00169933e-01 8.32937926e-01 1.10875528e+00 9.87459784e-01 6.39923401e-01 9.79141477e-01 8.35708035e-01 7.10328722e-01 9.81675587e-01 1.15592932e+00 1.16461755e+00 0.00000000e+00 6.34127744e-01 8.45448192e-01 7.59838995e-01 1.01122805e+00 7.43864355e-01 1.14353306e+00
6.02044900e-01 6.63724595e-01 6.01795104e-01 6.46977545e-01 6.12579668e-01 6.66073077e-01 6.01157710e-01 6.35861399e-01 6.80527347e-01 6.61536841e-01 6.45163312e-01 6.68358529e-01 6.65597390e-01 1.07063831e+00 1.07935579e+00 5.88869150e-01 1.06955819e+00 6.69194527e-01 6.73671727e-01 1.02436003e+00 1.33212982e+00 1.10471973e+00 6.34127744e-01 0.00000000e+00 6.78951484e-01 7.56312998e-01 8.27407805e-01 7.61915483e-01 1.33660158e+00
7.08202097e-01 4.66296019e-01 5.98866699e-01 8.97613317e-01 7.08950829e-01 6.42746313e-01 7.51934506e-01 6.54925462e-01 5.90362596e-01 4.49871479e-01 6.57895407e-01 6.51052137e-01 4.55912350e-01 1.14494687e+00 1.33171920e+00 7.44183164e-01 1.33067276e+00 4.62351627e-01 6.50821158e-01 9.56092113e-01 1.10249995e+00 1.12472412e+00 8.45448192e-01 6.78951484e-01 0.00000000e+00 7.89060001e-01 7.74393897e-01 6.78852717e-01 1.11305072e+00
8.48850938e-01 7.79902306e-01 8.33691559e-01 8.16283626e-01 8.47770065e-01 8.20720478e-01 8.00745423e-01 8.47723534e-01 9.20957624e-01 7.79322193e-01 8.55933483e-01 8.29116186e-01 7.81904440e-01 8.99136927e-01 9.54699970e-01 7.92937556e-01 9.46182183e-01 7.85767981e-01 8.39441547e-01 1.04207218e+00 9.57297077e-01 9.59611676e-01 7.59838995e-01 7.56312998e-01 7.89060001e-01 0.00000000e+00 8.63819491e-01 8.72818560e-01 9.57829188e-01
8.37971916e-01 7.21847018e-01 8.57106374e-01 1.01573383e+00 8.90851982e-01 8.98508888e-01 8.66022288e-01 9.00281824e-01 8.42471525e-01 7.15235369e-01 9.09010860e-01 9.06281667e-01 7.18385680e-01 8.44335286e-01 1.02943065e+00 8.62379257e-01 1.02212959e+00 7.23038261e-01 9.05243874e-01 9.93027073e-01 9.97359675e-01 9.66262659e-01 1.01122805e+00 8.27407805e-01 7.74393897e-01 8.63819491e-01 0.00000000e+00 9.50201286e-01 1.00543738e+00
6.92394612e-01 6.24190510e-01 6.14268291e-01 7.40684616e-01 6.68458127e-01 6.04135944e-01 6.90957590e-01 6.26643096e-01 5.97405702e-01 6.09987837e-01 6.35959337e-01 6.08903303e-01 6.13666020e-01 1.17320192e+00 1.16140751e+00 6.80254457e-01 1.16180458e+00 6.18231291e-01 6.06475873e-01 8.79488750e-01 1.03073609e+00 1.27252223e+00 7.43864355e-01 7.61915483e-01 6.78852717e-01 8.72818560e-01 9.50201286e-01 0.00000000e+00 1.03015930e+00
1.15701356e+00 1.08576953e+00 1.13301220e+00 1.08055496e+00 1.12751835e+00 1.06626859e+00 1.14175918e+00 1.09020664e+00 1.05521308e+00 1.07337516e+00 1.09685438e+00 1.06821350e+00 1.07381067e+00 7.02983245e-01 6.90641840e-01 1.13756425e+00 6.87456522e-01 1.07749678e+00 1.07038447e+00 6.01383085e-01 3.73164485e-01 7.02172955e-01 1.14353306e+00 1.33660158e+00 1.11305072e+00 9.57829188e-01 1.00543738e+00 1.03015930e+00 0.00000000e+00
