0.000000e+00 1.741354e-02 1.709126e-02 1.758693e-02 1.780577e-02 1.701632e-02 1.670455e-02 1.646421e-02 1.659259e-02 1.663263e-02
1.741354e-02 0.000000e+00 1.682825e-02 1.731997e-02 1.748243e-02 1.659988e-02 1.660835e-02 1.624719e-02 1.636617e-02 1.653677e-02
1.709126e-02 1.682825e-02 0.000000e+00 1.689283e-02 1.721951e-02 1.642437e-02 1.628653e-02 1.593408e-02 1.604500e-02 1.621495e-02
1.758693e-02 1.731997e-02 1.689283e-02 0.000000e+00 1.771319e-02 1.691912e-02 1.678093e-02 1.634276e-02 1.653936e-02 1.670969e-02
1.780577e-02 1.748243e-02 1.721951e-02 1.771319e-02 0.000000e+00 1.682316e-02 1.682252e-02 1.635068e-02 1.632452e-02 1.692699e-02
1.701632e-02 1.659988e-02 1.642437e-02 1.691912e-02 1.682316e-02 0.000000e+00 1.434120e-02 1.471632e-02 1.375216e-02 1.447387e-02
1.670455e-02 1.660835e-02 1.628653e-02 1.678093e-02 1.682252e-02 1.434120e-02 0.000000e+00 1.392433e-02 1.384951e-02 1.430908e-02
1.646421e-02 1.624719e-02 1.593408e-02 1.634276e-02 1.635068e-02 1.471632e-02 1.392433e-02 0.000000e+00 1.326535e-02 1.329078e-02
1.659259e-02 1.636617e-02 1.604500e-02 1.653936e-02 1.632452e-02 1.375216e-02 1.384951e-02 1.326535e-02 0.000000e+00 1.444787e-02
1.663263e-02 1.653677e-02 1.621495e-02 1.670969e-02 1.692699e-02 1.447387e-02 1.430908e-02 1.329078e-02 1.444787e-02 0.000000e+00
