0.000000e+00 1.087676e-01 1.065648e-01 1.099214e-01 1.114558e-01 1.066142e-01 1.046636e-01 1.031643e-01 1.040810e-01 1.040953e-01
1.087676e-01 0.000000e+00 1.050197e-01 1.083720e-01 1.095314e-01 1.041397e-01 1.041616e-01 1.019438e-01 1.027598e-01 1.035954e-01
1.065648e-01 1.050197e-01 0.000000e+00 1.055173e-01 1.077067e-01 1.028584e-01 1.019594e-01 9.975187e-02 1.005584e-01 1.013931e-01
1.099214e-01 1.083720e-01 1.055173e-01 0.000000e+00 1.110614e-01 1.062143e-01 1.053147e-01 1.025658e-01 1.039135e-01 1.047489e-01
1.114558e-01 1.095314e-01 1.077067e-01 1.110614e-01 0.000000e+00 1.057682e-01 1.057357e-01 1.027741e-01 1.027148e-01 1.062814e-01
1.066142e-01 1.041397e-01 1.028584e-01 1.062143e-01 1.057682e-01 0.000000e+00 9.034468e-02 9.269896e-02 8.670725e-02 9.103458e-02
1.046636e-01 1.041616e-01 1.019594e-01 1.053147e-01 1.057357e-01 9.034468e-02 0.000000e+00 8.772070e-02 8.730522e-02 9.007150e-02
1.031643e-01 1.019438e-01 9.975187e-02 1.025658e-01 1.027741e-01 9.269896e-02 8.772070e-02 0.000000e+00 8.363528e-02 8.363939e-02
1.040810e-01 1.027598e-01 1.005584e-01 1.039135e-01 1.027148e-01 8.670725e-02 8.730522e-02 8.363528e-02 0.000000e+00 9.098738e-02
1.040953e-01 1.035954e-01 1.013931e-01 1.047489e-01 1.062814e-01 9.103458e-02 9.007150e-02 8.363939e-02 9.098738e-02 0.000000e+00
