0.000000e+00 1.152025e-01 1.134617e-01 1.150644e-01 1.160758e-01 1.095245e-01 1.073012e-01 1.047185e-01 1.062447e-01 1.074039e-01
1.152025e-01 0.000000e+00 1.122107e-01 1.138106e-01 1.142129e-01 1.072989e-01 1.071165e-01 1.040616e-01 1.058752e-01 1.072207e-01
1.134617e-01 1.122107e-01 0.000000e+00 1.106025e-01 1.130822e-01 1.065326e-01 1.053759e-01 1.023211e-01 1.041348e-01 1.054800e-01
1.150644e-01 1.138106e-01 1.106025e-01 0.000000e+00 1.146859e-01 1.081355e-01 1.069786e-01 1.032021e-01 1.057374e-01 1.070828e-01
1.160758e-01 1.142129e-01 1.130822e-01 1.146859e-01 0.000000e+00 1.070941e-01 1.065814e-01 1.029510e-01 1.034342e-01 1.080939e-01
1.095245e-01 1.072989e-01 1.065326e-01 1.081355e-01 1.070941e-01 0.000000e+00 8.793116e-02 8.906403e-02 8.422551e-02 8.848095e-02
1.073012e-01 1.071165e-01 1.053759e-01 1.069786e-01 1.065814e-01 8.793116e-02 0.000000e+00 8.429000e-02 8.408880e-02 8.767938e-02
1.047185e-01 1.040616e-01 1.023211e-01 1.032021e-01 1.029510e-01 8.906403e-02 8.429000e-02 0.000000e+00 8.034190e-02 7.996190e-02
1.062447e-01 1.058752e-01 1.041348e-01 1.057374e-01 1.034342e-01 8.422551e-02 8.408880e-02 8.034190e-02 0.000000e+00 8.744464e-02
1.074039e-01 1.072207e-01 1.054800e-01 1.070828e-01 1.080939e-01 8.848095e-02 8.767938e-02 7.996190e-02 8.744464e-02 0.000000e+00
