0.000000e+00 5.719042e-02 5.635878e-02 5.712891e-02 5.761971e-02 5.434690e-02 5.324361e-02 5.196267e-02 5.272218e-02 5.331124e-02
5.719042e-02 0.000000e+00 5.575169e-02 5.651901e-02 5.670985e-02 5.325642e-02 5.316536e-02 5.165022e-02 5.255223e-02 5.323371e-02
5.635878e-02 5.575169e-02 0.000000e+00 5.495415e-02 5.617913e-02 5.290813e-02 5.233383e-02 5.081875e-02 5.172079e-02 5.240216e-02
5.712891e-02 5.651901e-02 5.495415e-02 0.000000e+00 5.695015e-02 5.367831e-02 5.310397e-02 5.123091e-02 5.249088e-02 5.317232e-02
5.761971e-02 5.670985e-02 5.617913e-02 5.695015e-02 0.000000e+00 5.315096e-02 5.289612e-02 5.109553e-02 5.133771e-02 5.366297e-02
5.434690e-02 5.325642e-02 5.290813e-02 5.367831e-02 5.315096e-02 0.000000e+00 4.361559e-02 4.417747e-02 4.177523e-02 4.389997e-02
5.324361e-02 5.316536e-02 5.233383e-02 5.310397e-02 5.289612e-02 4.361559e-02 0.000000e+00 4.180533e-02 4.170805e-02 4.350305e-02
5.196267e-02 5.165022e-02 5.081875e-02 5.123091e-02 5.109553e-02 4.417747e-02 4.180533e-02 0.000000e+00 3.984971e-02 3.967542e-02
5.272218e-02 5.255223e-02 5.172079e-02 5.249088e-02 5.133771e-02 4.177523e-02 4.170805e-02 3.984971e-02 0.000000e+00 4.338416e-02
5.331124e-02 5.323371e-02 5.240216e-02 5.317232e-02 5.366297e-02 4.389997e-02 4.350305e-02 3.967542e-02 4.338416e-02 0.000000e+00
