0.000000e+00 2.892124e-01 2.846660e-01 2.881859e-01 2.906482e-01 2.683083e-01 2.597733e-01 2.548849e-01 2.619754e-01 2.646327e-01
2.892124e-01 0.000000e+00 2.854951e-01 2.879863e-01 2.883910e-01 2.655090e-01 2.622367e-01 2.566397e-01 2.645945e-01 2.670984e-01
2.846660e-01 2.854951e-01 0.000000e+00 2.780796e-01 2.869308e-01 2.645910e-01 2.587740e-01 2.531773e-01 2.617816e-01 2.636355e-01
2.881859e-01 2.879863e-01 2.780796e-01 0.000000e+00 2.894221e-01 2.670822e-01 2.612651e-01 2.535025e-01 2.642726e-01 2.661267e-01
2.906482e-01 2.883910e-01 2.869308e-01 2.894221e-01 0.000000e+00 2.642088e-01 2.593365e-01 2.528760e-01 2.572241e-01 2.685339e-01
2.683083e-01 2.655090e-01 2.645910e-01 2.670822e-01 2.642088e-01 0.000000e+00 2.033379e-01 2.073684e-01 1.998167e-01 2.079539e-01
2.597733e-01 2.622367e-01 2.587740e-01 2.612651e-01 2.593365e-01 2.033379e-01 0.000000e+00 1.937751e-01 1.968797e-01 2.036051e-01
2.548849e-01 2.566397e-01 2.531773e-01 2.535025e-01 2.528760e-01 2.073684e-01 1.937751e-01 0.000000e+00 1.885406e-01 1.867846e-01
2.619754e-01 2.645945e-01 2.617816e-01 2.642726e-01 2.572241e-01 1.998167e-01 1.968797e-01 1.885406e-01 0.000000e+00 2.067180e-01
2.646327e-01 2.670984e-01 2.636355e-01 2.661267e-01 2.685339e-01 2.079539e-01 2.036051e-01 1.867846e-01 2.067180e-01 0.000000e+00
