0.000000e+00 6.802095e-02 6.686627e-02 7.079141e-02 7.208954e-02 7.056680e-02 6.893211e-02 6.945597e-02 6.930864e-02 6.873989e-02
6.802095e-02 0.000000e+00 6.557984e-02 6.956367e-02 7.086818e-02 6.874585e-02 6.841649e-02 6.822876e-02 6.808528e-02 6.822737e-02
6.686627e-02 6.557984e-02 0.000000e+00 6.813838e-02 6.977005e-02 6.818684e-02 6.726259e-02 6.708474e-02 6.693246e-02 6.707480e-02
7.079141e-02 6.956367e-02 6.813838e-02 0.000000e+00 7.369362e-02 7.211428e-02 7.118812e-02 7.079164e-02 7.085560e-02 7.099861e-02
7.208954e-02 7.086818e-02 6.977005e-02 7.369362e-02 0.000000e+00 7.223507e-02 7.176778e-02 7.116196e-02 7.049717e-02 7.235921e-02
7.056680e-02 6.874585e-02 6.818684e-02 7.211428e-02 7.223507e-02 0.000000e+00 6.369659e-02 6.694042e-02 6.194996e-02 6.508503e-02
6.893211e-02 6.841649e-02 6.726259e-02 7.118812e-02 7.176778e-02 6.369659e-02 0.000000e+00 6.320044e-02 6.237038e-02 6.368126e-02
6.945597e-02 6.822876e-02 6.708474e-02 7.079164e-02 7.116196e-02 6.694042e-02 6.320044e-02 0.000000e+00 6.116677e-02 6.091195e-02
6.930864e-02 6.808528e-02 6.693246e-02 7.085560e-02 7.049717e-02 6.194996e-02 6.237038e-02 6.116677e-02 0.000000e+00 6.567261e-02
6.873989e-02 6.822737e-02 6.707480e-02 7.099861e-02 7.235921e-02 6.508503e-02 6.368126e-02 6.091195e-02 6.567261e-02 0.000000e+00
