0.000000e+00 7.671057e-02 7.543899e-02 7.645354e-02 7.719792e-02 7.183206e-02 6.980021e-02 6.827614e-02 6.983491e-02 7.068688e-02
7.671057e-02 0.000000e+00 7.537866e-02 7.621431e-02 7.647554e-02 7.093056e-02 7.027427e-02 6.851605e-02 7.036043e-02 7.116170e-02
7.543899e-02 7.537866e-02 0.000000e+00 7.370808e-02 7.586599e-02 7.050013e-02 6.918182e-02 6.742366e-02 6.930382e-02 7.006920e-02
7.645354e-02 7.621431e-02 7.370808e-02 0.000000e+00 7.670165e-02 7.133578e-02 7.001743e-02 6.772245e-02 7.013940e-02 7.090483e-02
7.719792e-02 7.647554e-02 7.586599e-02 7.670165e-02 0.000000e+00 7.069855e-02 6.969599e-02 6.765240e-02 6.849943e-02 7.164899e-02
7.183206e-02 7.093056e-02 7.050013e-02 7.133578e-02 7.069855e-02 0.000000e+00 5.582043e-02 5.674413e-02 5.416171e-02 5.667176e-02
6.980021e-02 7.027427e-02 6.918182e-02 7.001743e-02 6.969599e-02 5.582043e-02 0.000000e+00 5.328163e-02 5.353481e-02 5.571959e-02
6.827614e-02 6.851605e-02 6.742366e-02 6.772245e-02 6.765240e-02 5.674413e-02 5.328163e-02 0.000000e+00 5.126973e-02 5.089610e-02
6.983491e-02 7.036043e-02 6.930382e-02 7.013940e-02 6.849943e-02 5.416171e-02 5.353481e-02 5.126973e-02 0.000000e+00 5.599942e-02
7.068688e-02 7.116170e-02 7.006920e-02 7.090483e-02 7.164899e-02 5.667176e-02 5.571959e-02 5.089610e-02 5.599942e-02 0.000000e+00
