0.000000e+00 2.276015e-02 2.237416e-02 2.364935e-02 2.407469e-02 2.352352e-02 2.299005e-02 2.314829e-02 2.309265e-02 2.292801e-02
2.276015e-02 0.000000e+00 2.192524e-02 2.321956e-02 2.364808e-02 2.289875e-02 2.279801e-02 2.271908e-02 2.266719e-02 2.273900e-02
2.237416e-02 2.192524e-02 0.000000e+00 2.274404e-02 2.328263e-02 2.271038e-02 2.241287e-02 2.234364e-02 2.228300e-02 2.235523e-02
2.364935e-02 2.321956e-02 2.274404e-02 0.000000e+00 2.455602e-02 2.398758e-02 2.368835e-02 2.354538e-02 2.355635e-02 2.362895e-02
2.407469e-02 2.364808e-02 2.328263e-02 2.455602e-02 0.000000e+00 2.402434e-02 2.387510e-02 2.366295e-02 2.343265e-02 2.407720e-02
2.352352e-02 2.289875e-02 2.271038e-02 2.398758e-02 2.402434e-02 0.000000e+00 2.114649e-02 2.221145e-02 2.055079e-02 2.160853e-02
2.299005e-02 2.279801e-02 2.241287e-02 2.368835e-02 2.387510e-02 2.114649e-02 0.000000e+00 2.096964e-02 2.069749e-02 2.113649e-02
2.314829e-02 2.271908e-02 2.234364e-02 2.354538e-02 2.366295e-02 2.221145e-02 2.096964e-02 0.000000e+00 2.028345e-02 2.021508e-02
2.309265e-02 2.266719e-02 2.228300e-02 2.355635e-02 2.343265e-02 2.055079e-02 2.069749e-02 2.028345e-02 0.000000e+00 2.179345e-02
2.292801e-02 2.273900e-02 2.235523e-02 2.362895e-02 2.407720e-02 2.160853e-02 2.113649e-02 2.021508e-02 2.179345e-02 0.000000e+00
