0.00000000e+00 5.79320134e-02 5.10125699e-02 5.75641930e-02 4.41816178e-02 4.54439727e-02 4.42065403e-02 4.51496944e-02 4.94922584e-02 5.81339190e-02 4.62443910e-02 4.59371323e-02 5.82236983e-02 1.07687439e-01 9.49492331e-02 4.18747978e-02 9.58089127e-02 5.85789371e-02 4.57192805e-02 8.74663515e-02 1.05144256e-01 1.06838137e-01 6.60847399e-02 5.46475553e-02 6.66488169e-02 7.63916628e-02 7.91620304e-02 6.49776742e-02 1.06050977e-01
5.79320134e-02 0.00000000e+00 2.75908130e-02 6.44615336e-02 3.98965898e-02 3.30053504e-02 4.57100900e-02 3.45049374e-02 2.44173577e-02 6.05324264e-03 3.43947590e-02 3.42473590e-02 7.71032048e-03 9.24720078e-02 1.18834097e-01 4.39605803e-02 1.18835155e-01 7.39987590e-03 3.44819072e-02 8.44849673e-02 1.00989093e-01 1.02262348e-01 7.85858738e-02 6.12749738e-02 4.51444552e-02 7.13680598e-02 6.96823421e-02 5.96661195e-02 1.01166007e-01
5.10125699e-02 2.75908130e-02 0.00000000e+00 4.56118981e-02 2.87044361e-02 1.95638382e-02 3.54792598e-02 2.08396011e-02 2.35175290e-02 2.50598670e-02 2.18796730e-02 2.09710626e-02 2.54664358e-02 1.04832123e-01 9.93714809e-02 3.33947653e-02 9.89939320e-02 2.71348613e-02 2.13010132e-02 8.91336866e-02 1.05645282e-01 1.00590789e-01 7.13866936e-02 5.57248959e-02 5.75092805e-02 7.64556923e-02 8.19087356e-02 5.89059524e-02 1.05640828e-01
5.75641930e-02 6.44615336e-02 4.56118981e-02 0.00000000e+00 3.07132283e-02 3.86266796e-02 2.38697108e-02 3.62620818e-02 4.41994903e-02 6.47956206e-02 3.75153459e-02 3.97653079e-02 6.58184196e-02 8.36549949e-02 6.03374800e-02 2.35246851e-02 5.58088618e-02 6.42755353e-02 4.05675298e-02 8.69542826e-02 1.01578868e-01 1.02500892e-01 5.99584116e-02 6.04087699e-02 8.55562536e-02 7.54623570e-02 9.65878854e-02 7.11677625e-02 1.01434539e-01
4.41816178e-02 3.98965898e-02 2.87044361e-02 3.07132283e-02 0.00000000e+00 1.41340581e-02 1.13185326e-02 1.15899565e-02 2.14369490e-02 4.04669206e-02 1.19240742e-02 1.44934328e-02 4.08247292e-02 1.10244264e-01 8.69400548e-02 9.63771076e-03 8.46975661e-02 3.88344939e-02 1.51363205e-02 8.52007763e-02 1.05103599e-01 1.04217866e-01 6.56792812e-02 5.68466675e-02 6.80004531e-02 7.80703511e-02 8.54581072e-02 6.40542118e-02 1.05637069e-01
4.54439727e-02 3.30053504e-02 1.95638382e-02 3.86266796e-02 1.41340581e-02 0.00000000e+00 1.95505485e-02 6.28387677e-03 1.68248436e-02 2.73785399e-02 7.29967735e-03 5.46108689e-03 3.03461492e-02 1.18436893e-01 9.30540275e-02 1.90908310e-02 9.34437762e-02 3.22543582e-02 6.65005072e-03 8.28523577e-02 9.94597194e-02 1.01756763e-01 6.67073070e-02 6.18705132e-02 6.16728417e-02 7.56680383e-02 8.60667981e-02 5.80652577e-02 9.99385282e-02
4.42065403e-02 4.57100900e-02 3.54792598e-02 2.38697108e-02 1.13185326e-02 1.95505485e-02 0.00000000e+00 1.71044034e-02 2.55290672e-02 4.57856567e-02 1.83483858e-02 2.11147710e-02 4.69412037e-02 1.04753225e-01 8.19718818e-02 4.32349617e-03 7.80519238e-02 4.47639422e-02 2.16774506e-02 8.84071268e-02 1.07238040e-01 1.08691938e-01 6.25818418e-02 5.64909072e-02 7.21918213e-02 7.44690098e-02 8.31788444e-02 6.68400349e-02 1.07635317e-01
4.51496944e-02 3.45049374e-02 2.08396011e-02 3.62620818e-02 1.15899565e-02 6.28387677e-03 1.71044034e-02 0.00000000e+00 1.42594788e-02 3.03917270e-02 1.52726148e-03 7.72030163e-03 3.17643149e-02 1.16248464e-01 9.09899980e-02 1.58050515e-02 9.13250810e-02 3.29059666e-02 7.44517498e-03 8.13830645e-02 1.01907320e-01 9.89859819e-02 6.50873849e-02 5.89959779e-02 6.27862458e-02 7.80443687e-02 8.61740406e-02 6.00726344e-02 1.02057155e-01
4.94922584e-02 2.44173577e-02 2.35175290e-02 4.41994903e-02 2.14369490e-02 1.68248436e-02 2.55290672e-02 1.42594788e-02 0.00000000e+00 2.14924261e-02 1.53175094e-02 1.95014481e-02 2.47667269e-02 1.07035548e-01 1.01706529e-01 2.53153528e-02 9.91197302e-02 2.42150287e-02 1.93438651e-02 7.88176844e-02 9.98433975e-02 1.03242651e-01 7.27273565e-02 6.39133346e-02 5.70442295e-02 8.57178023e-02 8.10519087e-02 5.80737877e-02 9.97220780e-02
5.81339190e-02 6.05324264e-03 2.50598670e-02 6.47956206e-02 4.04669206e-02 2.73785399e-02 4.57856567e-02 3.03917270e-02 2.14924261e-02 0.00000000e+00 3.13852200e-02 3.06588137e-02 4.15227892e-03 9.44046420e-02 1.17431538e-01 4.50231104e-02 1.19638542e-01 6.99568730e-03 3.06753763e-02 8.34286240e-02 1.00297726e-01 1.01124185e-01 7.87350863e-02 6.13703509e-02 4.35971004e-02 7.17664876e-02 6.92239023e-02 5.85405916e-02 1.00500097e-01
4.62443910e-02 3.43947590e-02 2.18796730e-02 3.75153459e-02 1.19240742e-02 7.29967735e-03 1.83483858e-02 1.52726148e-03 1.53175094e-02 3.13852200e-02 0.00000000e+00 8.80609597e-03 3.27985308e-02 1.17434180e-01 9.22236920e-02 1.70619064e-02 9.25147017e-02 3.39061860e-02 8.48515850e-03 8.24157864e-02 1.02967539e-01 9.99557517e-02 6.62852386e-02 6.01200465e-02 6.33622790e-02 7.91709241e-02 8.74046610e-02 6.12014491e-02 1.03156121e-01
4.59371323e-02 3.42473590e-02 2.09710626e-02 3.97653079e-02 1.44934328e-02 5.46108689e-03 2.11147710e-02 7.72030163e-03 1.95014481e-02 3.06588137e-02 8.80609597e-03 0.00000000e+00 2.84314595e-02 1.18859408e-01 9.25387752e-02 1.93673167e-02 9.40599178e-02 3.31174829e-02 6.91576995e-03 8.24194129e-02 9.94451737e-02 1.01786568e-01 6.64134007e-02 6.18810126e-02 6.24231011e-02 7.61829934e-02 8.67787113e-02 5.82947791e-02 9.98639729e-02
5.82236983e-02 7.71032048e-03 2.54664358e-02 6.58184196e-02 4.08247292e-02 3.03461492e-02 4.69412037e-02 3.17643149e-02 2.47667269e-02 4.15227892e-03 3.27985308e-02 2.84314595e-02 0.00000000e+00 9.45044794e-02 1.17447885e-01 4.52666430e-02 1.19911749e-01 7.47549530e-03 3.10214447e-02 8.34501288e-02 1.00155772e-01 1.01182991e-01 7.88595327e-02 6.15808296e-02 4.41112309e-02 7.18373264e-02 6.94755594e-02 5.87121953e-02 1.00382751e-01
1.07687439e-01 9.24720078e-02 1.04832123e-01 8.36549949e-02 1.10244264e-01 1.18436893e-01 1.04753225e-01 1.16248464e-01 1.07035548e-01 9.44046420e-02 1.17434180e-01 1.18859408e-01 9.45044794e-02 0.00000000e+00 2.94042122e-02 1.03861149e-01 2.99958691e-02 9.26444944e-02 1.18990710e-01 7.57142887e-02 6.58159186e-02 6.48029989e-02 1.04755070e-01 9.91597662e-02 1.08610757e-01 8.23519919e-02 8.06963594e-02 1.11432891e-01 6.55553530e-02
9.49492331e-02 1.18834097e-01 9.93714809e-02 6.03374800e-02 8.69400548e-02 9.30540275e-02 8.19718818e-02 9.09899980e-02 1.01706529e-01 1.17431538e-01 9.22236920e-02 9.25387752e-02 1.17447885e-01 2.94042122e-02 0.00000000e+00 8.04509899e-02 6.92090701e-03 1.19172103e-01 9.17194961e-02 7.41505818e-02 6.43559121e-02 6.58616927e-02 9.33125089e-02 9.98849451e-02 1.26002748e-01 8.73774758e-02 9.76835902e-02 1.10228177e-01 6.43247661e-02
4.18747978e-02 4.39605803e-02 3.33947653e-02 2.35246851e-02 9.63771076e-03 1.90908310e-02 4.32349617e-03 1.58050515e-02 2.53153528e-02 4.50231104e-02 1.70619064e-02 1.93673167e-02 4.52666430e-02 1.03861149e-01 8.04509899e-02 0.00000000e+00 7.76465826e-02 4.32613588e-02 1.95908241e-02 8.73983660e-02 1.05923086e-01 1.07633554e-01 6.09178045e-02 5.46580235e-02 7.10897712e-02 7.29728638e-02 8.24869022e-02 6.51886217e-02 1.06431569e-01
9.58089127e-02 1.18835155e-01 9.89939320e-02 5.58088618e-02 8.46975661e-02 9.34437762e-02 7.80519238e-02 9.13250810e-02 9.91197302e-02 1.19638542e-01 9.25147017e-02 9.40599178e-02 1.19911749e-01 2.99958691e-02 6.92090701e-03 7.76465826e-02 0.00000000e+00 1.18191082e-01 9.44486781e-02 7.48657680e-02 6.47874209e-02 6.47365818e-02 9.34474109e-02 9.98380196e-02 1.26477181e-01 8.74975159e-02 9.71120922e-02 1.11234489e-01 6.48194639e-02
5.85789371e-02 7.39987590e-03 2.71348613e-02 6.42755353e-02 3.88344939e-02 3.22543582e-02 4.47639422e-02 3.29059666e-02 2.42150287e-02 6.99568730e-03 3.39061860e-02 3.31174829e-02 7.47549530e-03 9.26444944e-02 1.19172103e-01 4.32613588e-02 1.18191082e-01 0.00000000e+00 3.12576487e-02 8.38361153e-02 1.00513333e-01 1.01375341e-01 7.91565972e-02 6.19493386e-02 4.47327211e-02 7.22270368e-02 6.98607143e-02 5.91854312e-02 1.00759721e-01
4.57192805e-02 3.44819072e-02 2.13010132e-02 4.05675298e-02 1.51363205e-02 6.65005072e-03 2.16774506e-02 7.44517498e-03 1.93438651e-02 3.06753763e-02 8.48515850e-03 6.91576995e-03 3.10214447e-02 1.18990710e-01 9.17194961e-02 1.95908241e-02 9.44486781e-02 3.12576487e-02 0.00000000e+00 8.26837810e-02 9.95047301e-02 1.01899628e-01 6.72979020e-02 6.22540585e-02 6.22406800e-02 7.70524462e-02 8.64627049e-02 5.79416105e-02 9.99410908e-02
8.74663515e-02 8.44849673e-02 8.91336866e-02 8.69542826e-02 8.52007763e-02 8.28523577e-02 8.84071268e-02 8.13830645e-02 7.88176844e-02 8.34286240e-02 8.24157864e-02 8.24194129e-02 8.34501288e-02 7.57142887e-02 7.41505818e-02 8.73983660e-02 7.48657680e-02 8.38361153e-02 8.26837810e-02 0.00000000e+00 5.60153443e-02 7.82745573e-02 9.16028085e-02 9.35268272e-02 8.97430876e-02 9.42951038e-02 9.32292578e-02 8.26538156e-02 5.55048807e-02
1.05144256e-01 1.00989093e-01 1.05645282e-01 1.01578868e-01 1.05103599e-01 9.94597194e-02 1.07238040e-01 1.01907320e-01 9.98433975e-02 1.00297726e-01 1.02967539e-01 9.94451737e-02 1.00155772e-01 6.58159186e-02 6.43559121e-02 1.05923086e-01 6.47874209e-02 1.00513333e-01 9.95047301e-02 5.60153443e-02 0.00000000e+00 6.72305812e-02 1.10757700e-01 1.24830966e-01 1.05999554e-01 8.91425622e-02 9.57188247e-02 9.94008323e-02 3.57047428e-02
1.06838137e-01 1.02262348e-01 1.00590789e-01 1.02500892e-01 1.04217866e-01 1.01756763e-01 1.08691938e-01 9.89859819e-02 1.03242651e-01 1.01124185e-01 9.99557517e-02 1.01786568e-01 1.01182991e-01 6.48029989e-02 6.58616927e-02 1.07633554e-01 6.47365818e-02 1.01375341e-01 1.01899628e-01 7.82745573e-02 6.72305812e-02 0.00000000e+00 1.13047235e-01 1.05115634e-01 1.09315616e-01 9.05531680e-02 9.42062538e-02 1.22904863e-01 6.75544768e-02
6.60847399e-02 7.85858738e-02 7.13866936e-02 5.99584116e-02 6.56792812e-02 6.67073070e-02 6.25818418e-02 6.50873849e-02 7.27273565e-02 7.87350863e-02 6.62852386e-02 6.64134007e-02 7.88595327e-02 1.04755070e-01 9.33125089e-02 6.09178045e-02 9.34474109e-02 7.91565972e-02 6.72979020e-02 9.16028085e-02 1.10757700e-01 1.13047235e-01 0.00000000e+00 6.04514703e-02 8.24721091e-02 7.17211610e-02 9.80577911e-02 7.28806072e-02 1.08913196e-01
5.46475553e-02 6.12749738e-02 5.57248959e-02 6.04087699e-02 5.68466675e-02 6.18705132e-02 5.64909072e-02 5.89959779e-02 6.39133346e-02 6.13703509e-02 6.01200465e-02 6.18810126e-02 6.15808296e-02 9.91597662e-02 9.98849451e-02 5.46580235e-02 9.98380196e-02 6.19493386e-02 6.22540585e-02 9.35268272e-02 1.24830966e-01 1.05115634e-01 6.04514703e-02 0.00000000e+00 6.51200675e-02 6.97472399e-02 7.93994911e-02 7.29635256e-02 1.25335864e-01
6.66488169e-02 4.51444552e-02 5.75092805e-02 8.55562536e-02 6.80004531e-02 6.16728417e-02 7.21918213e-02 6.27862458e-02 5.70442295e-02 4.35971004e-02 6.33622790e-02 6.24231011e-02 4.41112309e-02 1.08610757e-01 1.26002748e-01 7.10897712e-02 1.26477181e-01 4.47327211e-02 6.22406800e-02 8.97430876e-02 1.05999554e-01 1.09315616e-01 8.24721091e-02 6.51200675e-02 0.00000000e+00 7.52250988e-02 7.61131701e-02 6.72564654e-02 1.07120578e-01
7.63916628e-02 7.13680598e-02 7.64556923e-02 7.54623570e-02 7.80703511e-02 7.56680383e-02 7.44690098e-02 7.80443687e-02 8.57178023e-02 7.17664876e-02 7.91709241e-02 7.61829934e-02 7.18373264e-02 8.23519919e-02 8.73774758e-02 7.29728638e-02 8.74975159e-02 7.22270368e-02 7.70524462e-02 9.42951038e-02 8.91425622e-02 9.05531680e-02 7.17211610e-02 6.97472399e-02 7.52250988e-02 0.00000000e+00 8.25173032e-02 8.28631713e-02 8.90587827e-02
7.91620304e-02 6.96823421e-02 8.19087356e-02 9.65878854e-02 8.54581072e-02 8.60667981e-02 8.31788444e-02 8.61740406e-02 8.10519087e-02 6.92239023e-02 8.74046610e-02 8.67787113e-02 6.94755594e-02 8.06963594e-02 9.76835902e-02 8.24869022e-02 9.71120922e-02 6.98607143e-02 8.64627049e-02 9.32292578e-02 9.57188247e-02 9.42062538e-02 9.80577911e-02 7.93994911e-02 7.61131701e-02 8.25173032e-02 0.00000000e+00 9.37413579e-02 9.69215249e-02
6.49776742e-02 5.96661195e-02 5.89059524e-02 7.11677625e-02 6.40542118e-02 5.80652577e-02 6.68400349e-02 6.00726344e-02 5.80737877e-02 5.85405916e-02 6.12014491e-02 5.82947791e-02 5.87121953e-02 1.11432891e-01 1.10228177e-01 6.51886217e-02 1.11234489e-01 5.91854312e-02 5.79416105e-02 8.26538156e-02 9.94008323e-02 1.22904863e-01 7.28806072e-02 7.29635256e-02 6.72564654e-02 8.28631713e-02 9.37413579e-02 0.00000000e+00 9.92113534e-02
1.06050977e-01 1.01166007e-01 1.05640828e-01 1.01434539e-01 1.05637069e-01 9.99385282e-02 1.07635317e-01 1.02057155e-01 9.97220780e-02 1.00500097e-01 1.03156121e-01 9.98639729e-02 1.00382751e-01 6.55553530e-02 6.43247661e-02 1.06431569e-01 6.48194639e-02 1.00759721e-01 9.99410908e-02 5.55048807e-02 3.57047428e-02 6.75544768e-02 1.08913196e-01 1.25335864e-01 1.07120578e-01 8.90587827e-02 9.69215249e-02 9.92113534e-02 0.00000000e+00
