0.00000000e+00 4.23326936e+03 4.04163434e+03 4.17697748e+03 3.81432249e+03 3.72164959e+03 3.76315433e+03 3.68702486e+03 3.82280846e+03 4.15695238e+03 3.78043777e+03 3.83949556e+03 4.26181054e+03 6.24314931e+03 5.82701275e+03 3.67441554e+03 5.72747721e+03 4.33255385e+03 3.87433785e+03 6.14513778e+03 6.90796580e+03 7.11776529e+03 5.68437546e+03 5.08501594e+03 5.53226344e+03 5.83697577e+03 5.91593529e+03 5.52629058e+03 6.99900497e+03
4.23326936e+03 0.00000000e+00 1.43419726e+03 2.69583650e+03 1.84379045e+03 1.45933178e+03 2.00597046e+03 1.50396470e+03 1.05736222e+03 3.89274963e+02 1.50630833e+03 1.66312502e+03 6.45874760e+02 4.16518505e+03 5.18539434e+03 1.95053909e+03 5.03785944e+03 7.07294023e+02 1.72085250e+03 4.90345081e+03 5.55097552e+03 5.74029063e+03 4.95193296e+03 4.24914110e+03 3.87192557e+03 4.59278649e+03 4.54099362e+03 4.34971943e+03 5.61486823e+03
4.04163434e+03 1.43419726e+03 0.00000000e+00 2.05235784e+03 1.51141852e+03 1.05724860e+03 1.71389154e+03 1.06960896e+03 1.17575313e+03 1.27947660e+03 1.15928723e+03 1.21301856e+03 1.40072340e+03 4.67932927e+03 4.46760728e+03 1.60983789e+03 4.33371795e+03 1.53879547e+03 1.27348236e+03 5.04182389e+03 5.67694177e+03 5.71803836e+03 4.75181983e+03 4.09813604e+03 4.22899899e+03 4.73586159e+03 4.89756526e+03 4.33417220e+03 5.73978679e+03
4.17697748e+03 2.69583650e+03 2.05235784e+03 0.00000000e+00 1.46501248e+03 1.64564299e+03 1.16611474e+03 1.51437999e+03 1.86028462e+03 2.66909643e+03 1.61163738e+03 1.81263143e+03 2.82020806e+03 3.68756849e+03 2.81226864e+03 1.11860265e+03 2.45830560e+03 2.81890718e+03 1.89471608e+03 4.92403938e+03 5.48296982e+03 5.70205235e+03 4.39052834e+03 4.17936521e+03 4.97434375e+03 4.64811253e+03 5.28806791e+03 4.62258086e+03 5.54598798e+03
3.81432249e+03 1.84379045e+03 1.51141852e+03 1.46501248e+03 0.00000000e+00 8.07493210e+02 7.48969475e+02 6.85892031e+02 1.06388795e+03 1.83775116e+03 7.29364319e+02 9.32043750e+02 1.95488804e+03 4.86437420e+03 3.99520628e+03 6.62452551e+02 3.77034407e+03 1.93355936e+03 1.01200300e+03 4.89972465e+03 5.62541060e+03 5.77753881e+03 4.57264802e+03 4.09938434e+03 4.47548986e+03 4.74738381e+03 4.96018266e+03 4.44765042e+03 5.69744281e+03
3.72164959e+03 1.45933178e+03 1.05724860e+03 1.64564299e+03 8.07493210e+02 0.00000000e+00 9.47919733e+02 3.42716557e+02 6.81083859e+02 1.13230168e+03 4.33758702e+02 4.78724477e+02 1.44982753e+03 5.05536814e+03 4.09037875e+03 9.28861977e+02 3.98360969e+03 1.59639905e+03 5.87214660e+02 4.70687829e+03 5.34047126e+03 5.58006364e+03 4.46238897e+03 4.10918798e+03 4.18070775e+03 4.54993319e+03 4.84922039e+03 4.15314351e+03 5.41297180e+03
3.76315433e+03 2.00597046e+03 1.71389154e+03 1.16611474e+03 7.48969475e+02 9.47919733e+02 0.00000000e+00 8.26182052e+02 1.19810006e+03 1.97862257e+03 9.24637900e+02 1.12929136e+03 2.13566160e+03 4.60290434e+03 3.74860393e+03 4.30400086e+02 3.48152201e+03 2.11032860e+03 1.21243882e+03 4.95141295e+03 5.63604245e+03 5.87294702e+03 4.44262952e+03 4.04583997e+03 4.56772025e+03 4.60210139e+03 4.87808694e+03 4.47847999e+03 5.70767109e+03
3.68702486e+03 1.50396470e+03 1.06960896e+03 1.51437999e+03 6.85892031e+02 3.42716557e+02 8.26182052e+02 0.00000000e+00 6.34786966e+02 1.29039284e+03 1.28887630e+02 5.38712390e+02 1.47131864e+03 4.95761629e+03 3.99468783e+03 7.63928329e+02 3.86011918e+03 1.58184448e+03 5.73529793e+02 4.64235489e+03 5.37832455e+03 5.47791805e+03 4.39374664e+03 4.00440096e+03 4.18003704e+03 4.58988047e+03 4.82653371e+03 4.17785029e+03 5.44430253e+03
3.82280846e+03 1.05736222e+03 1.17575313e+03 1.86028462e+03 1.06388795e+03 6.81083859e+02 1.19810006e+03 6.34786966e+02 0.00000000e+00 8.59917191e+02 7.24921292e+02 9.92811306e+02 1.20670822e+03 4.59730277e+03 4.39315087e+03 1.14680768e+03 4.19424735e+03 1.26075060e+03 1.04780202e+03 4.59003735e+03 5.33769848e+03 5.62640241e+03 4.61853230e+03 4.15694725e+03 4.06592901e+03 4.81148993e+03 4.72957932e+03 4.14368291e+03 5.39861295e+03
4.15695238e+03 3.89274963e+02 1.27947660e+03 2.66909643e+03 1.83775116e+03 1.13230168e+03 1.97862257e+03 1.29039284e+03 8.59917191e+02 0.00000000e+00 1.37816892e+03 1.45729162e+03 4.49405075e+02 4.15676452e+03 5.02996348e+03 1.93375621e+03 5.00771144e+03 6.46018677e+02 1.51145006e+03 4.80322529e+03 5.45048745e+03 5.64360020e+03 4.87306839e+03 4.17198325e+03 3.76909405e+03 4.51773637e+03 4.46134267e+03 4.24744864e+03 5.51705564e+03
3.78043777e+03 1.50630833e+03 1.15928723e+03 1.61163738e+03 7.29364319e+02 4.33758702e+02 9.24637900e+02 1.28887630e+02 7.24921292e+02 1.37816892e+03 0.00000000e+00 6.31577321e+02 1.56017948e+03 5.04647263e+03 4.08740731e+03 8.62192632e+02 3.95697205e+03 1.67000287e+03 6.65108908e+02 4.73012426e+03 5.46954449e+03 5.56397252e+03 4.49091970e+03 4.09876484e+03 4.23164238e+03 4.68253316e+03 4.92058779e+03 4.27416606e+03 5.53624536e+03
3.83949556e+03 1.66312502e+03 1.21301856e+03 1.81263143e+03 9.32043750e+02 4.78724477e+02 1.12929136e+03 5.38712390e+02 9.92811306e+02 1.45729162e+03 6.31577321e+02 0.00000000e+00 1.29364021e+03 5.16984676e+03 4.17573290e+03 1.03917038e+03 4.10725956e+03 1.73245426e+03 7.07388609e+02 4.79672192e+03 5.44274821e+03 5.67771942e+03 4.56104745e+03 4.21389106e+03 4.29894523e+03 4.66911275e+03 4.95968792e+03 4.26538584e+03 5.51238972e+03
4.26181054e+03 6.45874760e+02 1.40072340e+03 2.82020806e+03 1.95488804e+03 1.44982753e+03 2.13566160e+03 1.47131864e+03 1.20670822e+03 4.49405075e+02 1.56017948e+03 1.29364021e+03 0.00000000e+00 4.26666016e+03 5.12727180e+03 2.04303819e+03 5.10961080e+03 7.84545865e+02 1.63309836e+03 4.90582984e+03 5.54946813e+03 5.74741644e+03 4.98190464e+03 4.28536278e+03 3.88852218e+03 4.62426914e+03 4.56857933e+03 4.36035920e+03 5.61566022e+03
6.24314931e+03 4.16518505e+03 4.67932927e+03 3.68756849e+03 4.86437420e+03 5.05536814e+03 4.60290434e+03 4.95761629e+03 4.59730277e+03 4.15676452e+03 5.04647263e+03 5.16984676e+03 4.26666016e+03 0.00000000e+00 1.45343552e+03 4.55520520e+03 1.49955160e+03 4.22354797e+03 5.21678038e+03 5.15674668e+03 5.00778707e+03 5.14175521e+03 6.30754827e+03 5.93124819e+03 6.28311750e+03 5.45085587e+03 5.39415627e+03 6.41233109e+03 5.08416168e+03
5.82701275e+03 5.18539434e+03 4.46760728e+03 2.81226864e+03 3.99520628e+03 4.09037875e+03 3.74860393e+03 3.99468783e+03 4.39315087e+03 5.02996348e+03 4.08740731e+03 4.17573290e+03 5.12727180e+03 1.45343552e+03 0.00000000e+00 3.67579335e+03 6.35120313e+02 5.25420610e+03 4.12416368e+03 5.04884319e+03 4.89865159e+03 5.10440119e+03 5.93572121e+03 5.89193484e+03 6.68281684e+03 5.53124420e+03 5.79225991e+03 6.31418721e+03 4.97861783e+03
3.67441554e+03 1.95053909e+03 1.60983789e+03 1.11860265e+03 6.62452551e+02 9.28861977e+02 4.30400086e+02 7.63928329e+02 1.14680768e+03 1.93375621e+03 8.62192632e+02 1.03917038e+03 2.04303819e+03 4.55520520e+03 3.67579335e+03 0.00000000e+00 3.43964784e+03 2.02480221e+03 1.10155695e+03 4.89495935e+03 5.58063397e+03 5.81245414e+03 4.37004327e+03 3.96814493e+03 4.49681219e+03 4.53704154e+03 4.81726475e+03 4.40242403e+03 5.65301731e+03
5.72747721e+03 5.03785944e+03 4.33371795e+03 2.45830560e+03 3.77034407e+03 3.98360969e+03 3.48152201e+03 3.86011918e+03 4.19424735e+03 5.00771144e+03 3.95697205e+03 4.10725956e+03 5.10961080e+03 1.49955160e+03 6.35120313e+02 3.43964784e+03 0.00000000e+00 5.10128409e+03 4.17420227e+03 4.92583023e+03 4.75731062e+03 4.93742389e+03 5.80494183e+03 5.76587978e+03 6.59523458e+03 5.39923297e+03 5.67476908e+03 6.21618833e+03 4.84046153e+03
4.33255385e+03 7.07294023e+02 1.53879547e+03 2.81890718e+03 1.93355936e+03 1.59639905e+03 2.11032860e+03 1.58184448e+03 1.26075060e+03 6.46018677e+02 1.67000287e+03 1.73245426e+03 7.84545865e+02 4.22354797e+03 5.25420610e+03 2.02480221e+03 5.10128409e+03 0.00000000e+00 1.62904261e+03 4.97580562e+03 5.61842976e+03 5.81538765e+03 5.05203183e+03 4.35921434e+03 3.97345826e+03 4.69891696e+03 4.64588063e+03 4.43670849e+03 5.68568349e+03
3.87433785e+03 1.72085250e+03 1.27348236e+03 1.89471608e+03 1.01200300e+03 5.87214660e+02 1.21243882e+03 5.73529793e+02 1.04780202e+03 1.51145006e+03 6.65108908e+02 7.07388609e+02 1.63309836e+03 5.21678038e+03 4.12416368e+03 1.10155695e+03 4.17420227e+03 1.62904261e+03 0.00000000e+00 4.84185242e+03 5.48258873e+03 5.72672962e+03 4.62789094e+03 4.26702717e+03 4.33901553e+03 4.73095973e+03 4.99532485e+03 4.30238094e+03 5.55190966e+03
6.14513778e+03 4.90345081e+03 5.04182389e+03 4.92403938e+03 4.89972465e+03 4.70687829e+03 4.95141295e+03 4.64235489e+03 4.59003735e+03 4.80322529e+03 4.73012426e+03 4.79672192e+03 4.90582984e+03 5.15674668e+03 5.04884319e+03 4.89495935e+03 4.92583023e+03 4.97580562e+03 4.84185242e+03 0.00000000e+00 5.04219676e+03 6.07860622e+03 6.36319029e+03 5.71553968e+03 6.13445941e+03 6.28618141e+03 6.33835361e+03 6.06807713e+03 5.08349306e+03
6.90796580e+03 5.55097552e+03 5.67694177e+03 5.48296982e+03 5.62541060e+03 5.34047126e+03 5.63604245e+03 5.37832455e+03 5.33769848e+03 5.45048745e+03 5.46954449e+03 5.44274821e+03 5.54946813e+03 5.00778707e+03 4.89865159e+03 5.58063397e+03 4.75731062e+03 5.61842976e+03 5.48258873e+03 5.04219676e+03 0.00000000e+00 5.88134676e+03 7.17697807e+03 7.46751737e+03 6.87560805e+03 6.28381152e+03 6.61061361e+03 6.78259500e+03 4.33842305e+03
7.11776529e+03 5.74029063e+03 5.71803836e+03 5.70205235e+03 5.77753881e+03 5.58006364e+03 5.87294702e+03 5.47791805e+03 5.62640241e+03 5.64360020e+03 5.56397252e+03 5.67771942e+03 5.74741644e+03 5.14175521e+03 5.10440119e+03 5.81245414e+03 4.93742389e+03 5.81538765e+03 5.72672962e+03 6.07860622e+03 5.88134676e+03 0.00000000e+00 7.48189573e+03 7.00776750e+03 7.25071531e+03 6.56746271e+03 6.69848658e+03 7.75714470e+03 5.97454032e+03
5.68437546e+03 4.95193296e+03 4.75181983e+03 4.39052834e+03 4.57264802e+03 4.46238897e+03 4.44262952e+03 4.39374664e+03 4.61853230e+03 4.87306839e+03 4.49091970e+03 4.56104745e+03 4.98190464e+03 6.30754827e+03 5.93572121e+03 4.37004327e+03 5.80494183e+03 5.05203183e+03 4.62789094e+03 6.36319029e+03 7.17697807e+03 7.48189573e+03 0.00000000e+00 5.22682773e+03 6.06493265e+03 5.58616139e+03 6.75029605e+03 5.96553124e+03 7.18852011e+03
5.08501594e+03 4.24914110e+03 4.09813604e+03 4.17936521e+03 4.09938434e+03 4.10918798e+03 4.04583997e+03 4.00440096e+03 4.15694725e+03 4.17198325e+03 4.09876484e+03 4.21389106e+03 4.28536278e+03 5.93124819e+03 5.89193484e+03 3.96814493e+03 5.76587978e+03 4.35921434e+03 4.26702717e+03 5.71553968e+03 7.46751737e+03 7.00776750e+03 5.22682773e+03 0.00000000e+00 5.26714504e+03 5.37963821e+03 5.91834176e+03 5.74365499e+03 7.53659936e+03
5.53226344e+03 3.87192557e+03 4.22899899e+03 4.97434375e+03 4.47548986e+03 4.18070775e+03 4.56772025e+03 4.18003704e+03 4.06592901e+03 3.76909405e+03 4.23164238e+03 4.29894523e+03 3.88852218e+03 6.28311750e+03 6.68281684e+03 4.49681219e+03 6.59523458e+03 3.97345826e+03 4.33901553e+03 6.13445941e+03 6.87560805e+03 7.25071531e+03 6.06493265e+03 5.26714504e+03 0.00000000e+00 5.63428155e+03 5.94002587e+03 5.65959765e+03 6.97470073e+03
5.83697577e+03 4.59278649e+03 4.73586159e+03 4.64811253e+03 4.74738381e+03 4.54993319e+03 4.60210139e+03 4.58988047e+03 4.81148993e+03 4.51773637e+03 4.68253316e+03 4.66911275e+03 4.62426914e+03 5.45085587e+03 5.53124420e+03 4.53704154e+03 5.39923297e+03 4.69891696e+03 4.73095973e+03 6.28618141e+03 6.28381152e+03 6.56746271e+03 5.58616139e+03 5.37963821e+03 5.63428155e+03 0.00000000e+00 6.04636219e+03 6.13197640e+03 6.34501080e+03
5.91593529e+03 4.54099362e+03 4.89756526e+03 5.28806791e+03 4.96018266e+03 4.84922039e+03 4.87808694e+03 4.82653371e+03 4.72957932e+03 4.46134267e+03 4.92058779e+03 4.95968792e+03 4.56857933e+03 5.39415627e+03 5.79225991e+03 4.81726475e+03 5.67476908e+03 4.64588063e+03 4.99532485e+03 6.33835361e+03 6.61061361e+03 6.69848658e+03 6.75029605e+03 5.91834176e+03 5.94002587e+03 6.04636219e+03 0.00000000e+00 6.48393868e+03 6.68440927e+03
5.52629058e+03 4.34971943e+03 4.33417220e+03 4.62258086e+03 4.44765042e+03 4.15314351e+03 4.47847999e+03 4.17785029e+03 4.14368291e+03 4.24744864e+03 4.27416606e+03 4.26538584e+03 4.36035920e+03 6.41233109e+03 6.31418721e+03 4.40242403e+03 6.21618833e+03 4.43670849e+03 4.30238094e+03 6.06807713e+03 6.78259500e+03 7.75714470e+03 5.96553124e+03 5.74365499e+03 5.65959765e+03 6.13197640e+03 6.48393868e+03 0.00000000e+00 6.84254611e+03
6.99900497e+03 5.61486823e+03 5.73978679e+03 5.54598798e+03 5.69744281e+03 5.41297180e+03 5.70767109e+03 5.44430253e+03 5.39861295e+03 5.51705564e+03 5.53624536e+03 5.51238972e+03 5.61566022e+03 5.08416168e+03 4.97861783e+03 5.65301731e+03 4.84046153e+03 5.68568349e+03 5.55190966e+03 5.08349306e+03 4.33842305e+03 5.97454032e+03 7.18852011e+03 7.53659936e+03 6.97470073e+03 6.34501080e+03 6.68440927e+03 6.84254611e+03 0.00000000e+00
