0.00000000e+00 2.86518609e+02 2.73491772e+02 2.84008922e+02 2.59087318e+02 2.52294523e+02 2.56529691e+02 2.49873105e+02 2.60353932e+02 2.81914218e+02 2.57166513e+02 2.60213658e+02 2.89072094e+02 4.24458760e+02 3.95866174e+02 2.49201846e+02 3.90751571e+02 2.93994726e+02 2.62349923e+02 4.13669706e+02 4.77802867e+02 4.98693113e+02 3.98586181e+02 3.48550336e+02 3.87585914e+02 3.97196187e+02 4.07635479e+02 3.87084933e+02 4.83934766e+02
2.86518609e+02 0.00000000e+00 9.89324383e+01 1.86733555e+02 1.27636714e+02 1.00961233e+02 1.39811860e+02 1.03984135e+02 7.41378509e+01 2.71628030e+01 1.04614246e+02 1.14878839e+02 4.47702137e+01 2.87420825e+02 3.57386159e+02 1.34850385e+02 3.49023226e+02 4.90712826e+01 1.18726237e+02 3.33891888e+02 3.90227679e+02 4.09168310e+02 3.53462374e+02 2.95682490e+02 2.77438758e+02 3.16787049e+02 3.18169472e+02 3.10699330e+02 3.94408966e+02
2.73491772e+02 9.89324383e+01 0.00000000e+00 1.42082038e+02 1.04679426e+02 7.32497737e+01 1.19375921e+02 7.40783161e+01 8.20333604e+01 8.85332143e+01 8.06241754e+01 8.39336588e+01 9.68400979e+01 3.22644950e+02 3.07844229e+02 1.11232578e+02 2.99961157e+02 1.06428236e+02 8.80094225e+01 3.43165014e+02 3.98972686e+02 4.07399819e+02 3.39382996e+02 2.85194680e+02 3.02337169e+02 3.26552800e+02 3.42382694e+02 3.09596510e+02 4.02953325e+02
2.84008922e+02 1.86733555e+02 1.42082038e+02 0.00000000e+00 1.02116737e+02 1.14144621e+02 8.10989799e+01 1.05102457e+02 1.29052794e+02 1.84820414e+02 1.12290275e+02 1.25788852e+02 1.95357759e+02 2.55309895e+02 1.94750118e+02 7.77798611e+01 1.70724827e+02 1.95283971e+02 1.31238983e+02 3.36156796e+02 3.86930332e+02 4.07603320e+02 3.15033058e+02 2.91905175e+02 3.55301404e+02 3.21718169e+02 3.70173575e+02 3.30811165e+02 3.90785777e+02
2.59087318e+02 1.27636714e+02 1.04679426e+02 1.02116737e+02 0.00000000e+00 5.61995860e+01 5.28863039e+01 4.77396946e+01 7.46708849e+01 1.27490709e+02 5.09424240e+01 6.47508608e+01 1.35533734e+02 3.36933832e+02 2.76630810e+02 4.61374223e+01 2.62473650e+02 1.34099444e+02 7.01566790e+01 3.34797168e+02 3.96985057e+02 4.13427809e+02 3.27962781e+02 2.86325126e+02 3.20705780e+02 3.28688581e+02 3.48133434e+02 3.18630189e+02 4.01655541e+02
2.52294523e+02 1.00961233e+02 7.32497737e+01 1.14144621e+02 5.61995860e+01 0.00000000e+00 6.63041761e+01 2.37748759e+01 4.75893933e+01 7.82012811e+01 3.01974370e+01 3.33054871e+01 1.00319853e+02 3.49567214e+02 2.82825508e+02 6.45016143e+01 2.76683017e+02 1.10483880e+02 4.07299866e+01 3.20899019e+02 3.76516925e+02 3.99074477e+02 3.19883443e+02 2.86606152e+02 2.99531276e+02 3.14589520e+02 3.39908205e+02 2.97548807e+02 3.81302085e+02
2.56529691e+02 1.39811860e+02 1.19375921e+02 8.10989799e+01 5.28863039e+01 6.63041761e+01 0.00000000e+00 5.79366673e+01 8.34351563e+01 1.37662451e+02 6.49928192e+01 7.90385638e+01 1.48635726e+02 3.19350602e+02 2.60117334e+02 3.04971111e+01 2.42091343e+02 1.46895427e+02 8.46191979e+01 3.38823484e+02 3.98463384e+02 4.20602350e+02 3.19559466e+02 2.83377935e+02 3.27586197e+02 3.19402158e+02 3.42734392e+02 3.21521632e+02 4.03096948e+02
2.49873105e+02 1.03984135e+02 7.40783161e+01 1.05102457e+02 4.77396946e+01 2.37748759e+01 5.79366673e+01 0.00000000e+00 4.44908205e+01 8.91828058e+01 9.02439949e+00 3.73864626e+01 1.01763013e+02 3.42789874e+02 2.76170004e+02 5.30833433e+01 2.68233594e+02 1.09448502e+02 3.97379894e+01 3.16441232e+02 3.79231359e+02 3.91904968e+02 3.15033737e+02 2.79306512e+02 2.99519481e+02 3.17305570e+02 3.38320537e+02 2.99266610e+02 3.83468057e+02
2.60353932e+02 7.41378509e+01 8.20333604e+01 1.29052794e+02 7.46708849e+01 4.75893933e+01 8.34351563e+01 4.44908205e+01 0.00000000e+00 5.99904672e+01 5.09470222e+01 6.94550938e+01 8.41568076e+01 3.19082439e+02 3.04794387e+02 8.00053839e+01 2.91680885e+02 8.79121811e+01 7.30553911e+01 3.13968401e+02 3.77642207e+02 4.03300485e+02 3.31941049e+02 2.90981961e+02 2.92179847e+02 3.33858394e+02 3.32291517e+02 2.97820119e+02 3.81513184e+02
2.81914218e+02 2.71628030e+01 8.85332143e+01 1.84820414e+02 1.27490709e+02 7.82012811e+01 1.37662451e+02 8.91828058e+01 5.99904672e+01 0.00000000e+00 9.56602844e+01 1.00819330e+02 3.12149603e+01 2.87514291e+02 3.47489777e+02 1.33905838e+02 3.47455752e+02 4.48312063e+01 1.04399330e+02 3.27452266e+02 3.83987860e+02 4.03082665e+02 3.48537443e+02 2.90830594e+02 2.70512450e+02 3.12270264e+02 3.13167402e+02 3.03947930e+02 3.88361768e+02
2.57166513e+02 1.04614246e+02 8.06241754e+01 1.12290275e+02 5.09424240e+01 3.01974370e+01 6.49928192e+01 9.02439949e+00 5.09470222e+01 9.56602844e+01 0.00000000e+00 4.40000900e+01 1.08354205e+02 3.50273847e+02 2.83650084e+02 6.01531173e+01 2.75923785e+02 1.16004139e+02 4.62657027e+01 3.23612034e+02 3.86785206e+02 3.99087396e+02 3.22722547e+02 2.86750575e+02 3.03988857e+02 3.24793548e+02 3.45968158e+02 3.06849242e+02 3.91090249e+02
2.60213658e+02 1.14878839e+02 8.39336588e+01 1.25788852e+02 6.47508608e+01 3.33054871e+01 7.90385638e+01 3.73864626e+01 6.94550938e+01 1.00819330e+02 4.40000900e+01 0.00000000e+00 8.93957842e+01 3.57299945e+02 2.88539239e+02 7.20907935e+01 2.85305923e+02 1.19795716e+02 4.89589119e+01 3.26914965e+02 3.83405460e+02 4.05704524e+02 3.26557840e+02 2.93697386e+02 3.07712700e+02 3.22620640e+02 3.47472125e+02 3.05192041e+02 3.87980676e+02
2.89072094e+02 4.47702137e+01 9.68400979e+01 1.95357759e+02 1.35533734e+02 1.00319853e+02 1.48635726e+02 1.01763013e+02 8.41568076e+01 3.12149603e+01 1.08354205e+02 8.93957842e+01 0.00000000e+00 2.95059529e+02 3.54178046e+02 1.41388498e+02 3.54553962e+02 5.42975370e+01 1.12709809e+02 3.34472670e+02 3.90791766e+02 4.10244323e+02 3.56044753e+02 2.98612107e+02 2.78802963e+02 3.19573679e+02 3.20543251e+02 3.11731527e+02 3.95140723e+02
4.24458760e+02 2.87420825e+02 3.22644950e+02 2.55309895e+02 3.36933832e+02 3.49567214e+02 3.19350602e+02 3.42789874e+02 3.19082439e+02 2.87514291e+02 3.50273847e+02 3.57299945e+02 2.95059529e+02 0.00000000e+00 1.00226032e+02 3.14945630e+02 1.04199933e+02 2.92134086e+02 3.60029761e+02 3.52081956e+02 3.52435789e+02 3.66155929e+02 4.48248895e+02 4.12560835e+02 4.45921617e+02 3.76179291e+02 3.77071861e+02 4.55253982e+02 3.57039416e+02
3.95866174e+02 3.57386159e+02 3.07844229e+02 1.94750118e+02 2.76630810e+02 2.82825508e+02 2.60117334e+02 2.76170004e+02 3.04794387e+02 3.47489777e+02 2.83650084e+02 2.88539239e+02 3.54178046e+02 1.00226032e+02 0.00000000e+00 2.54084910e+02 4.45023782e+01 3.62993711e+02 2.84642854e+02 3.44415074e+02 3.44691978e+02 3.63695800e+02 4.22034334e+02 4.09639722e+02 4.73789922e+02 3.81487821e+02 4.04326515e+02 4.48251622e+02 3.49530485e+02
2.49201846e+02 1.34850385e+02 1.11232578e+02 7.77798611e+01 4.61374223e+01 6.45016143e+01 3.04971111e+01 5.30833433e+01 8.00053839e+01 1.33905838e+02 6.01531173e+01 7.20907935e+01 1.41388498e+02 3.14945630e+02 2.54084910e+02 0.00000000e+00 2.38855334e+02 1.40157354e+02 7.62076281e+01 3.33927090e+02 3.93336705e+02 4.15287773e+02 3.13386307e+02 2.76884705e+02 3.21725917e+02 3.13724092e+02 3.37607064e+02 3.15151676e+02 3.98026908e+02
3.90751571e+02 3.49023226e+02 2.99961157e+02 1.70724827e+02 2.62473650e+02 2.76683017e+02 2.42091343e+02 2.68233594e+02 2.91680885e+02 3.47455752e+02 2.75923785e+02 2.85305923e+02 3.54553962e+02 1.04199933e+02 4.45023782e+01 2.38855334e+02 0.00000000e+00 3.53991031e+02 2.89498886e+02 3.37484192e+02 3.36242652e+02 3.53081224e+02 4.14582892e+02 4.02580382e+02 4.69298862e+02 3.73989125e+02 3.97286228e+02 4.43216900e+02 3.41340479e+02
2.93994726e+02 4.90712826e+01 1.06428236e+02 1.95283971e+02 1.34099444e+02 1.10483880e+02 1.46895427e+02 1.09448502e+02 8.79121811e+01 4.48312063e+01 1.16004139e+02 1.19795716e+02 5.42975370e+01 2.92134086e+02 3.62993711e+02 1.40157354e+02 3.53991031e+02 0.00000000e+00 1.12440849e+02 3.39353361e+02 3.95632898e+02 4.15011867e+02 3.60990228e+02 3.03785552e+02 2.84764603e+02 3.24790290e+02 3.25899241e+02 3.17112742e+02 4.00059027e+02
2.62349923e+02 1.18726237e+02 8.80094225e+01 1.31238983e+02 7.01566790e+01 4.07299866e+01 8.46191979e+01 3.97379894e+01 7.30553911e+01 1.04399330e+02 4.62657027e+01 4.89589119e+01 1.12709809e+02 3.60029761e+02 2.84642854e+02 7.62076281e+01 2.89498886e+02 1.12440849e+02 0.00000000e+00 3.29642323e+02 3.85767586e+02 4.08641173e+02 3.30924377e+02 2.97023308e+02 3.10111377e+02 3.26560520e+02 3.49464820e+02 3.07445270e+02 3.90324755e+02
4.13669706e+02 3.33891888e+02 3.43165014e+02 3.36156796e+02 3.34797168e+02 3.20899019e+02 3.38823484e+02 3.16441232e+02 3.13968401e+02 3.27452266e+02 3.23612034e+02 3.26914965e+02 3.34472670e+02 3.52081956e+02 3.44415074e+02 3.33927090e+02 3.37484192e+02 3.39353361e+02 3.29642323e+02 0.00000000e+00 3.50989038e+02 4.27910957e+02 4.47123371e+02 3.92862917e+02 4.30479610e+02 4.29277256e+02 4.37596311e+02 4.26093846e+02 3.53421183e+02
4.77802867e+02 3.90227679e+02 3.98972686e+02 3.86930332e+02 3.96985057e+02 3.76516925e+02 3.98463384e+02 3.79231359e+02 3.77642207e+02 3.83987860e+02 3.86785206e+02 3.83405460e+02 3.90791766e+02 3.52435789e+02 3.44691978e+02 3.93336705e+02 3.36242652e+02 3.95632898e+02 3.85767586e+02 3.50989038e+02 0.00000000e+00 4.23744528e+02 5.16071144e+02 5.26493326e+02 4.93733008e+02 4.40789059e+02 4.67599732e+02 4.87538617e+02 3.09694665e+02
4.98693113e+02 4.09168310e+02 4.07399819e+02 4.07603320e+02 4.13427809e+02 3.99074477e+02 4.20602350e+02 3.91904968e+02 4.03300485e+02 4.03082665e+02 3.99087396e+02 4.05704524e+02 4.10244323e+02 3.66155929e+02 3.63695800e+02 4.15287773e+02 3.53081224e+02 4.15011867e+02 4.08641173e+02 4.27910957e+02 4.23744528e+02 0.00000000e+00 5.43719108e+02 5.00363245e+02 5.26164508e+02 4.66025768e+02 4.79504665e+02 5.61743165e+02 4.29976775e+02
3.98586181e+02 3.53462374e+02 3.39382996e+02 3.15033058e+02 3.27962781e+02 3.19883443e+02 3.19559466e+02 3.15033737e+02 3.31941049e+02 3.48537443e+02 3.22722547e+02 3.26557840e+02 3.56044753e+02 4.48248895e+02 4.22034334e+02 3.13386307e+02 4.14582892e+02 3.60990228e+02 3.30924377e+02 4.47123371e+02 5.16071144e+02 5.43719108e+02 0.00000000e+00 3.73989419e+02 4.40780292e+02 3.96703341e+02 4.82385798e+02 4.34186343e+02 5.15335242e+02
3.48550336e+02 2.95682490e+02 2.85194680e+02 2.91905175e+02 2.86325126e+02 2.86606152e+02 2.83377935e+02 2.79306512e+02 2.90981961e+02 2.90830594e+02 2.86750575e+02 2.93697386e+02 2.98612107e+02 4.12560835e+02 4.09639722e+02 2.76884705e+02 4.02580382e+02 3.03785552e+02 2.97023308e+02 3.92862917e+02 5.26493326e+02 5.00363245e+02 3.73989419e+02 0.00000000e+00 3.76344909e+02 3.73982840e+02 4.15631696e+02 4.10067928e+02 5.31290811e+02
3.87585914e+02 2.77438758e+02 3.02337169e+02 3.55301404e+02 3.20705780e+02 2.99531276e+02 3.27586197e+02 2.99519481e+02 2.92179847e+02 2.70512450e+02 3.03988857e+02 3.07712700e+02 2.78802963e+02 4.45921617e+02 4.73789922e+02 3.21725917e+02 4.69298862e+02 2.84764603e+02 3.10111377e+02 4.30479610e+02 4.93733008e+02 5.26164508e+02 4.40780292e+02 3.76344909e+02 0.00000000e+00 4.00029765e+02 4.24881332e+02 4.11997281e+02 5.00788828e+02
3.97196187e+02 3.16787049e+02 3.26552800e+02 3.21718169e+02 3.28688581e+02 3.14589520e+02 3.19402158e+02 3.17305570e+02 3.33858394e+02 3.12270264e+02 3.24793548e+02 3.22620640e+02 3.19573679e+02 3.76179291e+02 3.81487821e+02 3.13724092e+02 3.73989125e+02 3.24790290e+02 3.26560520e+02 4.29277256e+02 4.40789059e+02 4.66025768e+02 3.96703341e+02 3.73982840e+02 4.00029765e+02 0.00000000e+00 4.22198050e+02 4.34816447e+02 4.44671864e+02
4.07635479e+02 3.18169472e+02 3.42382694e+02 3.70173575e+02 3.48133434e+02 3.39908205e+02 3.42734392e+02 3.38320537e+02 3.32291517e+02 3.13167402e+02 3.45968158e+02 3.47472125e+02 3.20543251e+02 3.77071861e+02 4.04326515e+02 3.37607064e+02 3.97286228e+02 3.25899241e+02 3.49464820e+02 4.37596311e+02 4.67599732e+02 4.79504665e+02 4.82385798e+02 4.15631696e+02 4.24881332e+02 4.22198050e+02 0.00000000e+00 4.64202688e+02 4.72935356e+02
3.87084933e+02 3.10699330e+02 3.09596510e+02 3.30811165e+02 3.18630189e+02 2.97548807e+02 3.21521632e+02 2.99266610e+02 2.97820119e+02 3.03947930e+02 3.06849242e+02 3.05192041e+02 3.11731527e+02 4.55253982e+02 4.48251622e+02 3.15151676e+02 4.43216900e+02 3.17112742e+02 3.07445270e+02 4.26093846e+02 4.87538617e+02 5.61743165e+02 4.34186343e+02 4.10067928e+02 4.11997281e+02 4.34816447e+02 4.64202688e+02 0.00000000e+00 4.91395643e+02
4.83934766e+02 3.94408966e+02 4.02953325e+02 3.90785777e+02 4.01655541e+02 3.81302085e+02 4.03096948e+02 3.83468057e+02 3.81513184e+02 3.88361768e+02 3.91090249e+02 3.87980676e+02 3.95140723e+02 3.57039416e+02 3.49530485e+02 3.98026908e+02 3.41340479e+02 4.00059027e+02 3.90324755e+02 3.53421183e+02 3.09694665e+02 4.29976775e+02 5.15335242e+02 5.31290811e+02 5.00788828e+02 4.44671864e+02 4.72935356e+02 4.91395643e+02 0.00000000e+00
