0.00000000e+00 3.92178398e+03 3.70747502e+03 3.87746271e+03 3.47946165e+03 3.42159062e+03 3.43428194e+03 3.39085433e+03 3.52562016e+03 3.86553683e+03 3.46992888e+03 3.51689867e+03 3.94591875e+03 5.91765787e+03 5.49148666e+03 3.35424559e+03 5.41368959e+03 3.99734805e+03 3.53878522e+03 5.61430779e+03 6.31695940e+03 6.44048310e+03 5.02407716e+03 4.50779842e+03 4.90567769e+03 5.26388273e+03 5.28728881e+03 4.87125916e+03 6.38917119e+03
3.92178398e+03 0.00000000e+00 1.39342327e+03 2.73515703e+03 1.83345040e+03 1.46570707e+03 2.00382815e+03 1.51611285e+03 1.05456798e+03 3.63732159e+02 1.51225269e+03 1.64809612e+03 5.96261199e+02 4.17059448e+03 5.22364318e+03 1.95720858e+03 5.09902753e+03 6.36804477e+02 1.69228581e+03 4.69554000e+03 5.29427474e+03 5.39685821e+03 4.62748135e+03 3.99088377e+03 3.54414772e+03 4.33574537e+03 4.21845079e+03 4.00436706e+03 5.33962475e+03
3.70747502e+03 1.39342327e+03 0.00000000e+00 2.05186361e+03 1.46318931e+03 1.02850813e+03 1.68161377e+03 1.04642746e+03 1.15392365e+03 1.25643403e+03 1.12399684e+03 1.16297030e+03 1.35400006e+03 4.68212238e+03 4.46438740e+03 1.58497680e+03 4.35304177e+03 1.47333657e+03 1.21059987e+03 4.82355100e+03 5.40940895e+03 5.35565552e+03 4.40470131e+03 3.81885596e+03 3.89909467e+03 4.46913944e+03 4.57335269e+03 3.97306552e+03 5.45351164e+03
3.87746271e+03 2.73515703e+03 2.05186361e+03 0.00000000e+00 1.45048154e+03 1.67382099e+03 1.15092689e+03 1.54325250e+03 1.89784722e+03 2.73068602e+03 1.62862799e+03 1.81881484e+03 2.85834080e+03 3.70825208e+03 2.80177819e+03 1.11217476e+03 2.46939896e+03 2.83513322e+03 1.88847905e+03 4.73224846e+03 5.24180005e+03 5.37327640e+03 4.06002187e+03 3.93475678e+03 4.70497044e+03 4.40943429e+03 5.00885083e+03 4.30422560e+03 5.28579971e+03
3.47946165e+03 1.83345040e+03 1.46318931e+03 1.45048154e+03 0.00000000e+00 7.82551097e+02 6.95727107e+02 6.59608340e+02 1.04767654e+03 1.84399583e+03 6.93527835e+02 8.83755088e+02 1.93703196e+03 4.88037714e+03 3.98068150e+03 6.15190412e+02 3.77551737e+03 1.89372949e+03 9.50252762e+02 4.68442704e+03 5.36480002e+03 5.42624686e+03 4.22559341e+03 3.82858831e+03 4.16536375e+03 4.48991757e+03 4.64676964e+03 4.09873471e+03 5.41839115e+03
3.42159062e+03 1.46570707e+03 1.02850813e+03 1.67382099e+03 7.82551097e+02 0.00000000e+00 9.37139909e+02 3.40874241e+02 6.95135890e+02 1.15689239e+03 4.20154679e+02 4.50266916e+02 1.45021332e+03 5.11547733e+03 4.11754392e+03 9.25427948e+02 4.03362719e+03 1.57903953e+03 5.45451135e+02 4.52276388e+03 5.10850749e+03 5.26164308e+03 4.15210685e+03 3.87829721e+03 3.89852631e+03 4.32393668e+03 4.57106195e+03 3.83263370e+03 5.16271353e+03
3.43428194e+03 2.00382815e+03 1.68161377e+03 1.15092689e+03 6.95727107e+02 9.37139909e+02 0.00000000e+00 8.14099501e+02 1.19529737e+03 1.99869966e+03 9.00703920e+02 1.09656016e+03 2.13260287e+03 4.61881082e+03 3.73463978e+03 3.83400853e+02 3.48643625e+03 2.08516656e+03 1.16610542e+03 4.74576688e+03 5.38380111e+03 5.53303245e+03 4.09851877e+03 3.78085997e+03 4.26907632e+03 4.34650622e+03 4.56924476e+03 4.13896959e+03 5.43691072e+03
3.39085433e+03 1.51611285e+03 1.04642746e+03 1.54325250e+03 6.59608340e+02 3.40874241e+02 8.14099501e+02 0.00000000e+00 6.44027007e+02 1.31908285e+03 1.14325927e+02 5.15833260e+02 1.47755240e+03 5.01901615e+03 4.02323720e+03 7.60112866e+02 3.91192105e+03 1.56979578e+03 5.37187144e+02 4.46088105e+03 5.15373743e+03 5.16079138e+03 4.08585042e+03 3.77446433e+03 3.90345545e+03 4.37113990e+03 4.55281117e+03 3.86413498e+03 5.20113538e+03
3.52562016e+03 1.05456798e+03 1.15392365e+03 1.89784722e+03 1.04767654e+03 6.95135890e+02 1.19529737e+03 6.44027007e+02 0.00000000e+00 8.79249074e+02 7.22332352e+02 9.82519713e+02 1.20124718e+03 4.64213961e+03 4.43143172e+03 1.15314652e+03 4.25332540e+03 1.23397518e+03 1.02367834e+03 4.40008487e+03 5.10466991e+03 5.30819407e+03 4.31302546e+03 3.92682065e+03 3.77784294e+03 4.59530909e+03 4.44479697e+03 3.82218518e+03 5.14677045e+03
3.86553683e+03 3.63732159e+02 1.25643403e+03 2.73068602e+03 1.84399583e+03 1.15689239e+03 1.99869966e+03 1.31908285e+03 8.79249074e+02 0.00000000e+00 1.39483987e+03 1.45911951e+03 4.16624445e+02 4.18515459e+03 5.08748664e+03 1.96322865e+03 5.09121325e+03 5.95872592e+02 1.49946498e+03 4.61423911e+03 5.21350464e+03 5.31876413e+03 4.56981067e+03 3.93460087e+03 3.46085722e+03 4.28145959e+03 4.15892333e+03 3.92186136e+03 5.26161059e+03
3.46992888e+03 1.51225269e+03 1.12399684e+03 1.62862799e+03 6.93527835e+02 4.20154679e+02 9.00703920e+02 1.14325927e+02 7.22332352e+02 1.39483987e+03 0.00000000e+00 5.96809264e+02 1.55425789e+03 5.09474121e+03 4.10306609e+03 8.46658865e+02 3.99577280e+03 1.64564166e+03 6.16766440e+02 4.53450710e+03 5.23002449e+03 5.23177232e+03 4.16805901e+03 3.85459630e+03 3.94457995e+03 4.44938724e+03 4.63213939e+03 3.94550340e+03 5.27803575e+03
3.51689867e+03 1.64809612e+03 1.16297030e+03 1.81881484e+03 8.83755088e+02 4.50266916e+02 1.09656016e+03 5.15833260e+02 9.82519713e+02 1.45911951e+03 5.96809264e+02 0.00000000e+00 1.28656066e+03 5.20584372e+03 4.17809182e+03 1.01295726e+03 4.13344254e+03 1.69277098e+03 6.42948571e+02 4.58848727e+03 5.18633633e+03 5.33432776e+03 4.22595224e+03 3.95894767e+03 3.99297030e+03 4.41979856e+03 4.65801568e+03 3.92079821e+03 5.23753375e+03
3.94591875e+03 5.96261199e+02 1.35400006e+03 2.85834080e+03 1.93703196e+03 1.45021332e+03 2.13260287e+03 1.47755240e+03 1.20124718e+03 4.16624445e+02 1.55425789e+03 1.28656066e+03 0.00000000e+00 4.26972318e+03 5.15908586e+03 2.04834475e+03 5.16743718e+03 7.10629867e+02 1.59733544e+03 4.69186925e+03 5.28653295e+03 5.39630489e+03 4.65281356e+03 4.02291454e+03 3.55520676e+03 4.36287105e+03 4.24111240e+03 4.00931052e+03 5.33417846e+03
5.91765787e+03 4.17059448e+03 4.68212238e+03 3.70825208e+03 4.88037714e+03 5.11547733e+03 4.61881082e+03 5.01901615e+03 4.64213961e+03 4.18515459e+03 5.09474121e+03 5.20584372e+03 4.26972318e+03 0.00000000e+00 1.42870177e+03 4.58139064e+03 1.47875247e+03 4.20671765e+03 5.23919927e+03 4.87878150e+03 4.65814588e+03 4.70425836e+03 5.93861858e+03 5.64307090e+03 5.95083894e+03 5.14013112e+03 5.02226354e+03 6.05040072e+03 4.71508082e+03
5.49148666e+03 5.22364318e+03 4.46438740e+03 2.80177819e+03 3.98068150e+03 4.11754392e+03 3.73463978e+03 4.02323720e+03 4.43143172e+03 5.08748664e+03 4.10306609e+03 4.17809182e+03 5.15908586e+03 1.42870177e+03 0.00000000e+00 3.67096474e+03 5.82600868e+02 5.26725611e+03 4.11779132e+03 4.77325244e+03 4.55178338e+03 4.67208839e+03 5.55881358e+03 5.60896702e+03 6.37400349e+03 5.23040400e+03 5.44277446e+03 5.95508731e+03 4.61251715e+03
3.35424559e+03 1.95720858e+03 1.58497680e+03 1.11217476e+03 6.15190412e+02 9.25427948e+02 3.83400853e+02 7.60112866e+02 1.15314652e+03 1.96322865e+03 8.46658865e+02 1.01295726e+03 2.04834475e+03 4.58139064e+03 3.67096474e+03 0.00000000e+00 3.45407190e+03 2.00807235e+03 1.06242043e+03 4.69956602e+03 5.33914689e+03 5.48360983e+03 4.03575764e+03 3.71259184e+03 4.20827205e+03 4.29151559e+03 4.51908347e+03 4.07289270e+03 5.39318161e+03
5.41368959e+03 5.09902753e+03 4.35304177e+03 2.46939896e+03 3.77551737e+03 4.03362719e+03 3.48643625e+03 3.91192105e+03 4.25332540e+03 5.09121325e+03 3.99577280e+03 4.13344254e+03 5.16743718e+03 1.47875247e+03 5.82600868e+02 3.45407190e+03 0.00000000e+00 5.13660713e+03 4.18745900e+03 4.67329736e+03 4.43433803e+03 4.52804378e+03 5.45016795e+03 5.50489022e+03 6.30981447e+03 5.12051492e+03 5.34784184e+03 5.88024202e+03 4.49807394e+03
3.99734805e+03 6.36804477e+02 1.47333657e+03 2.83513322e+03 1.89372949e+03 1.57903953e+03 2.08516656e+03 1.56979578e+03 1.23397518e+03 5.95872592e+02 1.64564166e+03 1.69277098e+03 7.10629867e+02 4.20671765e+03 5.26725611e+03 2.00807235e+03 5.13660713e+03 0.00000000e+00 1.58152098e+03 4.74230606e+03 5.33516592e+03 5.44345850e+03 4.70242262e+03 4.07685761e+03 3.62035131e+03 4.41765855e+03 4.29887686e+03 4.06550295e+03 5.38385620e+03
3.53878522e+03 1.69228581e+03 1.21059987e+03 1.88847905e+03 9.50252762e+02 5.45451135e+02 1.16610542e+03 5.37187144e+02 1.02367834e+03 1.49946498e+03 6.16766440e+02 6.42948571e+02 1.59733544e+03 5.23919927e+03 4.11779132e+03 1.06242043e+03 4.18745900e+03 1.58152098e+03 0.00000000e+00 4.62077725e+03 5.21265707e+03 5.37012744e+03 4.28010941e+03 3.99938530e+03 4.01953767e+03 4.46938055e+03 4.68058749e+03 3.94426493e+03 5.26364985e+03
5.61430779e+03 4.69554000e+03 4.82355100e+03 4.73224846e+03 4.68442704e+03 4.52276388e+03 4.74576688e+03 4.46088105e+03 4.40008487e+03 4.61423911e+03 4.53450710e+03 4.58848727e+03 4.69186925e+03 4.87878150e+03 4.77325244e+03 4.69956602e+03 4.67329736e+03 4.74230606e+03 4.62077725e+03 0.00000000e+00 4.51667839e+03 5.46490150e+03 5.79220621e+03 5.29023805e+03 5.59836861e+03 5.79864982e+03 5.78734262e+03 5.49356938e+03 4.54008042e+03
6.31695940e+03 5.29427474e+03 5.40940895e+03 5.24180005e+03 5.36480002e+03 5.10850749e+03 5.38380111e+03 5.15373743e+03 5.10466991e+03 5.21350464e+03 5.23002449e+03 5.18633633e+03 5.28653295e+03 4.65814588e+03 4.55178338e+03 5.33914689e+03 4.43433803e+03 5.33516592e+03 5.21265707e+03 4.51667839e+03 0.00000000e+00 5.19332451e+03 6.54333140e+03 6.92967215e+03 6.27417505e+03 5.72451453e+03 5.99027888e+03 6.14523457e+03 3.74505384e+03
6.44048310e+03 5.39685821e+03 5.35565552e+03 5.37327640e+03 5.42624686e+03 5.26164308e+03 5.53303245e+03 5.16079138e+03 5.30819407e+03 5.31876413e+03 5.23177232e+03 5.33432776e+03 5.39630489e+03 4.70425836e+03 4.67208839e+03 5.48360983e+03 4.52804378e+03 5.44345850e+03 5.37012744e+03 5.46490150e+03 5.19332451e+03 0.00000000e+00 6.75645249e+03 6.37240614e+03 6.55289184e+03 5.91664866e+03 5.99085892e+03 7.03503536e+03 5.26576559e+03
5.02407716e+03 4.62748135e+03 4.40470131e+03 4.06002187e+03 4.22559341e+03 4.15210685e+03 4.09851877e+03 4.08585042e+03 4.31302546e+03 4.56981067e+03 4.16805901e+03 4.22595224e+03 4.65281356e+03 5.93861858e+03 5.55881358e+03 4.03575764e+03 5.45016795e+03 4.70242262e+03 4.28010941e+03 5.79220621e+03 6.54333140e+03 6.75645249e+03 0.00000000e+00 4.62719762e+03 5.40836930e+03 4.99160177e+03 6.07750140e+03 5.26450182e+03 6.53845224e+03
4.50779842e+03 3.99088377e+03 3.81885596e+03 3.93475678e+03 3.82858831e+03 3.87829721e+03 3.78085997e+03 3.77446433e+03 3.92682065e+03 3.93460087e+03 3.85459630e+03 3.95894767e+03 4.02291454e+03 5.64307090e+03 5.60896702e+03 3.71259184e+03 5.50489022e+03 4.07685761e+03 3.99938530e+03 5.29023805e+03 6.92967215e+03 6.37240614e+03 4.62719762e+03 0.00000000e+00 4.69641923e+03 4.86042740e+03 5.32844311e+03 5.13428137e+03 6.97959237e+03
4.90567769e+03 3.54414772e+03 3.89909467e+03 4.70497044e+03 4.16536375e+03 3.89852631e+03 4.26907632e+03 3.90345545e+03 3.77784294e+03 3.46085722e+03 3.94457995e+03 3.99297030e+03 3.55520676e+03 5.95083894e+03 6.37400349e+03 4.20827205e+03 6.30981447e+03 3.62035131e+03 4.01953767e+03 5.59836861e+03 6.27417505e+03 6.55289184e+03 5.40836930e+03 4.69641923e+03 0.00000000e+00 5.05868824e+03 5.29199067e+03 4.98800886e+03 6.35402472e+03
5.26388273e+03 4.33574537e+03 4.46913944e+03 4.40943429e+03 4.48991757e+03 4.32393668e+03 4.34650622e+03 4.37113990e+03 4.59530909e+03 4.28145959e+03 4.44938724e+03 4.41979856e+03 4.36287105e+03 5.14013112e+03 5.23040400e+03 4.29151559e+03 5.12051492e+03 4.41765855e+03 4.46938055e+03 5.79864982e+03 5.72451453e+03 5.91664866e+03 4.99160177e+03 4.86042740e+03 5.05868824e+03 0.00000000e+00 5.44998520e+03 5.51531437e+03 5.76746989e+03
5.28728881e+03 4.21845079e+03 4.57335269e+03 5.00885083e+03 4.64676964e+03 4.57106195e+03 4.56924476e+03 4.55281117e+03 4.44479697e+03 4.15892333e+03 4.63213939e+03 4.65801568e+03 4.24111240e+03 5.02226354e+03 5.44277446e+03 4.51908347e+03 5.34784184e+03 4.29887686e+03 4.68058749e+03 5.78734262e+03 5.99027888e+03 5.99085892e+03 6.07750140e+03 5.32844311e+03 5.29199067e+03 5.44998520e+03 0.00000000e+00 5.81237879e+03 6.04611454e+03
4.87125916e+03 4.00436706e+03 3.97306552e+03 4.30422560e+03 4.09873471e+03 3.83263370e+03 4.13896959e+03 3.86413498e+03 3.82218518e+03 3.92186136e+03 3.94550340e+03 3.92079821e+03 4.00931052e+03 6.05040072e+03 5.95508731e+03 4.07289270e+03 5.88024202e+03 4.06550295e+03 3.94426493e+03 5.49356938e+03 6.14523457e+03 7.03503536e+03 5.26450182e+03 5.13428137e+03 4.98800886e+03 5.51531437e+03 5.81237879e+03 0.00000000e+00 6.18557698e+03
6.38917119e+03 5.33962475e+03 5.45351164e+03 5.28579971e+03 5.41839115e+03 5.16271353e+03 5.43691072e+03 5.20113538e+03 5.14677045e+03 5.26161059e+03 5.27803575e+03 5.23753375e+03 5.33417846e+03 4.71508082e+03 4.61251715e+03 5.39318161e+03 4.49807394e+03 5.38385620e+03 5.26364985e+03 4.54008042e+03 3.74505384e+03 5.26576559e+03 6.53845224e+03 6.97959237e+03 6.35402472e+03 5.76746989e+03 6.04611454e+03 6.18557698e+03 0.00000000e+00
