0.00000000e+00 7.37244081e-01 6.86906212e-01 7.31440895e-01 6.31729538e-01 6.37245619e-01 6.27245855e-01 6.33710551e-01 6.63375611e-01 7.35990219e-01 6.41944177e-01 6.47239516e-01 7.42011029e-01 1.13939015e+00 1.04278906e+00 6.10341683e-01 1.04056349e+00 7.47549362e-01 6.48136449e-01 9.89504915e-01 1.12027335e+00 1.12453080e+00 8.08974837e-01 7.26378636e-01 8.04735819e-01 8.99381747e-01 9.04911806e-01 7.90484450e-01 1.12839049e+00
7.37244081e-01 0.00000000e+00 3.01273491e-01 6.48102455e-01 4.18859040e-01 3.37664843e-01 4.64211543e-01 3.52980100e-01 2.44826502e-01 6.91456544e-02 3.50263009e-01 3.67391563e-01 1.08140804e-01 9.41325539e-01 1.20034750e+00 4.54625822e-01 1.18997678e+00 1.10317147e-01 3.73170467e-01 9.47473000e-01 1.06700895e+00 1.06705932e+00 8.82317395e-01 7.56613109e-01 6.26779984e-01 8.42703053e-01 8.11554080e-01 7.35446246e-01 1.07018530e+00
6.86906212e-01 3.01273491e-01 0.00000000e+00 4.74850155e-01 3.16072814e-01 2.23559761e-01 3.78572434e-01 2.32081922e-01 2.58260851e-01 2.77660569e-01 2.41636559e-01 2.44477061e-01 2.89092471e-01 1.06356148e+00 1.01263217e+00 3.58054532e-01 1.00072417e+00 3.09341690e-01 2.51899358e-01 9.84052341e-01 1.10128368e+00 1.05755400e+00 8.31684677e-01 7.17918697e-01 7.22656214e-01 8.82864823e-01 9.06501625e-01 7.32346517e-01 1.10346307e+00
7.31440895e-01 6.48102455e-01 4.74850155e-01 0.00000000e+00 3.22848267e-01 3.94133351e-01 2.54407474e-01 3.65926477e-01 4.50485338e-01 6.55005175e-01 3.76848421e-01 4.16714314e-01 6.72929771e-01 8.49716572e-01 6.23186005e-01 2.49878869e-01 5.62243264e-01 6.60943508e-01 4.28839889e-01 9.59076783e-01 1.06117363e+00 1.06445201e+00 7.39770540e-01 7.48882024e-01 9.30315593e-01 8.68209162e-01 1.01656723e+00 8.17817353e-01 1.06234198e+00
6.31729538e-01 4.18859040e-01 3.16072814e-01 3.22848267e-01 0.00000000e+00 1.66100405e-01 1.38992306e-01 1.37276058e-01 2.32447901e-01 4.24444572e-01 1.40294710e-01 1.78187126e-01 4.34859872e-01 1.11103494e+00 8.86724316e-01 1.20192414e-01 8.53279456e-01 4.19629619e-01 1.88832422e-01 9.50231775e-01 1.09318612e+00 1.07990085e+00 7.86187935e-01 7.23843073e-01 7.97807073e-01 8.92010629e-01 9.29191327e-01 7.67902402e-01 1.09825674e+00
6.37245619e-01 3.37664843e-01 2.23559761e-01 3.94133351e-01 1.66100405e-01 0.00000000e+00 2.12026575e-01 7.44646781e-02 1.65981135e-01 2.76923955e-01 8.45055472e-02 8.62137877e-02 3.30272980e-01 1.18999709e+00 9.43889920e-01 2.09775873e-01 9.36503394e-01 3.53371316e-01 1.02530936e-01 9.30343899e-01 1.04954220e+00 1.06039207e+00 7.90827841e-01 7.58583027e-01 7.48737530e-01 8.71159306e-01 9.32358499e-01 7.19940556e-01 1.05473810e+00
6.27245855e-01 4.64211543e-01 3.78572434e-01 2.54407474e-01 1.38992306e-01 2.12026575e-01 0.00000000e+00 1.83604233e-01 2.73223235e-01 4.70315424e-01 1.95124714e-01 2.38536986e-01 4.90466734e-01 1.05446226e+00 8.34660010e-01 6.81222350e-02 7.88273159e-01 4.74069639e-01 2.49609394e-01 9.71487159e-01 1.10443479e+00 1.11209762e+00 7.59450303e-01 7.17898349e-01 8.29146183e-01 8.60609338e-01 9.13333556e-01 7.84569846e-01 1.10861688e+00
6.33710551e-01 3.52980100e-01 2.32081922e-01 3.65926477e-01 1.37276058e-01 7.44646781e-02 1.83604233e-01 0.00000000e+00 1.49543988e-01 3.15088420e-01 1.68258151e-02 1.04358985e-01 3.41013396e-01 1.16928209e+00 9.23699977e-01 1.73551297e-01 9.11637611e-01 3.56572639e-01 1.06155152e-01 9.18551993e-01 1.06682078e+00 1.03880208e+00 7.77568116e-01 7.35630948e-01 7.55093179e-01 8.88538738e-01 9.32079632e-01 7.33365328e-01 1.07017035e+00
6.63375611e-01 2.44826502e-01 2.58260851e-01 4.50485338e-01 2.32447901e-01 1.65981135e-01 2.73223235e-01 1.49543988e-01 0.00000000e+00 2.12737119e-01 1.59398214e-01 2.18273195e-01 2.71430929e-01 1.07332900e+00 1.02175974e+00 2.68823120e-01 9.91942696e-01 2.71532572e-01 2.22585148e-01 8.96352172e-01 1.04754808e+00 1.06892370e+00 8.30537540e-01 7.69253967e-01 7.14467492e-01 9.41055900e-01 8.94560998e-01 7.17050267e-01 1.04909831e+00
7.35990219e-01 6.91456544e-02 2.77660569e-01 6.55005175e-01 4.24444572e-01 2.76923955e-01 4.70315424e-01 3.15088420e-01 2.12737119e-01 0.00000000e+00 3.23947108e-01 3.32697050e-01 7.49727243e-02 9.56827429e-01 1.18248440e+00 4.65837555e-01 1.19775700e+00 1.08183986e-01 3.37174344e-01 9.38023530e-01 1.05891606e+00 1.05752649e+00 8.81184385e-01 7.55324784e-01 6.16322344e-01 8.42313075e-01 8.08039422e-01 7.26420227e-01 1.06274768e+00
6.41944177e-01 3.50263009e-01 2.41636559e-01 3.76848421e-01 1.40294710e-01 8.45055472e-02 1.95124714e-01 1.68258151e-02 1.59398214e-01 3.23947108e-01 0.00000000e+00 1.14794347e-01 3.50072291e-01 1.17614111e+00 9.31909548e-01 1.85235962e-01 9.20340290e-01 3.65339591e-01 1.16252663e-01 9.25120450e-01 1.07313910e+00 1.04445206e+00 7.85875555e-01 7.43858786e-01 7.57993256e-01 8.96040390e-01 9.39970671e-01 7.41636823e-01 1.07668805e+00
6.47239516e-01 3.67391563e-01 2.44477061e-01 4.16714314e-01 1.78187126e-01 8.62137877e-02 2.38536986e-01 1.04358985e-01 2.18273195e-01 3.32697050e-01 1.14794347e-01 0.00000000e+00 2.94464429e-01 1.19653299e+00 9.43651607e-01 2.19552105e-01 9.46930735e-01 3.68732483e-01 1.14362172e-01 9.31890831e-01 1.05347399e+00 1.06304964e+00 7.94171084e-01 7.64050132e-01 7.58461752e-01 8.80225053e-01 9.39753252e-01 7.27401202e-01 1.05794222e+00
7.42011029e-01 1.08140804e-01 2.89092471e-01 6.72929771e-01 4.34859872e-01 3.30272980e-01 4.90466734e-01 3.41013396e-01 2.71430929e-01 7.49727243e-02 3.50072291e-01 2.94464429e-01 0.00000000e+00 9.61836494e-01 1.18453008e+00 4.74259004e-01 1.20124188e+00 1.23138188e-01 3.48713288e-01 9.42349338e-01 1.06144735e+00 1.06088251e+00 8.86798259e-01 7.62630690e-01 6.25657339e-01 8.47736268e-01 8.13515652e-01 7.33553596e-01 1.06516079e+00
1.13939015e+00 9.41325539e-01 1.06356148e+00 8.49716572e-01 1.11103494e+00 1.18999709e+00 1.05446226e+00 1.16928209e+00 1.07332900e+00 9.56827429e-01 1.17614111e+00 1.19653299e+00 9.61836494e-01 0.00000000e+00 3.13781261e-01 1.05026986e+00 3.24745774e-01 9.42009757e-01 1.19934558e+00 8.86993623e-01 8.04121215e-01 7.89607887e-01 1.09472680e+00 1.06321956e+00 1.12282100e+00 9.37932145e-01 9.10042714e-01 1.14075578e+00 8.07512490e-01
1.04278906e+00 1.20034750e+00 1.01263217e+00 6.23186005e-01 8.86724316e-01 9.43889920e-01 8.34660010e-01 9.23699977e-01 1.02175974e+00 1.18248440e+00 9.31909548e-01 9.43651607e-01 1.18453008e+00 3.13781261e-01 0.00000000e+00 8.23107418e-01 1.00379962e-01 1.20127634e+00 9.29468076e-01 8.73796888e-01 7.92088857e-01 7.96930488e-01 1.01116984e+00 1.06980872e+00 1.24987661e+00 9.76469406e-01 1.03518057e+00 1.13058280e+00 7.96409413e-01
6.10341683e-01 4.54625822e-01 3.58054532e-01 2.49878869e-01 1.20192414e-01 2.09775873e-01 6.81222350e-02 1.73551297e-01 2.68823120e-01 4.65837555e-01 1.85235962e-01 2.19552105e-01 4.74259004e-01 1.05026986e+00 8.23107418e-01 0.00000000e+00 7.85804777e-01 4.59473522e-01 2.27571122e-01 9.65428875e-01 1.09850535e+00 1.10611117e+00 7.47824937e-01 7.04978203e-01 8.19560251e-01 8.51523292e-01 9.07000992e-01 7.72718986e-01 1.10344418e+00
1.04056349e+00 1.18997678e+00 1.00072417e+00 5.62243264e-01 8.53279456e-01 9.36503394e-01 7.88273159e-01 9.11637611e-01 9.91942696e-01 1.19775700e+00 9.20340290e-01 9.46930735e-01 1.20124188e+00 3.24745774e-01 1.00379962e-01 7.85804777e-01 0.00000000e+00 1.18633576e+00 9.54724625e-01 8.68160035e-01 7.83457140e-01 7.79877501e-01 1.00254656e+00 1.06132279e+00 1.25001880e+00 9.67502300e-01 1.02726165e+00 1.12969047e+00 7.88212030e-01
7.47549362e-01 1.10317147e-01 3.09341690e-01 6.60943508e-01 4.19629619e-01 3.53371316e-01 4.74069639e-01 3.56572639e-01 2.71532572e-01 1.08183986e-01 3.65339591e-01 3.68732483e-01 1.23138188e-01 9.42009757e-01 1.20127634e+00 4.59473522e-01 1.18633576e+00 0.00000000e+00 3.44409989e-01 9.47251945e-01 1.06529652e+00 1.06404568e+00 8.91350974e-01 7.68470359e-01 6.34233574e-01 8.53351617e-01 8.19959157e-01 7.39937371e-01 1.06924716e+00
6.48136449e-01 3.73170467e-01 2.51899358e-01 4.28839889e-01 1.88832422e-01 1.02530936e-01 2.49609394e-01 1.06155152e-01 2.22585148e-01 3.37174344e-01 1.16252663e-01 1.14362172e-01 3.48713288e-01 1.19934558e+00 9.29468076e-01 2.27571122e-01 9.54724625e-01 3.44409989e-01 0.00000000e+00 9.35142242e-01 1.05492837e+00 1.06669283e+00 8.02720936e-01 7.69718891e-01 7.59904473e-01 8.88334311e-01 9.40290071e-01 7.28373023e-01 1.05943536e+00
9.89504915e-01 9.47473000e-01 9.84052341e-01 9.59076783e-01 9.50231775e-01 9.30343899e-01 9.71487159e-01 9.18551993e-01 8.96352172e-01 9.38023530e-01 9.25120450e-01 9.31890831e-01 9.42349338e-01 8.86993623e-01 8.73796888e-01 9.65428875e-01 8.68160035e-01 9.47251945e-01 9.35142242e-01 0.00000000e+00 7.19399939e-01 8.99392900e-01 9.89927928e-01 9.62940673e-01 9.72364204e-01 1.02777858e+00 1.01525866e+00 9.33363745e-01 7.18485654e-01
1.12027335e+00 1.06700895e+00 1.10128368e+00 1.06117363e+00 1.09318612e+00 1.04954220e+00 1.10443479e+00 1.06682078e+00 1.04754808e+00 1.05891606e+00 1.07313910e+00 1.05347399e+00 1.06144735e+00 8.04121215e-01 7.92088857e-01 1.09850535e+00 7.83457140e-01 1.06529652e+00 1.05492837e+00 7.19399939e-01 0.00000000e+00 8.08484255e-01 1.12931392e+00 1.25579795e+00 1.09164781e+00 9.78585551e-01 1.02907041e+00 1.05301172e+00 5.33567628e-01
1.12453080e+00 1.06705932e+00 1.05755400e+00 1.06445201e+00 1.07990085e+00 1.06039207e+00 1.11209762e+00 1.03880208e+00 1.06892370e+00 1.05752649e+00 1.04445206e+00 1.06304964e+00 1.06088251e+00 7.89607887e-01 7.96930488e-01 1.10611117e+00 7.79877501e-01 1.06404568e+00 1.06669283e+00 8.99392900e-01 8.08484255e-01 0.00000000e+00 1.15048258e+00 1.10257217e+00 1.12125261e+00 9.92857383e-01 1.00819417e+00 1.22711774e+00 8.14946690e-01
8.08974837e-01 8.82317395e-01 8.31684677e-01 7.39770540e-01 7.86187935e-01 7.90827841e-01 7.59450303e-01 7.77568116e-01 8.30537540e-01 8.81184385e-01 7.85875555e-01 7.94171084e-01 8.86798259e-01 1.09472680e+00 1.01116984e+00 7.47824937e-01 1.00254656e+00 8.91350974e-01 8.02720936e-01 9.89927928e-01 1.12931392e+00 1.15048258e+00 0.00000000e+00 7.34385393e-01 8.90733850e-01 8.20022045e-01 1.03672577e+00 8.38817018e-01 1.12207762e+00
7.26378636e-01 7.56613109e-01 7.17918697e-01 7.48882024e-01 7.23843073e-01 7.58583027e-01 7.17898349e-01 7.35630948e-01 7.69253967e-01 7.55324784e-01 7.43858786e-01 7.64050132e-01 7.62630690e-01 1.06321956e+00 1.06980872e+00 7.04978203e-01 1.06132279e+00 7.68470359e-01 7.69718891e-01 9.62940673e-01 1.25579795e+00 1.10257217e+00 7.34385393e-01 0.00000000e+00 7.66262531e-01 8.16905753e-01 9.03238537e-01 8.47735505e-01 1.25981632e+00
8.04735819e-01 6.26779984e-01 7.22656214e-01 9.30315593e-01 7.97807073e-01 7.48737530e-01 8.29146183e-01 7.55093179e-01 7.14467492e-01 6.16322344e-01 7.57993256e-01 7.58461752e-01 6.25657339e-01 1.12282100e+00 1.24987661e+00 8.19560251e-01 1.25001880e+00 6.34233574e-01 7.59904473e-01 9.72364204e-01 1.09164781e+00 1.12125261e+00 8.90733850e-01 7.66262531e-01 0.00000000e+00 8.45138799e-01 8.76243714e-01 7.95694459e-01 1.10180914e+00
8.99381747e-01 8.42703053e-01 8.82864823e-01 8.68209162e-01 8.92010629e-01 8.71159306e-01 8.60609338e-01 8.88538738e-01 9.41055900e-01 8.42313075e-01 8.96040390e-01 8.80225053e-01 8.47736268e-01 9.37932145e-01 9.76469406e-01 8.51523292e-01 9.67502300e-01 8.53351617e-01 8.88334311e-01 1.02777858e+00 9.78585551e-01 9.92857383e-01 8.20022045e-01 8.16905753e-01 8.45138799e-01 0.00000000e+00 9.29331585e-01 9.27300855e-01 9.80896494e-01
9.04911806e-01 8.11554080e-01 9.06501625e-01 1.01656723e+00 9.29191327e-01 9.32358499e-01 9.13333556e-01 9.32079632e-01 8.94560998e-01 8.08039422e-01 9.39970671e-01 9.39753252e-01 8.13515652e-01 9.10042714e-01 1.03518057e+00 9.07000992e-01 1.02726165e+00 8.19959157e-01 9.40290071e-01 1.01525866e+00 1.02907041e+00 1.00819417e+00 1.03672577e+00 9.03238537e-01 8.76243714e-01 9.29331585e-01 0.00000000e+00 9.94856753e-01 1.03676297e+00
7.90484450e-01 7.35446246e-01 7.32346517e-01 8.17817353e-01 7.67902402e-01 7.19940556e-01 7.84569846e-01 7.33365328e-01 7.17050267e-01 7.26420227e-01 7.41636823e-01 7.27401202e-01 7.33553596e-01 1.14075578e+00 1.13058280e+00 7.72718986e-01 1.12969047e+00 7.39937371e-01 7.28373023e-01 9.33363745e-01 1.05301172e+00 1.22711774e+00 8.38817018e-01 8.47735505e-01 7.95694459e-01 9.27300855e-01 9.94856753e-01 0.00000000e+00 1.05418851e+00
1.12839049e+00 1.07018530e+00 1.10346307e+00 1.06234198e+00 1.09825674e+00 1.05473810e+00 1.10861688e+00 1.07017035e+00 1.04909831e+00 1.06274768e+00 1.07668805e+00 1.05794222e+00 1.06516079e+00 8.07512490e-01 7.96409413e-01 1.10344418e+00 7.88212030e-01 1.06924716e+00 1.05943536e+00 7.18485654e-01 5.33567628e-01 8.14946690e-01 1.12207762e+00 1.25981632e+00 1.10180914e+00 9.80896494e-01 1.03676297e+00 1.05418851e+00 0.00000000e+00
