0.00000000e+00 5.00686619e-02 4.67633214e-02 5.02373423e-02 4.31742489e-02 4.35636469e-02 4.34311611e-02 4.32749974e-02 4.59012140e-02 5.02453095e-02 4.40542428e-02 4.41327030e-02 5.05938959e-02 7.76348080e-02 7.10162467e-02 4.17032075e-02 7.14867092e-02 5.09931339e-02 4.41497142e-02 6.67471712e-02 7.75514740e-02 7.89201371e-02 5.68591546e-02 4.99343891e-02 5.70152468e-02 6.12416172e-02 6.40507751e-02 5.58357721e-02 7.80751006e-02
5.00686619e-02 0.00000000e+00 2.09125640e-02 4.51580596e-02 2.90398854e-02 2.34998082e-02 3.27420788e-02 2.45048629e-02 1.75939185e-02 4.96038270e-03 2.44440081e-02 2.54467667e-02 7.57961793e-03 6.50443143e-02 8.28184612e-02 3.15322758e-02 8.27639902e-02 7.75357048e-03 2.58292024e-02 6.47716977e-02 7.48720597e-02 7.58630061e-02 6.27433729e-02 5.26787465e-02 4.52790421e-02 5.81586450e-02 5.83975030e-02 5.26868098e-02 7.50509864e-02
4.67633214e-02 2.09125640e-02 0.00000000e+00 3.30776169e-02 2.19899193e-02 1.56588901e-02 2.66910167e-02 1.62281371e-02 1.83465719e-02 1.93671937e-02 1.69761491e-02 1.70586995e-02 2.01098736e-02 7.34943041e-02 6.99435583e-02 2.48451001e-02 6.95144397e-02 2.15445334e-02 1.75671366e-02 6.73187521e-02 7.73446022e-02 7.51708643e-02 5.92785562e-02 5.00733548e-02 5.20020252e-02 6.09977672e-02 6.48447047e-02 5.25458215e-02 7.74148320e-02
5.02373423e-02 4.51580596e-02 3.30776169e-02 0.00000000e+00 2.26963978e-02 2.74662633e-02 1.77521288e-02 2.55251987e-02 3.13144755e-02 4.54960146e-02 2.64026555e-02 2.90939754e-02 4.67772572e-02 5.90903950e-02 4.34365365e-02 1.74885860e-02 3.91998201e-02 4.59439106e-02 2.98621259e-02 6.58943965e-02 7.50537012e-02 7.60479593e-02 5.31770030e-02 5.25889609e-02 6.67127049e-02 6.04089619e-02 7.26162045e-02 5.88644256e-02 7.50084663e-02
4.31742489e-02 2.90398854e-02 2.19899193e-02 2.26963978e-02 0.00000000e+00 1.16326616e-02 1.01232244e-02 9.60064689e-03 1.66197286e-02 2.95128678e-02 9.86133464e-03 1.24150815e-02 3.01816628e-02 7.71213684e-02 6.15633991e-02 8.42511855e-03 5.97291457e-02 2.91455645e-02 1.31246872e-02 6.52413372e-02 7.71118547e-02 7.71642401e-02 5.62582245e-02 5.06419480e-02 5.74464951e-02 6.18831660e-02 6.67383534e-02 5.51827485e-02 7.74024387e-02
4.35636469e-02 2.34998082e-02 1.56588901e-02 2.74662633e-02 1.16326616e-02 0.00000000e+00 1.50135686e-02 5.18942964e-03 1.17681902e-02 1.91355491e-02 5.90162036e-03 6.08577170e-03 2.29253164e-02 8.25212212e-02 6.55119861e-02 1.46634740e-02 6.53460977e-02 2.45323451e-02 7.20028911e-03 6.37859018e-02 7.39881910e-02 7.57134007e-02 5.65478672e-02 5.30254115e-02 5.38671089e-02 6.04290351e-02 6.68845087e-02 5.17478211e-02 7.43113283e-02
4.34311611e-02 3.27420788e-02 2.66910167e-02 1.77521288e-02 1.01232244e-02 1.50135686e-02 0.00000000e+00 1.30742707e-02 1.90756560e-02 3.29219172e-02 1.39270898e-02 1.69667957e-02 3.43803197e-02 7.35560531e-02 5.83308578e-02 5.04252167e-03 5.50145418e-02 3.32419415e-02 1.76703576e-02 6.70405487e-02 7.83700690e-02 7.96920190e-02 5.48380821e-02 5.06985473e-02 5.98468239e-02 6.02018685e-02 6.57744284e-02 5.67883907e-02 7.85901867e-02
4.32749974e-02 2.45048629e-02 1.62281371e-02 2.55251987e-02 9.60064689e-03 5.18942964e-03 1.30742707e-02 0.00000000e+00 1.06755459e-02 2.17971607e-02 1.19234146e-03 7.29096900e-03 2.36305492e-02 8.10474989e-02 6.40646491e-02 1.21347962e-02 6.36668614e-02 2.47220195e-02 7.41194992e-03 6.29328075e-02 7.51769390e-02 7.41680494e-02 5.55642543e-02 5.13899340e-02 5.43003495e-02 6.15815267e-02 6.68304813e-02 5.26456900e-02 7.53412460e-02
4.59012140e-02 1.75939185e-02 1.83465719e-02 3.13144755e-02 1.66197286e-02 1.17681902e-02 1.90756560e-02 1.06755459e-02 0.00000000e+00 1.50334401e-02 1.14079915e-02 1.55593330e-02 1.91963389e-02 7.49717490e-02 7.13822130e-02 1.89502775e-02 6.92592093e-02 1.92003880e-02 1.57813483e-02 6.19350393e-02 7.44544192e-02 7.67178083e-02 5.98642285e-02 5.42741713e-02 5.17552821e-02 6.58305757e-02 6.44705274e-02 5.20099925e-02 7.44879826e-02
5.02453095e-02 4.96038270e-03 1.93671937e-02 4.54960146e-02 2.95128678e-02 1.91355491e-02 3.29219172e-02 2.17971607e-02 1.50334401e-02 0.00000000e+00 2.25091134e-02 2.30848373e-02 5.27927731e-03 6.64019860e-02 8.19185304e-02 3.23550587e-02 8.34240077e-02 7.58717188e-03 2.33605878e-02 6.42691369e-02 7.45908096e-02 7.54191107e-02 6.28630741e-02 5.27607954e-02 4.45704093e-02 5.83967346e-02 5.83160976e-02 5.21631196e-02 7.48195792e-02
4.40542428e-02 2.44440081e-02 1.69761491e-02 2.64026555e-02 9.86133464e-03 5.90162036e-03 1.39270898e-02 1.19234146e-03 1.14079915e-02 2.25091134e-02 0.00000000e+00 8.05700526e-03 2.43719210e-02 8.19137408e-02 6.49493863e-02 1.30143266e-02 6.45417979e-02 2.54427614e-02 8.15402607e-03 6.36851446e-02 7.59556619e-02 7.48982986e-02 5.63939354e-02 5.21992912e-02 5.47513086e-02 6.23909665e-02 6.76972331e-02 5.34595291e-02 7.61412033e-02
4.41327030e-02 2.54467667e-02 1.70586995e-02 2.90939754e-02 1.24150815e-02 6.08577170e-03 1.69667957e-02 7.29096900e-03 1.55593330e-02 2.30848373e-02 8.05700526e-03 0.00000000e+00 2.03631385e-02 8.28734102e-02 6.53874387e-02 1.53060982e-02 6.61298876e-02 2.55269925e-02 7.95584070e-03 6.37826987e-02 7.41470579e-02 7.58179357e-02 5.66750713e-02 5.33071119e-02 5.45326699e-02 6.09363284e-02 6.73643355e-02 5.21728498e-02 7.44137273e-02
5.05938959e-02 7.57961793e-03 2.01098736e-02 4.67772572e-02 3.01816628e-02 2.29253164e-02 3.43803197e-02 2.36305492e-02 1.91963389e-02 5.27927731e-03 2.43719210e-02 2.03631385e-02 0.00000000e+00 6.66977834e-02 8.20112323e-02 3.28808550e-02 8.36768488e-02 8.54702491e-03 2.40881888e-02 6.45060117e-02 7.47061353e-02 7.55955442e-02 6.31982003e-02 5.32017519e-02 4.52041428e-02 5.87095054e-02 5.86527062e-02 5.26008307e-02 7.49284175e-02
7.76348080e-02 6.50443143e-02 7.34943041e-02 5.90903950e-02 7.71213684e-02 8.25212212e-02 7.35560531e-02 8.10474989e-02 7.49717490e-02 6.64019860e-02 8.19137408e-02 8.28734102e-02 6.66977834e-02 0.00000000e+00 2.16434207e-02 7.27649587e-02 2.27883153e-02 6.53418418e-02 8.29266698e-02 6.07576760e-02 5.67203426e-02 5.63245161e-02 7.78605720e-02 7.41447242e-02 8.01559543e-02 6.47985074e-02 6.51456862e-02 8.14055513e-02 5.67923165e-02
7.10162467e-02 8.28184612e-02 6.99435583e-02 4.34365365e-02 6.15633991e-02 6.55119861e-02 5.83308578e-02 6.40646491e-02 7.13822130e-02 8.19185304e-02 6.49493863e-02 6.53874387e-02 8.20112323e-02 2.16434207e-02 0.00000000e+00 5.70575665e-02 7.31980775e-03 8.31888145e-02 6.43222373e-02 5.98035131e-02 5.58383993e-02 5.68733743e-02 7.19406358e-02 7.45493544e-02 8.90108411e-02 6.74008367e-02 7.37525202e-02 8.06340747e-02 5.59671162e-02
4.17032075e-02 3.15322758e-02 2.48451001e-02 1.74885860e-02 8.42511855e-03 1.46634740e-02 5.04252167e-03 1.21347962e-02 1.89502775e-02 3.23550587e-02 1.30143266e-02 1.53060982e-02 3.28808550e-02 7.27649587e-02 5.70575665e-02 0.00000000e+00 5.47674130e-02 3.18659912e-02 1.57980189e-02 6.61939943e-02 7.73847416e-02 7.88303771e-02 5.35191241e-02 4.93010329e-02 5.88325597e-02 5.90296926e-02 6.49904993e-02 5.54886236e-02 7.76620764e-02
7.14867092e-02 8.27639902e-02 6.95144397e-02 3.91998201e-02 5.97291457e-02 6.53460977e-02 5.50145418e-02 6.36668614e-02 6.92592093e-02 8.34240077e-02 6.45417979e-02 6.61298876e-02 8.36768488e-02 2.27883153e-02 7.31980775e-03 5.47674130e-02 0.00000000e+00 8.26345033e-02 6.65216498e-02 5.99870002e-02 5.57550240e-02 5.59777032e-02 7.19374734e-02 7.45443151e-02 8.94702052e-02 6.73775150e-02 7.33967965e-02 8.12024178e-02 5.59366401e-02
5.09931339e-02 7.75357048e-03 2.15445334e-02 4.59439106e-02 2.91455645e-02 2.45323451e-02 3.32419415e-02 2.47220195e-02 1.92003880e-02 7.58717188e-03 2.54427614e-02 2.55269925e-02 8.54702491e-03 6.53418418e-02 8.31888145e-02 3.18659912e-02 8.26345033e-02 0.00000000e+00 2.37860539e-02 6.48691959e-02 7.50013392e-02 7.58312353e-02 6.35450822e-02 5.36365049e-02 4.58297108e-02 5.91245989e-02 5.90908905e-02 5.30855351e-02 7.52423359e-02
4.41497142e-02 2.58292024e-02 1.75671366e-02 2.98621259e-02 1.31246872e-02 7.20028911e-03 1.76703576e-02 7.41194992e-03 1.57813483e-02 2.33605878e-02 8.15402607e-03 7.95584070e-03 2.40881888e-02 8.29266698e-02 6.43222373e-02 1.57980189e-02 6.65216498e-02 2.37860539e-02 0.00000000e+00 6.39227255e-02 7.41596748e-02 7.59404230e-02 5.72160257e-02 5.36205432e-02 5.45297699e-02 6.14317268e-02 6.72631385e-02 5.21771914e-02 7.44322570e-02
6.67471712e-02 6.47716977e-02 6.73187521e-02 6.58943965e-02 6.52413372e-02 6.37859018e-02 6.70405487e-02 6.29328075e-02 6.19350393e-02 6.42691369e-02 6.36851446e-02 6.37826987e-02 6.45060117e-02 6.07576760e-02 5.98035131e-02 6.61939943e-02 5.99870002e-02 6.48691959e-02 6.39227255e-02 0.00000000e+00 5.02638050e-02 6.35612454e-02 6.97121332e-02 6.63163434e-02 6.87978726e-02 7.02714058e-02 7.17131065e-02 6.60177373e-02 5.01341018e-02
7.75514740e-02 7.48720597e-02 7.73446022e-02 7.50537012e-02 7.71118547e-02 7.39881910e-02 7.83700690e-02 7.51769390e-02 7.44544192e-02 7.45908096e-02 7.59556619e-02 7.41470579e-02 7.47061353e-02 5.67203426e-02 5.58383993e-02 7.73847416e-02 5.57550240e-02 7.50013392e-02 7.41596748e-02 5.02638050e-02 0.00000000e+00 5.86824478e-02 8.14938744e-02 8.86733428e-02 7.90175598e-02 6.87621595e-02 7.42502802e-02 7.63200858e-02 3.84343263e-02
7.89201371e-02 7.58630061e-02 7.51708643e-02 7.60479593e-02 7.71642401e-02 7.57134007e-02 7.96920190e-02 7.41680494e-02 7.67178083e-02 7.54191107e-02 7.48982986e-02 7.58179357e-02 7.55955442e-02 5.63245161e-02 5.68733743e-02 7.88303771e-02 5.59777032e-02 7.58312353e-02 7.59404230e-02 6.35612454e-02 5.86824478e-02 0.00000000e+00 8.40674567e-02 7.90448029e-02 8.20911678e-02 7.06675711e-02 7.38126675e-02 8.93847913e-02 5.90941948e-02
5.68591546e-02 6.27433729e-02 5.92785562e-02 5.31770030e-02 5.62582245e-02 5.65478672e-02 5.48380821e-02 5.55642543e-02 5.98642285e-02 6.28630741e-02 5.63939354e-02 5.66750713e-02 6.31982003e-02 7.78605720e-02 7.19406358e-02 5.35191241e-02 7.19374734e-02 6.35450822e-02 5.72160257e-02 6.97121332e-02 8.14938744e-02 8.40674567e-02 0.00000000e+00 5.27898403e-02 6.54071583e-02 5.83960901e-02 7.56190463e-02 6.16784287e-02 8.05775193e-02
4.99343891e-02 5.26787465e-02 5.00733548e-02 5.25889609e-02 5.06419480e-02 5.30254115e-02 5.06985473e-02 5.13899340e-02 5.42741713e-02 5.27607954e-02 5.21992912e-02 5.33071119e-02 5.32017519e-02 7.41447242e-02 7.45493544e-02 4.93010329e-02 7.45443151e-02 5.36365049e-02 5.36205432e-02 6.63163434e-02 8.86733428e-02 7.90448029e-02 5.27898403e-02 0.00000000e+00 5.53488999e-02 5.69233216e-02 6.50471323e-02 6.10324687e-02 8.90115876e-02
5.70152468e-02 4.52790421e-02 5.20020252e-02 6.67127049e-02 5.74464951e-02 5.38671089e-02 5.98468239e-02 5.43003495e-02 5.17552821e-02 4.45704093e-02 5.47513086e-02 5.45326699e-02 4.52041428e-02 8.01559543e-02 8.90108411e-02 5.88325597e-02 8.94702052e-02 4.58297108e-02 5.45297699e-02 6.87978726e-02 7.90175598e-02 8.20911678e-02 6.54071583e-02 5.53488999e-02 0.00000000e+00 6.06560644e-02 6.45411667e-02 5.89474949e-02 7.98162710e-02
6.12416172e-02 5.81586450e-02 6.09977672e-02 6.04089619e-02 6.18831660e-02 6.04290351e-02 6.02018685e-02 6.15815267e-02 6.58305757e-02 5.83967346e-02 6.23909665e-02 6.09363284e-02 5.87095054e-02 6.47985074e-02 6.74008367e-02 5.90296926e-02 6.73775150e-02 5.91245989e-02 6.14317268e-02 7.02714058e-02 6.87621595e-02 7.06675711e-02 5.83960901e-02 5.69233216e-02 6.06560644e-02 0.00000000e+00 6.65562906e-02 6.62453884e-02 6.88408005e-02
6.40507751e-02 5.83975030e-02 6.48447047e-02 7.26162045e-02 6.67383534e-02 6.68845087e-02 6.57744284e-02 6.68304813e-02 6.44705274e-02 5.83160976e-02 6.76972331e-02 6.73643355e-02 5.86527062e-02 6.51456862e-02 7.37525202e-02 6.49904993e-02 7.33967965e-02 5.90908905e-02 6.72631385e-02 7.17131065e-02 7.42502802e-02 7.38126675e-02 7.56190463e-02 6.50471323e-02 6.45411667e-02 6.65562906e-02 0.00000000e+00 7.33597723e-02 7.50274425e-02
5.58357721e-02 5.26868098e-02 5.25458215e-02 5.88644256e-02 5.51827485e-02 5.17478211e-02 5.67883907e-02 5.26456900e-02 5.20099925e-02 5.21631196e-02 5.34595291e-02 5.21728498e-02 5.26008307e-02 8.14055513e-02 8.06340747e-02 5.54886236e-02 8.12024178e-02 5.30855351e-02 5.21771914e-02 6.60177373e-02 7.63200858e-02 8.93847913e-02 6.16784287e-02 6.10324687e-02 5.89474949e-02 6.62453884e-02 7.33597723e-02 0.00000000e+00 7.63309162e-02
7.80751006e-02 7.50509864e-02 7.74148320e-02 7.50084663e-02 7.74024387e-02 7.43113283e-02 7.85901867e-02 7.53412460e-02 7.44879826e-02 7.48195792e-02 7.61412033e-02 7.44137273e-02 7.49284175e-02 5.67923165e-02 5.59671162e-02 7.76620764e-02 5.59366401e-02 7.52423359e-02 7.44322570e-02 5.01341018e-02 3.84343263e-02 5.90941948e-02 8.05775193e-02 8.90115876e-02 7.98162710e-02 6.88408005e-02 7.50274425e-02 7.63309162e-02 0.00000000e+00
